mCurrentIter=100
mCounterStuck=0
mYPrev=-35.35838099
mParameters.n_iterations=100
mParameters.n_inner_iterations=1000
mParameters.n_init_samples=100
mParameters.n_iter_relearn=1
mParameters.init_method=1
mParameters.surr_name=sGaussianProcessML
mParameters.sigma_s=1
mParameters.noise=1
mParameters.alpha=1
mParameters.beta=1
mParameters.sc_type=SC_MTL
mParameters.l_type=L_EMPIRICAL
mParameters.l_all=0
mParameters.epsilon=0
mParameters.force_jump=20
mParameters.kernel.name=kMaternARD5
mParameters.kernel.hp_mean=[1](1)
mParameters.kernel.hp_std=[1](10)
mParameters.mean.name=mConst
mParameters.mean.coef_mean=[1](1)
mParameters.mean.coef_std=[1](1000)
mParameters.crit_name=cEI
mParameters.crit_params=[0]()
mY=[200](775.5283438,-7.768778096,28.87788537,2190.110716,-31.5076472,-25.6249005,-45.03847071,-17.23253841,17.71742731,93.06063026,67.06227958,62.88195607,143.4387987,-35.58077934,-32.09042675,-42.0269186,50.22895989,-42.47890046,318.4560098,-26.72859698,-38.4875364,30.17973729,427.9743722,136.9505746,-14.91853336,43.13217139,-43.13111919,-34.42382181,-51.91689236,18.70641549,-1.841248311,-0.8230393148,-14.60795352,42.94479867,11.08543242,-47.3330693,44.43922492,-45.69670245,-27.38098291,-1.502714326,3.538044082,-30.07899902,-13.37886303,16.849661,-39.44897979,-8.77106484,17.16277161,-22.34413761,23.52434462,47.81877832,24.32290875,-47.8042886,-20.12636648,49.2618211,-30.09303745,-27.42207378,-1.009120459,-2.70069345,2.457290741,6.242185572,3.120423465,31.81061955,-14.55590293,-41.56033117,32.22501037,-29.85255072,-50.84822363,9.806374035,186.5003244,-38.79141658,-53.08324775,44.52556414,2.719167844,-50.760844,-22.88114471,-9.836606158,28.03365945,7.113784308,7.349891568,45.40568949,2.718576758,-41.47465416,227.2124383,-43.64963112,-31.4150191,10.88156206,6.713522544,76.01064592,22.89803135,2.24321736,-25.54312035,3.019327894,17.03762087,1.346512812,-11.45813752,38.85718632,-6.018811805,-35.36541511,66.91362192,-3.94129112,-53.84060848,-50.37568776,-54.39084834,-46.64319645,-12.5746248,-48.63610798,-51.76381468,-52.02114049,-43.98263315,-52.07806193,-40.84431223,-49.30689526,-53.13159059,-26.74525594,-46.60463451,-52.96369303,-36.30506302,-49.83737647,-44.65343622,-50.27527667,-51.85927296,-52.92307977,-46.12065753,-43.38739692,-44.181673,-1.688277496,-50.73889594,-41.17345545,-50.35042434,-52.98804337,-46.8320176,-33.16266897,-46.63943156,-52.36548837,-44.84166592,-40.16253832,-34.00750666,-30.00628476,-50.11957731,-52.64350508,-45.10456809,-44.28401715,-44.77989958,-46.2229559,-53.48034195,-50.28016521,-52.76322457,-51.1695146,-42.92831285,-44.97029358,-40.18529973,-49.18983212,-44.79426331,-53.64301043,-52.47850002,-49.86605951,-42.65015589,-31.75179008,-53.3450171,-50.35950552,-40.85029691,-54.05918512,-44.84285366,-41.76554899,-21.47932729,-52.53214127,-46.51203569,-51.82068834,-44.56661425,-40.37355711,-53.24279124,-26.76366553,-45.15267708,-48.7929329,-37.7209892,-49.54434435,-53.49992284,-50.97043258,-29.51692555,-36.20595549,-52.2049139,-46.39430189,-43.01550164,-51.4340016,-42.1547869,-52.52585067,-48.4546716,-53.47328709,-52.37386612,-43.86896916,-47.49849855,-44.17989355,-40.15513022,-44.56453742,-49.70679159,-36.52503036,-53.83989217,-52.28799398,-49.5741705,-35.35838099)
mX=[200,3](0.8374729671,0.1677028788,0.1466625625,0.4511289605,0.09017635172,0.7005048724,0.1543561156,0.04105332247,0.9469041211,0.7904782948,0.1762905394,0.03971449225,0.049333053,0.3288657233,0.6493843037,0.1424410728,0.08844344519,0.556903518,0.9078958882,0.5597914058,0.1578283056,0.6079215547,0.6948408564,0.5410584805,0.6242111101,0.9195402093,0.1749897241,0.6784986386,0.8921840101,0.004498180039,0.9224409137,0.9829749407,0.9727318774,0.4600972303,0.05738279572,0.445863526,0.2309485651,0.01168782332,0.4176597127,0.3128656644,0.3648718639,0.2589554524,0.2253659011,0.6800871021,0.09975294251,0.8753486997,0.4152177979,0.3050969377,0.06777294299,0.9597599915,0.7988779934,0.5257504751,0.3849746325,0.2627018287,0.9914479393,0.1416623175,0.2909922033,0.003496667354,0.7019872376,0.07988128578,0.02987992042,0.6354043211,0.04584680484,0.2421209381,0.5984456992,0.9124731552,0.4888974971,0.3151686665,0.02284676499,0.6167499258,0.1393631671,0.2866539517,0.2622622888,0.07066729512,0.6395774858,0.4338408488,0.9782142779,0.6996482752,0.3434391643,0.498244169,0.5033549335,0.5970736227,0.2962252032,0.3163940022,0.1207395086,0.4468804518,0.3930881227,0.9765701495,0.5623588845,0.8747949067,0.9363958668,0.003178645065,0.6802151224,0.631426139,0.8435824492,0.133418387,0.8491364144,0.2331149271,0.6184398345,0.1643894004,0.6647748279,0.9555002418,0.5055534942,0.7674883834,0.7125553454,0.6482954356,0.4573853713,0.4829992117,0.2763824325,0.8806267852,0.849786685,0.6918532801,0.5029260938,0.467096955,0.3766854201,0.5333575721,0.6094148017,0.09878503609,0.8136529052,0.425225608,0.07374755044,0.4345522848,0.08761636465,0.7739463849,0.5451788005,0.5824166738,0.7193691166,0.753088816,0.4597666382,0.7629344723,0.3090207325,0.8855337793,0.03306001576,0.5193995939,0.1249994,0.2998627685,0.8066947179,0.2305772424,0.5872239772,0.9232351616,0.2271163323,0.8156086249,0.3504518838,0.6544773315,0.7513702703,0.9497036932,0.1014097281,0.4797258982,0.7471613214,0.9660265328,0.8560139278,0.9305157523,0.5254294105,0.8615238139,0.5214007917,0.3540214188,0.4168335582,0.6424587071,0.5792077002,0.8896736993,0.7776172209,0.9815137122,0.427458221,0.6235838915,0.4900140284,0.3926133289,0.2037736281,0.6609725148,0.9157976046,0.2490519005,0.7664360094,0.05657329194,0.2102939119,0.8091846091,0.1938542495,0.7238393106,0.6739042948,0.2843014854,0.67773089,0.74105158,0.9676627124,0.866966111,0.190025291,0.9567987159,0.7972387392,0.8655520798,0.3262906797,0.7382530028,0.472016001,0.0196311752,0.5865737905,0.1622756409,0.7312057688,0.7152893968,0.9018462443,0.9854396057,0.6053867399,0.5145323617,0.7274739065,0.3987854587,0.4088477307,0.8913111759,0.02195375599,0.5904708382,0.7428017593,0.1107083252,0.3302367156,0.4028613604,0.4740758969,0.05855390922,0.1343067503,0.4288965025,0.3638986537,0.1174799033,0.9657921411,0.7222953238,0.103353294,0.1882435157,0.8376368447,0.7839782445,0.4614293852,0.3271029783,0.8298677763,0.343288674,0.2741423264,0.5405191171,0.2533622094,0.7548161893,0.4453931278,0.4890999597,0.9336253604,0.1876958512,0.8576637106,0.4336269677,0.3870887024,0.333822302,0.8526661583,0.8019278164,0.8794075894,0.8932597275,0.9468971477,0.575591373,0.7829405916,0.08245625769,0.6173420869,0.2070036932,0.6645237805,0.03291894938,0.3777689009,0.2035292839,0.3771746118,0.5637439396,0.7070317424,0.4070504208,0.6234795812,0.2521380438,0.9002402562,0.1171140462,0.5352490119,0.1255895107,0.8243690482,0.6599425982,0.2607136314,0.1876864769,0.3601465341,0.7873401836,0.7770470375,0.5690439349,0.2274519565,0.8136001156,0.3084302068,0.1574917606,0.3895448475,0.359959771,0.8373019528,0.01925571074,0.685549428,0.2733555688,0.2413033176,0.3346002992,0.06657482872,0.5303432806,0.5114645424,0.19812076,0.340069769,0.5523120187,0.2897737818,0.9973371119,0.1792154385,0.8250075756,0.06076204147,0.2109271824,0.6596911066,0.2129191275,0.4903690709,0.9941109719,0.9250726327,0.5754429734,0.1093149757,0.7373442218,9.807738475e-05,0.3081509787,0.435327476,0.5783088059,0.312515729,0.4352576092,0.0009922565818,0.3469855731,0.3925704119,9.700952264e-05,0.500078449,0.2652454145,0.999978004,0.313818768,0.4454633847,9.690276189e-05,0.4928223005,0.2693261161,9.693029425e-05,0.3733339884,0.3646987108,9.700240966e-05,0.2571635215,0.4920189507,0.9999780877,0.5372320904,0.2520593417,9.697106727e-05,0.3736790892,0.3650859343,9.704915535e-05,0.5884729098,0.3395320348,9.691436036e-05,0.4459101,0.3067722054,9.690583827e-05,0.2683167736,0.4776782282,0.9999780067,0.377196085,0.3809606431,9.689658673e-05,0.5167353752,0.2206110503,9.691606668e-05,0.3305707312,0.3952607731,0.9999780391,0.6381856139,0.306543767,9.704800297e-05,0.2379139561,0.5191303298,0.99997782,0.5149909583,0.2368072858,9.691631371e-05,0.4217974797,0.3283982793,9.692766466e-05,0.3708066859,0.4757635627,0.0001447296221,0.319513933,0.3956100866,9.692231329e-05,0.5297469035,0.3826703708,0.9999781567,0.5995899947,0.1439431977,9.80600579e-05,0.5294293818,0.2069601387,0.9999779957,0.2582469251,0.4994478473,9.686667594e-05,0.3898017445,0.3471803813,0.9999780747,0.4614257027,0.3222367792,9.690181162e-05,0.4092168279,0.471281885,9.56057645e-05,0.3289032025,0.384119444,9.719153706e-05,0.4566348256,0.2861497738,9.704284911e-05,0.6542548646,0.3247665952,9.67955057e-05,0.5085009604,0.4132463834,9.682928961e-05,0.3693134138,0.3596868138,7.392814397e-05,0.5621214167,0.1571394719,0.9999780418,0.5684368939,0.3750723334,0.9999790583,0.6709738941,0.199580037,0.9999780891,0.3928175576,0.3705318476,9.688066915e-05,0.3448554154,0.5061037539,4.472609227e-05,0.2818139909,0.4139407022,9.695867224e-05,0.5496806224,0.2659919062,0.9999834304,0.5284370883,0.2093243177,9.67431335e-05,0.4383970549,0.513071211,0.0001015872622,0.2143656366,0.5505550603,9.835668637e-05,0.2908223952,0.4190710678,9.080161346e-05,0.4236879938,0.3171564755,9.686813509e-05,0.3457454613,0.3715747633,9.668164429e-05,0.4369822304,0.4168058754,0.9999770236,0.5947230234,0.09249746889,9.700537033e-05,0.481618315,0.2388468581,9.698695034e-05,0.5665074651,0.435504924,0.0001050821948,0.3173592527,0.5240570378,9.707236575e-05,0.5752179103,0.1243299625,9.761893626e-05,0.3701769185,0.4377734677,0.0002519185917,0.3249817091,0.3802358889,9.693340611e-05,0.4903553518,0.3437600737,0.9999779826,0.580594896,0.2525477012,0.9999781702,0.4119836015,0.4911695767,9.733746657e-05,0.2613458205,0.4453826947,9.698488247e-05,0.3833755484,0.3384551375,0.9999780029,0.4757001697,0.2706665799,0,0.2871149779,0.4263202057,9.824528943e-05,0.5433991193,0.181915262,0.9999779979,0.5012568388,0.4031009915,0.0001125394154,0.4619101613,0.6707391767,9.019605331e-05,0.4064629498,0.4216789933,9.676714319e-05,0.2900265966,0.5538008283,9.685211136e-05,0.3382079471,0.3703332761,9.763054141e-05,0.5541951626,0.3002879156,9.68275502e-05,0.500036259,0.5058447695,9.670028286e-05,0.3399224127,0.4664919866,0.9999699982,0.7066889618,0.3114441966,0.9999781314,0.5562027741,0.1640594975,9.040686224e-05,0.4139112735,0.3188694604,9.674875819e-05,0.6342005073,0.1782411776,9.016117136e-05,0.214191417,0.5069633058,9.697400651e-05,0.2738004373,0.4321025969,9.686493119e-05,0.4617463076,0.3868190405,0.8841344485,0.3382401407,0.3792002659,0.9999780153,0.6073978786,0.398782128,9.651657651e-05,0.3344441623,0.4831622803,9.701479465e-05,0.4637277625,0.2540240943,9.696232213e-05,0.4175616481,0.5424728706,9.688035827e-05,0.3587544885,0.3516995909,9.68581714e-05,0.1959363718,0.5773201746,9.691961947e-05,0.2557213905,0.4515254112,9.695149934e-05,0.5047530338,0.3391094926,0.0001437021436,0.394975747,0.4274375337,0.0003977814143,0.2900560861,0.4043946173,9.706292136e-05,0.5812955014,0.2516201278,9.685747334e-05,0.3020629311,0.5453889676,0.9999781224,0.5290656145,0.3042995064,9.701914936e-05,0.5749282748,0.09234416372,9.700518839e-05,0.510120435,0.1909427435,9.952912527e-05,0.4653676392,0.4270060915,0.9999783635,0.6562380672,0.1433542009,9.683829064e-05,0.3365348069,0.4445069761,9.694242493e-05,0.2415722927,0.4672079636,9.682110751e-05,0.3951895077,0.3293312803,9.698348674e-05,0.6125191194,0.4112598931)
