mCurrentIter=100
mCounterStuck=0
mYPrev=-40.93560232
mParameters.n_iterations=100
mParameters.n_inner_iterations=1000
mParameters.n_init_samples=100
mParameters.n_iter_relearn=1
mParameters.init_method=1
mParameters.surr_name=sGaussianProcessML
mParameters.sigma_s=1
mParameters.noise=1
mParameters.alpha=1
mParameters.beta=1
mParameters.sc_type=SC_MTL
mParameters.l_type=L_EMPIRICAL
mParameters.l_all=0
mParameters.epsilon=0
mParameters.force_jump=20
mParameters.kernel.name=kMaternARD5
mParameters.kernel.hp_mean=[1](1)
mParameters.kernel.hp_std=[1](10)
mParameters.mean.name=mConst
mParameters.mean.coef_mean=[1](1)
mParameters.mean.coef_std=[1](1000)
mParameters.crit_name=cEI
mParameters.crit_params=[0]()
mY=[200](-10.79448504,2945.002857,-7.272336059,-23.44810092,-5.387437679,678.8090524,-55.46441225,185.739587,-0.4748519164,-19.48373033,-29.49069959,-8.232712698,10.95564755,29.13745931,3.480396937,-50.23078121,-48.48904155,-11.4875565,-34.42130524,-43.71328658,8.127965338,-52.3766374,-36.07785873,2874.103367,-10.24270655,-7.719713741,-2.838244003,-30.36727974,-47.98362241,-30.77690971,-30.92796733,2.41139286,-55.60651508,1109.473567,-22.65361381,-47.09830039,2122.753291,-43.31946186,-46.50275145,42.27953509,6.935909161,27.68257852,6.038463795,798.8863259,5.991542228,-10.58892541,-41.82975844,-23.12881739,-26.08401499,4.56850054,-28.14590025,-0.2938267697,-38.93570906,28.66861839,-41.75734473,-36.45337489,81.53669061,-32.54219075,115.1657773,1137.279616,-12.55857754,-7.620275851,590.8079034,4.540114977,-22.82499574,-18.82799937,-36.26662593,1418.949236,-5.489825358,1365.895587,-2.901121926,9.413843755,6.72670833,25.24567154,-14.89758659,373.8101266,-42.25503078,-34.2767227,-37.2528135,-5.648247283,35.10649636,9.581618699,-52.45020183,-18.91832684,23.36260347,-35.4028542,-37.98468431,23.83771897,-44.87419472,-36.39587027,37.90871487,23.88408755,-24.54972864,19.37938664,4.166520795,8.929498249,-20.1417911,-29.61711363,-29.2548737,51.77885672,-53.14452119,-54.67989851,-54.71153949,-52.55065475,-54.19484004,-51.87115316,-50.92199971,-50.17760003,-54.33967677,-52.52240043,-53.31278388,-53.35873721,-48.7438946,-54.01359007,-48.21676628,-53.15934557,-52.42491372,-52.58358399,-51.42032427,-54.34756506,-41.97058784,-53.88537008,-52.63692099,-48.10124745,-27.38749759,-54.16469952,-48.76104078,-51.98012835,-55.16442595,-43.72062198,-50.00769017,-53.10528797,-52.7105786,-49.99956618,-47.09284199,-54.72865887,-49.36778213,-50.28321804,-54.80747661,-56.48162032,-35.8140111,-49.11929675,-53.97654731,-51.62659199,-43.24926612,-49.50332727,-54.50454647,-53.98704091,-55.66717911,-47.45962395,-50.09126705,-44.68432134,-53.76946977,-51.31103869,-54.54044285,-48.48737195,-55.90057273,-49.34412548,-55.26422002,-48.07397226,-54.45215889,-51.61764246,-53.03278437,-21.08043694,-54.73928641,-49.83171516,-53.30033222,-45.12426235,-53.00250811,-53.09659417,-27.60175428,-54.01935249,-46.68054975,-48.91776103,-52.59117857,-56.36743368,-53.28085087,-43.68180772,-41.12760893,-56.80688414,-53.22198701,-55.4125012,-48.60564848,-51.00386244,-45.21837607,-54.65655078,-54.79450859,-54.53969933,-46.6092447,-48.90597816,-51.95472196,-44.65101053,-54.19346982,-53.92729774,-38.63569547,-55.54295729,-49.81528828,-48.69153651,-57.5338544,-40.93560232)
mX=[200,3](0.950429887,0.3761609331,0.8040306473,0.1252063434,0.01937010081,0.08253017482,0.7601071645,0.2905791263,0.8360406184,0.9898173662,0.3837878561,0.4247201563,0.6820929025,0.1574159875,0.5689030564,0.6075977317,0.004238720052,0.3115833855,0.0250360052,0.4437712193,0.4613283468,0.4877917774,0.246235843,0.1976550725,0.4672911823,0.9322925536,0.288494324,0.06214895794,0.43456465,0.7776020825,0.7526700611,0.7922819086,0.1765122861,0.2870298817,0.3036118367,0.3019119017,0.08946967938,0.9247843565,0.6153183136,0.3451269577,0.9980548816,0.7227530734,0.56267826,0.8226257516,0.7470021444,0.8222369108,0.6340370202,0.3458081135,0.5062899519,0.6602885669,0.328881054,0.6418501838,0.8410243915,0.5327140227,0.05402170278,0.546448383,0.6480917243,0.7051900572,0.3635411576,0.4077503432,0.8043019248,0.486734112,0.9217854576,0.6782770058,0.6068307069,0.3890501252,0.4926224711,0.4942372885,0.6715315996,0.8134657339,0.1398835728,0.01683873784,0.5316168188,0.08379887659,0.7859327932,0.6579315158,0.4575529197,0.8440098261,0.1750439399,0.0498666145,0.8609576495,0.03728755889,0.282388572,0.731495201,0.1843182552,0.5130100805,0.09448913197,0.3036923959,0.7793328821,0.06797041136,0.1674615391,0.4121415778,0.7180213122,0.7361961431,0.9429777904,0.2399252284,0.1408772624,0.4633251044,0.3508379877,0.2327024034,0.03054507566,0.2243519272,0.242836775,0.8149881435,0.07108226647,0.2784817243,0.5984567352,0.4868543494,0.4512411224,0.06620055466,0.1349406821,0.9987820249,0.5734793518,0.5179220961,0.2212723936,0.6589564265,0.3704961349,0.6308896296,0.9057518199,0.977495818,0.9068433083,0.2374370631,0.50423763,0.7896050573,0.8863719125,0.8982456726,0.544881576,0.05271091924,0.6001707708,0.7925200363,0.0744098707,0.2637633253,0.7493793832,0.09127696289,0.9101010235,0.7781682703,0.2544981484,0.4719548699,0.6156083785,0.7173195203,0.3301973279,0.9232004092,0.3328426253,0.4976634459,0.04271517854,0.1089751072,0.5266989094,0.395079737,0.1676499489,0.4190618312,0.6901959373,0.8004280535,0.2054790596,0.6603777461,0.689270735,0.8264142886,0.4140754469,0.424089773,0.6623409411,0.2661323639,0.8765538809,0.883081447,0.01183277305,0.2102149712,0.6384634736,0.3859077986,0.5264019689,0.6507108634,0.5216912814,0.1298989789,0.3929946453,0.2560288046,0.7686596719,0.2134280287,0.5815696017,0.3102046436,0.169500656,0.1117913252,0.1785073351,0.1201299965,0.4752473285,0.6424645863,0.7624987045,0.7298362404,0.8923307695,0.2459857207,0.1064730322,0.3488806096,0.04154478005,0.8817846716,0.2222224159,0.9020103676,0.3682990512,0.6168087752,0.7037087502,0.7134693158,0.8369129773,0.1133213666,0.09930644386,0.2715398751,0.693753486,0.9731198853,0.1488859695,0.1553018964,0.6231424899,0.3515491262,0.8588303844,0.8903632709,0.2692224609,0.05007284228,0.07479885134,0.8602625389,0.5801248988,0.8382766158,0.9721414193,0.2596650295,0.4344759947,0.959320485,0.1499201635,0.334186785,0.5846332875,0.9888765093,0.8639146883,0.1939744832,0.6812636989,0.9399456893,0.1828532531,0.2728898659,0.4467017726,0.7001244854,0.020957233,0.8423742151,0.7278110316,0.4519240745,0.3736493046,0.7477074079,0.1890999908,0.8772411971,0.8555836313,0.5942326456,0.852532364,0.9688122501,0.8743021594,0.573394555,0.3268742013,0.940558022,0.1536649538,0.5553067124,0.4346425918,0.219763651,0.5334614439,0.7579210261,0.5961635512,0.5055997923,0.9980625574,0.3297349998,0.4749224075,0.1082140961,0.2070032506,0.3958680182,0.2951964976,0.9187501941,0.1100943395,0.5563059956,0.400454694,0.6769849386,0.3636017747,0.9691285885,0.62567703,0.5703022997,0.4261947384,0.02429318219,0.5419802275,0.5545040875,0.91588555,0.8185804605,0.5138415771,0.6959121375,0.626987604,0.0003906414937,0.5621436691,0.9525751366,0.2960822542,0.7597501808,0.7941589566,0.1942807,0.4061824818,0.9325544534,0.9463855085,0.7320363766,0.005918976488,0.1386025968,0.7855887532,0.03940281631,0.3144461878,0.2066624824,0.4473666089,0.3557315412,0.9875659545,0.9646560117,0.153507951,0.5597728042,0.2353750105,0.2488934383,0.5541871199,0.242129857,0.3438623094,0.5142321398,0.2812462423,0.004841815651,0.616048279,0.1901186784,9.064138551e-05,0.4790843148,0.3224445545,0.9601441267,0.6047103151,0.2103092772,0.886440992,0.4926975744,0.315404767,9.701112068e-05,0.6252146752,0.1840897912,9.687396306e-05,0.4183926723,0.3915344899,0,0.5178942886,0.2826972272,9.692556014e-05,0.3563019594,0.5155777824,0.8561398663,0.6312617631,0.185343947,0.9227982031,0.4833451611,0.330429219,9.766821903e-05,0.4166677667,0.3910777443,0.03024533381,0.6530251284,0.1540577977,0.0307298708,0.5558258522,0.2617500231,9.687285076e-05,0.341832385,0.539023764,9.692815301e-05,0.466799863,0.3328870033,0.9999845767,0.5715059877,0.2460870049,9.716170891e-05,0.3758342122,0.4337124623,0.9999779852,0.4678298807,0.3653330992,0.03275138635,0.5200090213,0.2843811518,9.705317343e-05,0.4540536098,0.5231614076,0.0001048626354,0.6439900731,0.1664347836,0.99997812,0.3795698751,0.5857404811,9.700276289e-05,0.4100190087,0.3870213146,0.9999703013,0.6578500136,0.169950444,9.962618077e-05,0.5770395481,0.2241885145,0.7608545962,0.5202499651,0.2752637125,0.9999779699,0.4838304526,0.4307147115,9.403426283e-05,0.2921680111,0.5557898341,9.221948799e-05,0.4731396542,0.321681562,9.681962029e-05,0.3482766825,0.4485145631,9.669457335e-05,0.5268680822,0.5063411153,9.710855873e-05,0.6597958553,0.1506471817,0.5518145593,0.4449395764,0.3452079234,0.999968154,0.643629268,0.205727557,9.50423332e-05,0.6238006457,0.254104484,9.691865157e-05,0.5247576573,0.380539265,0.524632828,0.5373552553,0.2482024675,9.698004421e-05,0.6677079079,0.519192806,0.0001077681442,0.2974958162,0.5767162107,9.689482654e-05,0.3615385998,0.4342403229,0.0139445547,0.5569542155,0.2260004967,0.9516884984,0.4649035371,0.5160045272,0.8770562949,0.6716802063,0.1435445465,0.5189943501,0.4362805307,0.3491242437,0.861955469,0.5405551443,0.2784387226,9.702868495e-05,0.5088449696,0.4081797419,9.727638822e-05,0.6676460821,0.1411784173,9.687703154e-05,0.4286507617,0.5588770892,9.727135454e-05,0.6770170822,0.2562518719,9.567378494e-05,0.3368578126,0.4640125857,9.72215085e-05,0.4867018537,0.2890056001,0.473047853,0.41473104,0.3782247818,0.9999771422,0.6506071187,0.2486023322,0.5408542621,0.5508773126,0.2328530748,0.9999779702,0.5414712844,0.3960913294,9.696900065e-05,0.4744611368,0.4645131658,0.0001149609985,0.2788232934,0.5791836938,0.2852445679,0.5794140731,0.1957580691,9.715674341e-05,0.425539156,0.3582797456,9.688571615e-05,0.5616889345,0.33530838,0.9999791285,0.3254841405,0.6409834965,0.5543831735,0.4979084086,0.2786594817,0.7342989565,0.6721696942,0.1413364573,9.700058954e-05,0.3325794016,0.4709997374,9.77549784e-05,0.5457313093,0.5488031439,0.2144254768,0.5997403769,0.1881752343,0.5709477169,0.4114092543,0.3847750638,9.757229838e-05,0.7693379744,0.3976194467,9.704368886e-05,0.5540263578,0.3663192862,9.70355308e-05,0.6861992652,0.1385831106,9.691347446e-05,0.4100808447,0.5766641624,0.2873312373,0.5030026479,0.2670486478,0.557625695,0.4454230167,0.4633077819,9.708823249e-05,0.3882129418,0.4000125508,0.9999778043,0.6906205282,0.2577242715,9.699013815e-05,0.6403535389,0.4847939388,0.6993402362,0.5492596664,0.3260633676,0.4154480596,0.4568069856,0.3126663684,9.698616655e-05,0.4838342312,0.4369086348,0.0001142680111,0.6391141868,0.2575620931,0.0001017646263,0.2884683504,0.5160802032,0.9999780135,0.6048092661,0.4537975919,0.5933869368,0.4198935838,0.481521505,0.4896321815,0.5879146967,0.1980461517,0.4701602224,0.4418539709,0.3461613424,0.904380879,0.6885602472,0.1401595672,9.701928989e-05,0.480898242,0.5531626303,9.702150571e-05,0.5288646057,0.2426934809,9.691863194e-05,0.3424902,0.6247318707,9.700288526e-05,0.3559665895,0.4427635182,9.7230802e-05,0.5413014365,0.4004479047,0.9999827782,0.5109298347,0.5680659132,0.7292800811,0.576962001,0.2984089011,9.729065507e-05,0.4607619829,0.3107357897,9.73463994e-05,0.6465155436,0.1399256679,0.5493412303,0.4889586938,0.422561956,9.703988425e-05,0.7065567864,0.237469734)
