mCurrentIter=100
mCounterStuck=0
mYPrev=-52.1288329
mParameters.n_iterations=100
mParameters.n_inner_iterations=1000
mParameters.n_init_samples=100
mParameters.n_iter_relearn=1
mParameters.init_method=1
mParameters.surr_name=sGaussianProcessML
mParameters.sigma_s=1
mParameters.noise=1
mParameters.alpha=1
mParameters.beta=1
mParameters.sc_type=SC_MTL
mParameters.l_type=L_EMPIRICAL
mParameters.l_all=0
mParameters.epsilon=0
mParameters.force_jump=20
mParameters.kernel.name=kMaternARD5
mParameters.kernel.hp_mean=[1](1)
mParameters.kernel.hp_std=[1](10)
mParameters.mean.name=mConst
mParameters.mean.coef_mean=[1](1)
mParameters.mean.coef_std=[1](1000)
mParameters.crit_name=cEI
mParameters.crit_params=[0]()
mY=[200](-5.184583299,1.99572575,-52.54443923,32.17165743,191.5781882,-51.4878077,-52.7860854,-40.14416118,784.2218361,388.6893656,-12.32850994,-39.88174546,119.1902885,-51.81526876,-47.70131685,-34.91500355,-22.17883113,2.870369195,27.37635723,2120.773928,7.071558287,12.07626854,2.841941808,-31.5592838,15.06781179,4.876708244,8.382409428,-34.8501077,-21.43599618,1356.707806,-4.567957927,3114.295974,-55.57323526,-24.20059115,-32.61746306,-53.02604799,-7.94543146,235.0294809,33.93811574,21.71681045,13.8108465,2422.286744,-8.377791572,-49.39508571,-40.55696742,749.3216852,-40.26541081,73.13576838,-22.99094982,112.1675265,851.888692,-49.9714718,3.298908419,-34.23115813,-5.618797175,-18.09435278,-34.80567209,-34.07583603,21.06023316,-12.38754571,673.5890656,16.37858609,-51.87860187,-11.29848652,-13.98460096,-18.34054597,-20.66251331,-10.96085026,16.12212964,393.6167081,1.099462772,-24.41170255,0.2012425072,21.51761417,-39.43551148,-34.83150491,-31.16682798,-25.59974219,-34.72914502,-9.168520472,29.32921861,-45.28114052,-0.9895360863,2511.855464,15.09818717,-15.50921226,11.47639114,-21.96434821,6.107042573,11.04185715,10.77648617,-21.3793757,-17.97671567,-44.04719195,-23.13403387,2484.548148,-33.25609796,12.00882322,-46.09822317,18.03995605,-52.8780832,-46.36697638,-49.96278148,-48.15812927,-40.87255332,-50.13060247,-47.94466853,-49.38928888,-47.83815939,-31.75838796,-41.99855953,-45.31698297,-52.47344424,-45.6711873,-50.83361923,-51.19320827,-46.46276988,-48.52753912,-46.28044231,-41.68331684,-40.11644592,-52.44424559,-4.480131068,-47.80626946,-44.17871631,-36.89481452,-39.56913408,-50.81021181,-52.16080606,-31.3877111,-52.38108748,-42.93414435,-51.78639468,-47.56688134,-41.08576871,-51.70830067,-45.44292159,-50.96242478,-44.05581679,-49.16546259,-36.00545111,-32.52043815,-53.09597588,-32.98559544,-41.48219064,-52.78678095,-44.1653683,-51.35859479,-52.96898215,-36.92021848,-55.80232594,-51.11136559,-50.11143461,-50.31446059,-45.95078651,-19.28447757,-53.73856413,-52.63305674,-51.88765497,-54.35885977,-40.00877204,-33.12654323,-47.95493912,-44.07237978,-49.41704796,-47.09086246,-49.85698618,-31.87659675,-54.3829199,-52.19375161,-44.08501313,-35.49744845,-54.7050739,-37.42484802,-52.93176685,-48.65783007,-51.34943455,-54.3360173,-41.72175194,-53.16912134,-50.65281154,-55.5948168,-36.26591303,-26.35121782,-51.22893778,-43.04282377,-46.40588509,-48.31761839,-48.49115407,-53.15037187,-55.57136072,-50.64305366,-41.5798709,-52.97578231,-47.87078223,-56.41286042,-18.4115535,-34.67373205,-49.49889226,-52.1288329)
mX=[200,3](0.7481844491,0.2513231341,0.8217322757,0.6348106482,0.8139864269,0.7603911421,0.004162192743,0.4590552728,0.470604367,0.8778004711,0.9798230439,0.8497718282,0.1026788174,0.3207956798,0.1610475951,0.3758799577,0.5131630229,0.240298375,0.3431585051,0.5483262171,0.2120838007,0.09836077851,0.7078920981,0.06212865006,0.1497288094,0.3134762097,0.0856006081,0.9085257779,0.1279197448,0.3439095148,0.1584677633,0.8662772769,0.3695446651,0.1655532761,0.3489481152,0.6496949901,0.5967382628,0.09304647136,0.4568803336,0.2802125465,0.5639159867,0.1365021649,0.3529134691,0.5524068951,0.5340037261,0.8162415545,0.3812491288,0.5115211613,0.6743073798,0.4233501428,0.1961244405,0.4017457982,0.9503994954,0.3376964696,0.3628522011,0.6661997158,0.9892967219,0.6652205829,0.1373675797,0.0919856958,0.5394244622,0.6174585433,0.8985612696,0.2469628242,0.6251115188,0.9144378577,0.9437793217,0.07829539873,0.6980602103,0.9317186616,0.7845119411,0.2071283352,0.5263238413,0.8086671955,0.8617372466,0.07090062337,0.006328293851,0.6880397522,0.1230860116,0.8776828282,0.7211603224,0.03267434028,0.7220684491,0.04177822184,0.5865633571,0.5386124888,0.7547163049,0.8622166548,0.03358862479,0.2524467234,0.8051270599,0.2990134861,0.8321950373,0.7760742716,0.1948367674,0.0004834749945,0.579614209,0.4817447789,0.3740184824,0.840002494,0.7701019981,0.5460128272,0.7929028155,0.4961067542,0.6696427042,0.5025745074,0.507578774,0.4979789186,0.491367805,0.9021143257,0.3116312188,0.7612292298,0.08378583034,0.4184633195,0.110517224,0.9831403484,0.8177725069,0.02799016453,0.6777012028,0.9434766322,0.3020953318,0.7529190257,0.8749469701,0.7543864983,0.1841778311,0.02183971599,0.7873769688,0.2054215288,0.7058850866,0.08027320277,0.4170154885,0.5508682616,0.4529246764,0.4430667682,0.2627647623,0.4838589268,0.06949334398,0.272911975,0.8297034091,0.6019903447,0.5622013274,0.9713675191,0.3699482143,0.1851702462,0.5562778646,0.7134252901,0.6396373668,0.7304463975,0.1566410208,0.4257025866,0.8943478024,0.3568655666,0.03014595652,0.06697425008,0.4091308415,0.3882508675,0.6867300842,0.9460970564,0.07761975076,0.1909792001,0.2224169285,0.6760691422,0.2031167833,0.885462645,0.4859659272,0.01864209276,0.8515815753,0.2961094612,0.8527713781,0.3952480779,0.5271297055,0.6238769302,0.6520288102,0.5993711596,0.5431127969,0.1742272958,0.9939361115,0.8353750655,0.5247284139,0.7993856491,0.2280644186,0.02756517447,0.3084768508,0.6453163301,0.4653064707,0.9710425515,0.1362084079,0.588232204,0.3942305915,0.7299431979,0.3748567787,0.2809829837,0.4265913052,0.8424265274,0.5060641919,0.0514493306,0.5768183084,0.7451176446,0.2902734652,0.1421144335,0.5792338523,0.7172189314,0.2668331751,0.7827323291,0.6584375136,0.1607557321,0.9631240024,0.604212782,0.2842743402,0.1275455571,0.3920380462,0.9223804669,0.01363944399,0.477845511,0.2337371153,0.7183034538,0.9621981042,0.2190471368,0.6566275381,0.4405663526,0.793354878,0.9079976083,0.4199675691,0.3011198913,0.4330770996,0.437912582,0.2472714315,0.6233302714,0.3824806277,0.7470428084,0.4600693347,0.5125701499,0.8230298469,0.1571951599,0.2651119136,0.6466543216,0.5833484205,0.2363664993,0.8908468216,0.05471129597,0.04881239942,0.9137329495,0.8588978486,0.8826388946,0.4736093694,0.4057123718,0.6902790384,0.9317232378,0.3269797234,0.1779944962,0.05192913234,0.1126217242,0.9948898551,0.1002937036,0.9539795958,0.5689384187,0.4300196988,0.8063016715,0.3341786601,0.5997613253,0.9206790417,0.6157392653,0.8327809094,0.230478589,0.9537631524,0.9659560157,0.2225001576,0.2516136337,0.9980452715,0.1472354597,0.2114579449,0.6823780468,0.8862374305,0.3216325833,0.27441989,0.7767278541,0.9117657553,0.6310016033,0.7376077877,0.4618095437,0.693463723,0.3521689581,0.7034177219,0.7368642767,0.6183740819,0.9871179468,0.1157644533,0.10888931,0.9200171522,0.7658585989,0.1764822383,0.2775472188,0.01173524222,0.9338939365,0.1823041157,0.3348443512,0.4485191156,0.3198596005,0.04769840952,0.6010854628,9.449621235e-05,0.5251042941,0.2987396059,0.9999933251,0.5593707021,0.2937026669,8.934069628e-05,0.4906298366,0.3146449523,0.0001072587076,0.6441177526,0.2430952435,0.9999841713,0.5054734624,0.3196541647,9.786659463e-05,0.4757896781,0.3249935313,0.0001047005338,0.6506037609,0.235903777,9.669416314e-05,0.483256334,0.3147942654,0.9999792258,0.6187629994,0.2569420705,0.9999779777,0.4679103582,0.3556081827,9.050924256e-05,0.6966099403,0.2170757429,0.999978033,0.6387276244,0.3818316516,0.1046260357,0.5203362101,0.3068099573,0.0001044850949,0.3149848492,0.546868345,0.000104864877,0.4358689895,0.3913143459,9.842687262e-05,0.5534062664,0.2551765013,9.686433607e-05,0.6347809872,0.4153258209,0.9999833992,0.628696058,0.2204957905,0.9577395633,0.5153679012,0.2896756995,9.701553231e-05,0.4478599525,0.618419341,9.70704414e-05,0.7170526815,0.2974278943,0.000108808628,0.4358950965,0.402526817,0.9999694903,0.3254715316,0.5585740937,9.844374361e-05,0.5233196902,0.2660919488,0.9999780055,0.5522928152,0.4357547996,0.9999780414,0.727482096,0.3352945306,9.68700544e-05,0.7226547001,0.1799153351,0.492546646,0.4679745133,0.3256789722,9.674944697e-05,0.5422661662,0.4397294077,0.9452051204,0.4252810718,0.4226752388,0.0001057890675,0.5837276308,0.2779214579,9.694232047e-05,0.5163890988,0.5849631831,9.693228485e-05,0.3988505817,0.4733472657,9.477966541e-05,0.4728248713,0.305879628,9.675249688e-05,0.6612638208,0.4642925065,0.8964134548,0.5655970735,0.2543246815,0.9999779779,0.6683878043,0.1887452757,9.708920456e-05,0.6043289466,0.3205339752,9.849443811e-05,0.2875072751,0.5586891236,9.727830975e-05,0.453110747,0.3493395625,9.078991229e-05,0.4022534336,0.6749674959,0.9999781255,0.4825546345,0.5675581695,0.6809403845,0.5171486207,0.2772238341,9.676063555e-05,0.7666453869,0.1835667453,0.999978278,0.647936913,0.4427568766,9.687011163e-05,0.500295674,0.4505129537,0.9999779924,0.6828525927,0.2878002603,9.686113723e-05,0.3916377443,0.4902843231,0.593998058,0.5083798658,0.2816514111,9.723329472e-05,0.7277582316,0.3544834705,0.5384433927,0.5684989365,0.3464662623,9.699312687e-05,0.6022600294,0.2105852124,9.700336712e-05,0.5135302334,0.2602599164,0.6440059594,0.4517504979,0.3564282139,9.677102514e-05,0.5797618531,0.5122058873,0.9999780359,0.3928707991,0.6484102101,0.409084362,0.6206007151,0.2090665933,9.699161911e-05,0.5437478345,0.3771973611,9.699459425e-05,0.4206113487,0.4597529511,0.768386659,0.5935307893,0.3114333752,0.9999779662,0.5072491921,0.4621802054,9.687417174e-05,0.5764643289,0.6379976823,9.723568304e-05,0.4654397606,0.3128847154,0.0001015146104,0.2777517547,0.5644431949,9.707325601e-05,0.6290431376,0.2932066247,9.904796339e-05,0.6647529743,0.1804344849,9.693315284e-05,0.4408366235,0.5363175369,0.9999780453,0.7576433487,0.3700901098,0.6439730222,0.5248813986,0.2632168223,0.000110577978,0.4324971361,0.387539166,0.9999778217,0.6923269611,0.1851953779,9.697281661e-05,0.7487626972,0.2539351132,0.6476161841,0.4875844642,0.3014564202,9.848196785e-05,0.6794694669,0.4941778118,9.69836065e-05,0.5327495678,0.4040844108,9.687219945e-05,0.3536460714,0.5348270316,0.0001214999741,0.5533237858,0.2404235108,0.6017869659,0.6096422253,0.2978996963,0.9999780443,0.6129322032,0.4809067414,0.6137787681,0.4726950975,0.322037231,9.695194885e-05,0.4909199779,0.5092006656,0.5377572826,0.5692191576,0.3580432247,0.8661982379,0.4136045431,0.4392202101,9.758164562e-05,0.802024393,0.1504493541,0.3320748641,0.587409308,0.2164359752,9.618774293e-05,0.3515731464,0.6170584134,0.0001023528575,0.4915542676,0.2761049668,9.727846482e-05,0.6367995949,0.338619447,0.8092805215,0.6792699254,0.2601756063,9.716141515e-05,0.4907364018,0.4177495507,0.6964180529,0.5498059584,0.2532940777,9.696701888e-05,0.3863679041,0.4649018806,9.675191219e-05,0.5066758295,0.6071313142,0.5125540451,0.481882711,0.3053497803,9.696717353e-05,0.5791494059,0.4757504545,0.5739918454,0.5464572152,0.3583318378,8.902618901e-05,0.1378115639,0.7815319607,0.9999840793,0.5460278296,0.583382012,9.776127255e-05,0.443776302,0.3526670127,0.5820237967,0.6266226821,0.3072170872)
