mCurrentIter=100
mCounterStuck=0
mYPrev=-59.85134549
mParameters.n_iterations=100
mParameters.n_inner_iterations=1000
mParameters.n_init_samples=100
mParameters.n_iter_relearn=1
mParameters.init_method=1
mParameters.surr_name=sGaussianProcessML
mParameters.sigma_s=1
mParameters.noise=1
mParameters.alpha=1
mParameters.beta=1
mParameters.sc_type=SC_MTL
mParameters.l_type=L_EMPIRICAL
mParameters.l_all=0
mParameters.epsilon=0
mParameters.force_jump=20
mParameters.kernel.name=kMaternARD5
mParameters.kernel.hp_mean=[1](1)
mParameters.kernel.hp_std=[1](10)
mParameters.mean.name=mConst
mParameters.mean.coef_mean=[1](1)
mParameters.mean.coef_std=[1](1000)
mParameters.crit_name=cEI
mParameters.crit_params=[0]()
mY=[200](-42.64009181,115.5487453,8.479735914,1621.441263,1165.787216,-46.16834393,1.206046263,-4.107702632,690.6133303,2.492323573,-41.45235918,-9.155595984,1092.199439,-31.37181983,-46.25057164,13.88124498,14.83460044,-34.62830006,-61.63032105,64.65375055,-20.44828124,-8.423053969,-53.41624046,-48.85112703,-49.61531827,-36.27833543,-13.30387198,-53.63304956,2526.708102,-31.37544132,-59.70623645,-10.11624322,16.7641811,14.91481149,781.179874,12.55114117,-28.75713492,13.45113698,-55.61373185,-34.979782,27.86977398,103.6906128,-18.94417698,224.4900963,-0.551123964,-6.141826791,-13.68389312,-53.2447382,-51.44184189,-5.855096562,-31.40234244,-15.22728794,-35.06080897,9.343577075,-57.27575391,-56.20882198,-36.2141936,13.02911684,298.8094564,-37.6745437,-2.073800866,2358.720012,-10.45112553,-24.48576897,-14.20022868,-17.69670099,-60.61026894,34.15048013,-9.667860527,6.717803731,3013.879282,-31.52600777,14.47342377,-14.0512135,-14.9306625,18.99578281,2.221888023,7.58617674,-22.93854344,-15.76108636,28.93005273,-2.800927565,2.652523971,-34.30656259,-12.64704203,-47.43823935,-22.63491712,139.647687,-32.06565338,2404.945042,16.46782013,-22.44074013,59.60779867,-44.00556476,4.343309001,-11.57745965,-51.77439375,-18.81363614,13.5810982,-55.96322078,-57.46999784,-58.05046065,-57.37588662,-46.95333422,-57.63186114,-29.00674544,-54.33090527,-57.85495145,-56.55872605,-58.98748049,-50.2277898,-50.59429399,-60.86682632,-15.34187101,-47.95434591,-55.32401899,-59.39305218,-58.16183486,-53.95349963,-61.61228034,-47.30988527,-55.33971802,-39.92118914,-55.68726709,-48.77005481,-63.31430739,-56.9636425,-51.08437288,-57.61415181,-40.36259214,9.013400452,-54.41886935,-56.6683961,-52.68679612,-46.13836907,-62.07683499,-54.17093751,-48.3128178,-56.372802,-59.06375411,-48.82473132,-42.87689127,-54.70190809,-54.6669712,-55.61052649,-43.52536502,-58.40337135,-61.86913327,-35.58775968,-50.12636556,-38.74770106,-63.62339054,-61.65913665,-44.11335538,-55.90726952,-53.95654657,-49.83074529,-50.67003489,-56.53486247,-51.01657121,-59.63525316,-53.30310569,-62.46466343,-51.44921061,-55.75134006,-56.33257174,-44.38799257,-55.15238629,-31.17249325,-62.13288219,-47.29150987,-56.75174721,-56.72165122,-54.92850847,-56.48747411,-61.56302111,-54.2814467,-62.64816748,-20.0192627,-46.76772414,-59.97058758,-55.97306701,-45.21177654,-53.68537351,-41.45767612,-63.04297528,-58.6254457,-58.65299188,-49.89132102,-52.96112757,-61.05666781,-57.44156648,-35.74953908,-54.42393085,-60.83151369,-54.55692718,-59.41725151,-57.76978447,-58.60205917,-59.85134549)
mX=[200,3](0.1712713502,0.7083401068,0.350370981,0.722327327,0.03149307835,0.4872693421,0.03685952571,0.8585201814,0.766252359,0.09713423575,0.1010485104,0.1123366197,0.06734844713,0.2409917612,0.02559856433,0.3416377318,0.6353425064,0.5082087175,0.2590124907,0.9453164501,0.2793704687,0.6469128952,0.5770178253,0.8649054078,0.5943294645,0.1356401594,0.1858411063,0.5001846968,0.8633196906,0.7168804849,0.7400392914,0.6867576897,0.4905994145,0.01113176274,0.1705543686,0.8839084479,0.6122461814,0.4874165256,0.0005528901378,0.9635323405,0.7988248741,0.1984320044,0.5261911332,0.4929062934,0.6280106104,0.841473257,0.599642811,0.9554873431,0.8359272483,0.09444672114,0.9720665948,0.2607932099,0.1596442941,0.4753501003,0.1455480385,0.3056866422,0.4695584126,0.4054226549,0.212509925,0.2830016678,0.9507492829,0.3129995667,0.6610571004,0.6660897394,0.4063448531,0.1760558931,0.8833259816,0.6141675506,0.3436240224,0.3789049182,0.512887904,0.1433885518,0.5668972157,0.4456800096,0.2604061968,0.9418097516,0.4100071522,0.453273825,0.8166410446,0.7706450709,0.7002074132,0.1186967291,0.5655680316,0.09515006283,0.05378002542,0.1126158479,0.01848721169,0.0705837639,0.7859092118,0.128833554,0.1965141191,0.537705165,0.314165978,0.6772114238,0.182454334,0.8101162621,0.2003032865,0.06171674195,0.9887770934,0.1872114949,0.9096871332,0.7584399329,0.6030146044,0.2721852475,0.04472901074,0.4434557219,0.9384283859,0.6944272774,0.8669357616,0.7160270495,0.6106373826,0.4756030552,0.8975080892,0.7763718594,0.8758935503,0.584350243,0.1560852872,0.04693897237,0.3591630711,0.734848947,0.3682384074,0.8183663604,0.9462646443,0.2328309821,0.1227526159,0.3200297379,0.3121348784,0.8040312977,0.5526847452,0.6929493594,0.3949435457,0.06327303038,0.5196116763,0.2054707885,0.8977478697,0.2886279149,0.04282864084,0.6566281906,0.8903585456,0.2375137792,0.6499407415,0.4818547686,0.652413739,0.1655986797,0.5585805704,0.3436064495,0.5852806929,0.6504397405,0.9268004106,0.05352268062,0.001443078134,0.7257507204,0.532048106,0.5451788264,0.8232946493,0.5751886256,0.1678826515,0.7531727951,0.3789030141,0.938254423,0.5598836574,0.9343876879,0.704697471,0.6277188219,0.2290015912,0.7591281496,0.4524061239,0.4318204634,0.9286544163,0.4224838189,0.6057496855,0.4243183174,0.9977444631,0.4081083868,0.6805381271,0.384589679,0.03810889493,0.4609911407,0.6077154748,0.6371787366,0.4905106466,0.002147207891,0.857190512,0.3085786817,0.0891428847,0.08168884537,0.7665427228,0.643823458,0.8080247337,0.9702361986,0.6633046861,0.6878143115,0.3932071994,0.6915249252,0.747430419,0.7717172029,0.5281129679,0.7936127661,0.2725783362,0.4390261557,0.5219934294,0.9089760258,0.3647136144,0.2302476244,0.7146480014,0.2217026725,0.8200562018,0.3534320208,0.9664393649,0.4280253388,0.1008326321,0.01013217291,0.07287376265,0.4168317395,0.7457903975,0.5152011184,0.1208971124,0.2810865004,0.9908839069,0.3347851002,0.464929172,0.8337297194,0.2110585041,0.1688686386,0.8429554694,0.08691858308,0.7301215252,0.9246531093,0.2277760919,0.8736634301,0.6759687521,0.9163992233,0.9706579413,0.1099617724,0.8082536337,0.8307443396,0.3649099176,0.5336540177,0.2681432528,0.3384891937,0.02130604693,0.9169156517,0.8720635536,0.3241934695,0.328705354,0.9050783585,0.6242258343,0.9570085569,0.2585959077,0.5710297172,0.767371621,0.3831581757,0.7945593128,0.8844845187,0.2971058663,0.8589871497,0.5010818793,0.5610039035,0.2991063179,0.8422104106,0.2193492148,0.3809812155,0.1954108251,0.245598782,0.7308085415,0.298931694,0.4448710141,0.9864290072,0.07044434991,0.132735484,0.4596844542,0.9877267502,0.5936710583,0.134243565,0.0583809315,0.7208583039,0.7830447722,0.3321024047,0.2093520689,0.9973406688,0.673220942,0.3992372115,0.4382762855,0.5436715286,0.9151642465,0.631844836,0.1417916004,0.7810464396,0.1550288042,0.2598314867,0.4183189228,0.8266153623,0.3710649785,0.3001549619,0.2416247068,0.02141166251,0.9653108776,0.5888508886,0.479520637,0.5425506832,9.059867097e-05,0.4484954555,0.3321989959,9.710534782e-05,0.4147025801,0.3526557841,0.3411523958,0.5455637349,0.266377613,0.9999846084,0.5124647433,0.2883139763,8.978105621e-05,0.372457476,0.3780942093,0.9999778789,0.4378836654,0.340783319,0.0001079901163,0.6026594289,0.2537113069,9.70878778e-05,0.3533931021,0.3913004948,9.805890057e-05,0.5429629935,0.2600293168,9.703149551e-05,0.5313506182,0.411756094,9.709959745e-05,0.6740720732,0.2507048211,0.999973783,0.5616089208,0.2608488584,9.69509854e-05,0.2876600542,0.5298157753,0.918950224,0.3511723541,0.3888257052,0.9999780687,0.6701210187,0.2556294138,9.841877668e-05,0.4927021367,0.2779724512,9.676298333e-05,0.3420685778,0.4093969445,9.686042397e-05,0.5280721695,0.4561044041,0.0001168032866,0.5161454278,0.2664194001,0,0.3419429142,0.5190895126,9.703643014e-05,0.6882128668,0.2480373422,9.680761514e-05,0.422166479,0.3317898038,8.983367785e-05,0.483228106,0.6700137074,9.687169671e-05,0.2470725045,0.5875998364,0.9999849837,0.534924724,0.2594033577,9.695318621e-05,0.397390257,0.4767411434,9.683526727e-05,0.5737055217,0.371997639,9.715631506e-05,0.547423008,0.5409569504,0.000103611832,0.3121953952,0.4206654824,0.9999851159,0.4771058077,0.3229451053,0.9999779936,0.2827587628,0.499972831,9.724229947e-05,0.4019067934,0.3420887841,9.852967338e-05,0.57875445,0.2401709481,9.601881725e-05,0.381137351,0.6122991935,0.9999779933,0.6948374733,0.2562256681,9.674002091e-05,0.4541322044,0.4592159638,0.0001019928187,0.5606032971,0.2369247907,0.9999778818,0.5642828117,0.4468199799,0.0001021866759,0.4641417579,0.3088136133,9.022678209e-05,0.4275830741,0.5316355244,9.699247317e-05,0.6838017382,0.2237918992,9.685924185e-05,0.577913222,0.5949658694,9.697042577e-05,0.6043668802,0.3570992785,9.104236578e-05,0.5670152534,0.4696599446,9.704996083e-05,0.3481335023,0.377759691,9.708823445e-05,0.2680301338,0.689271285,9.64524517e-05,0.3848382349,0.5552816133,9.762740842e-05,0.4436177221,0.4280376563,9.69467282e-05,0.4549886187,0.7084788133,0.9999794622,0.5528212797,0.2365594954,9.698069029e-05,0.7400470961,0.2676555162,0.0001480692677,0.3724704077,0.471053868,9.706365311e-05,0.4973855769,0.3765836195,0.999977986,0.567204193,0.5133591802,9.626462016e-05,0.4876842905,0.5344060938,9.777180775e-05,0.3678106858,0.3568741314,0.9966329258,0.5527326821,0.2392248649,9.71425851e-05,0.6282223972,0.4286388045,9.6563498e-05,0.2601000804,0.5730410018,0.9429827203,0.5353865617,0.3665587639,3.585210097e-05,0.2937367696,0.4518275685,9.588881287e-05,0.3825532803,0.6032905296,5.420227494e-06,0.4260534921,0.4601200595,0.9999699049,0.6338146732,0.2378486442,0.1546021982,0.5158074347,0.2473604086,0.5473654362,0.4785304709,0.2795156889,0.7168672958,0.3879181679,0.3597011981,0.0001002365231,0.6119910718,0.3042480976,8.958482381e-05,0.596839529,0.6742215488,9.057286412e-05,0.346078598,0.5087536393,0.9999693924,0.6612604279,0.30840435,9.652836192e-05,0.5129778001,0.4982651414,9.520079318e-05,0.579723931,0.2297392294,8.952316205e-05,0.4697108012,0.2879027436,0.0001761843908,0.3128577565,0.4030256462,9.693083473e-05,0.467477356,0.4057117864,9.679983199e-05,0.4442426926,0.5784099542,8.386806028e-06,0.3753085888,0.4874845122,0.9999780017,0.4057985403,0.7308087254,9.593536248e-05,0.2298920971,0.6658723927,9.677513019e-05,0.2602754157,0.5212685377,9.802144643e-05,0.5928655847,0.3160326996,9.698141345e-05,0.6003552495,0.5467487406,9.668618949e-05,0.3372743292,0.6129260887,0.9999779704,0.7251218703,0.2245271937,9.686011804e-05,0.403025318,0.4279788507,0.4615701551,0.5472954602,0.2362355721,0.7468954583,0.5372332959,0.4153904279,9.696524699e-05,0.6366874155,0.429461496,9.882335635e-05,0.4452052113,0.3072300372,0.0002328421483,0.3802804576,0.5234331143,0.0003425468531,0.2920235859,0.4312926227,0.9900423086,0.4248542582,0.507925433,8.990112969e-05,0.6170343911,0.2231213819,9.682774427e-05,0.4842797603,0.3938241837,9.689527221e-05,0.3489255213,0.3704621205,9.67483147e-05,0.4850920789,0.4807646412,0.7197406357,0.5189456969,0.2508251558,0.6277156989,0.5907031283,0.3051856182,9.006768884e-05,0.316350434,0.5486771438)
