mCurrentIter=100
mCounterStuck=1
mYPrev=-45.66329024
mParameters.n_iterations=100
mParameters.n_inner_iterations=1000
mParameters.n_init_samples=100
mParameters.n_iter_relearn=1
mParameters.init_method=1
mParameters.surr_name=sGaussianProcessML
mParameters.sigma_s=1
mParameters.noise=1
mParameters.alpha=1
mParameters.beta=1
mParameters.sc_type=SC_MTL
mParameters.l_type=L_EMPIRICAL
mParameters.l_all=0
mParameters.epsilon=0
mParameters.force_jump=20
mParameters.kernel.name=kMaternARD5
mParameters.kernel.hp_mean=[1](1)
mParameters.kernel.hp_std=[1](10)
mParameters.mean.name=mConst
mParameters.mean.coef_mean=[1](1)
mParameters.mean.coef_std=[1](1000)
mParameters.crit_name=cEI
mParameters.crit_params=[0]()
mY=[200](-31.54484071,-34.33036284,-15.65165311,23.19406965,10.28585315,261.8395393,-3.268559096,12.90594425,-38.94120672,9.463301246,15.43377953,-53.607484,-40.29329803,6.717789228,1598.40159,41.04837533,28.00036935,-16.062468,-4.059555077,-1.534314505,-38.82084999,1262.394829,-40.17412643,30.33303205,22.04141894,-4.712099677,-5.90182423,2.257454131,-6.767379651,-14.45513289,-7.944521253,-2.703342163,-1.765261585,-15.70988078,39.32739339,180.1801869,-20.50670235,-34.31885203,-42.72723195,20.21470938,182.7288887,-17.70455756,-13.07957862,2.329310354,-31.41819994,60.58315019,55.91074786,-31.55418848,-39.11025332,-44.59697142,5.259448383,-47.96108534,5.152966008,-45.62394494,40.73146475,7.391850418,10.35317372,-1.090518602,26.67625119,263.6276751,-8.23574562,-21.44623089,-31.15626272,17.64743327,-36.48199717,-33.75073964,-44.06905805,-26.92043599,-50.62290085,11.18396532,271.6836357,5.025186051,3723.498625,26.80472102,8.980700245,-4.314679066,-37.67734929,-9.329074084,-49.49606736,-15.86937076,31.79858464,11.01283374,-26.00267426,-36.86195083,-35.64713127,-0.20223562,198.4015635,19.86309071,-28.50102421,29.36024913,4.431624278,-41.97683526,-31.73917517,25.2681536,-4.494706138,-20.41152933,13.77048405,-40.08847283,21.70590048,-50.49119955,-45.52654965,-47.28368208,-42.88155657,-49.89316796,-45.35071306,-51.85128124,-43.07813515,-41.95972049,-47.7435643,-43.39243526,-36.80521282,-49.5148371,-41.81614257,-48.92103184,-46.15645826,-41.47087028,-46.1009742,-48.39583944,-44.16483265,-40.87263913,-40.18532113,-41.79363765,-34.61638633,-46.38277751,-50.06708584,-50.46869517,-45.57923704,-48.7785276,-45.87482746,-36.77996559,-46.87487518,-38.80400354,-43.09108624,-40.08827795,-21.89990237,-43.96698772,-48.9706548,-47.2524409,-30.72557232,-40.6079465,-50.80869964,-49.40639582,-40.0051195,-44.556499,-43.7434927,-44.12119141,-45.06613326,-33.45551225,-47.32660368,-48.54047672,-36.41462578,-49.45121339,-39.13305394,-37.37254087,-38.69580916,-47.86223726,-50.06255411,-41.34928246,-48.98407035,-40.53226327,-26.33404787,-40.11034385,-50.45686528,-44.72962244,-49.80479899,-37.17048695,-48.21029481,-42.49805198,-34.14285136,-46.92761163,-47.27944127,-47.15105653,-51.95554144,-37.60381936,-47.52261209,-37.00133348,-32.45757058,-21.12449814,-47.95702536,-52.89014749,-40.60535004,-50.23623766,-42.56146172,-44.02851138,-42.47679476,-51.66891947,-46.80717324,-44.8395982,-50.9748284,-34.35487109,-46.83675922,-34.57411499,-37.97793162,-45.86188944,-48.24072476,-43.48661514,-50.20286198,-27.49985609,-45.62132942,-45.66329024)
mX=[200,3](0.3449904295,0.7182523455,0.1738425722,0.5756505751,0.7015874068,0.3366374659,0.03743233001,0.7969559382,0.06240022155,0.3302688762,0.2381217023,0.2986335319,0.735543625,0.0991080607,0.4703630167,0.6478024225,0.4128970502,0.03390029324,0.1194265267,0.04235877274,0.8595440619,0.8279501635,0.8729926961,0.7179592578,0.6323288261,0.6781599274,0.1466297308,0.8882674175,0.3941072355,0.9175938499,0.525592721,0.1450540608,0.9535163856,0.6516070801,0.4390595359,0.4546806257,0.564324001,0.6607510419,0.1921968511,0.8912562769,0.4669839388,0.8974435799,0.8661667208,0.1226660234,0.101972456,0.9993782298,0.8996486163,0.9482332152,0.6698186121,0.9866096564,0.6176163555,0.7913317474,0.2932632322,0.3526512544,0.5315032097,0.4805154199,0.8316960623,0.4448168324,0.6185762855,0.800300304,0.8184094043,0.6889807215,0.2851360416,0.06938164149,0.2020990229,0.05590801353,0.4777707306,0.4753587297,0.6078019452,0.5529190873,0.2886767037,0.2655778086,0.375116131,0.3455769605,0.2168739222,0.153569887,0.8605025734,0.3707733518,0.3157924885,0.06841276892,0.4985505206,0.2432398665,0.9082527069,0.04614451601,0.2754192522,0.8290470928,0.4844018853,0.1796896026,0.8141461888,0.2543586668,0.5472154561,0.8049582167,0.5615846,0.5148912353,0.4536206249,0.8448659919,0.6785094147,0.3775322322,0.8614858381,0.1851026684,0.555501753,0.7282959015,0.9442903379,0.3509061878,0.2200141406,0.4260096706,0.01425122728,0.3615746284,0.07519021327,0.7832055916,0.09117035571,0.3584622267,0.367539012,0.6732849063,0.2300332035,0.4253634489,0.5874470758,0.6271618623,0.9686300096,0.5089063948,0.408436594,0.07908072289,0.3261998032,0.4366717579,0.5952053721,0.7056137021,0.7505135956,0.7485475018,0.6268083116,0.5833200934,0.2628090276,0.8877451143,0.2074807992,0.1090193636,0.5798791165,0.609264791,0.9950612379,0.9834757653,0.7496657928,0.1158516408,0.401547735,0.3288187556,0.7249591148,0.1360339867,0.194143906,0.3363274049,0.6342003695,0.2917773784,0.5114159223,0.5319239434,0.3855266888,0.2130845253,0.3419377675,0.8490610428,0.6487109436,0.01931710907,0.9300450048,0.7569591498,0.7916664901,0.1406666308,0.5306085134,0.4646705129,0.4888056886,0.9781296717,0.81872341,0.2286085876,0.1522942594,0.3984348448,0.9603030001,0.8418009447,0.7501813178,0.5069085784,0.8814029533,0.2723263323,0.01666365656,0.6385492943,0.9355636023,0.1023046486,0.03049275662,0.3183110332,0.7006290982,0.8523570662,0.3068218981,0.8708413184,0.05663817931,0.7391544215,0.9023150341,0.3093936089,0.6802567964,0.7120381763,0.9535241925,0.5443655996,0.7292099555,0.2703402302,0.4372386848,0.02048973608,0.5693667318,0.07258975196,0.6825311927,0.6242133995,0.1273142565,0.3955449403,0.5432068302,0.6692157694,0.9813623631,0.4964900774,0.445914857,0.1390558762,0.4438107862,0.9039651617,0.4951313227,0.1399046685,0.2449626724,0.2581116985,0.7633934877,0.74283885,0.7668088147,0.009480390521,0.00973787884,0.2686745401,0.5293193833,0.9695361014,0.9778356271,0.9255353776,0.4187062837,0.2804989746,0.8328200111,0.5144614823,0.3629083371,0.3862139987,0.6481886868,0.7853267017,0.08003374357,0.8249368348,0.05082095505,0.4064280223,0.4229307511,0.4621245594,0.02226169359,0.7828618543,0.9547083257,0.7383961847,0.9718732674,0.9125138274,0.9467934372,0.1697720333,0.8553324133,0.774278122,0.08476054736,0.4189397633,0.1759711923,0.5983848356,0.1630621156,0.5819499458,0.02377062605,0.7747989181,0.1658545831,0.875742532,0.6966490576,0.2575287155,0.1889489357,0.8033322456,0.1982061205,0.3855234172,0.003400651875,0.1809270294,0.695580526,0.1236506041,0.3244125234,0.2319565168,0.0473315051,0.9113761324,0.1560059053,0.0927070253,0.5765416967,0.2014581782,0.9232276423,0.6568298445,0.5572004801,0.0857871916,0.2254439475,0.9917473591,0.3089931666,0.6085681354,0.7780137845,0.6189970016,0.2491818525,0.7638633334,0.5903139791,0.5016118994,0.9216674425,0.8364518166,0.6933836565,0.1183619172,0.2116119634,0.9339976179,0.6529868296,0.4569434425,0.3136055027,0.52203065,0.2005210261,0.4816591827,0.3212900001,0.3939635931,0.4784592005,0.3227353274,9.703612846e-05,0.4360105081,0.3469879403,0.9999979739,0.505797784,0.3131916472,9.691834692e-05,0.3665018691,0.3960824647,0.999986479,0.5153131885,0.305359121,0.9999852169,0.4099782807,0.3786035626,9.698734883e-05,0.5512434074,0.2739611556,9.687264028e-05,0.3150647277,0.4564825075,9.762212445e-05,0.4317099466,0.3450746988,0.9999781248,0.3249183087,0.4999333016,0.9999845037,0.4463825406,0.3507022195,9.708474825e-05,0.574461706,0.2556732107,0.9990711082,0.5991042145,0.2481681432,9.707109459e-05,0.3463837719,0.4111288714,9.698223202e-05,0.5976075506,0.3845795149,9.715398002e-05,0.2811945861,0.5069780198,0.4958234013,0.4151567752,0.3545064398,0.9999781557,0.6165669704,0.416095859,0.9999774142,0.3784632186,0.415679464,0.0001010547051,0.5938121458,0.2366143374,8.987023619e-05,0.4707234833,0.3182761204,0.9999781472,0.2786141355,0.5647520853,9.688399615e-05,0.3430824277,0.4155747964,0.9999638489,0.574802368,0.2549426674,0.9999822836,0.514776556,0.3052191837,9.679355588e-05,0.276545594,0.5216603493,0.5240764641,0.4140954201,0.3557687343,0.9999782218,0.4612523989,0.5242351741,9.702376451e-05,0.614506387,0.4767219562,0.999978111,0.5974130505,0.3703872793,9.244113784e-05,0.6437550348,0.1910764401,8.796578728e-05,0.5077096882,0.2971967415,0.999977987,0.3813699089,0.4100888212,9.698918675e-05,0.2600985588,0.7426097484,9.694203065e-05,0.3829528933,0.3765034189,9.70822892e-05,0.3834513171,0.5099018213,0.9999697901,0.634074583,0.2093421001,0.9999789844,0.2255827932,0.6297595677,0.9999781707,0.6168046734,0.4857117848,0.7189368906,0.5275231722,0.2774583605,0.7042347549,0.4406788888,0.3415905958,9.078332119e-05,0.620317295,0.3316167318,0.999976003,0.6584952707,0.1960415701,9.672228258e-05,0.260779115,0.5505280405,0.9999780402,0.3960033487,0.5334478707,9.95722147e-05,0.3109554666,0.4410864135,8.984950454e-05,0.5889378657,0.5585494608,0.5508618188,0.5301134203,0.2686001728,9.707171568e-05,0.4864313113,0.4226294441,0.0001054622143,0.6626535032,0.1615491746,0.6038462811,0.414177745,0.3570109682,1,0.5233762836,0.5895289807,0.9999780078,0.3315186219,0.4672515845,0.9999782914,0.6675972472,0.4121136365,9.689274345e-05,0.4279970003,0.5111187773,0.9999780013,0.5081062822,0.3873967863,9.775257702e-05,0.4175788069,0.342582762,0.9999672365,0.6142175755,0.2339254119,0.0001003468696,0.2593141651,0.6035798118,0.999978367,0.3761339725,0.7129760828,0.9999780546,0.6941622368,0.1594704314,0.7201331774,0.493389954,0.2994603552,9.691288199e-05,0.2870376694,0.45770996,0.6083619501,0.3784778172,0.3867616825,0.0001137340823,0.6597240379,0.1594536049,0.9999780662,0.5025774437,0.4793883436,9.694088364e-05,0.5840450424,0.3873598783,0.9999781548,0.2854180943,0.5514343312,9.618748042e-05,0.4210323046,0.5379654848,0.9999804788,0.6257869715,0.3089753585,0.5954150407,0.4976633073,0.2900407318,0.5195853722,0.4742756909,0.4178136356,9.697382121e-05,0.650252646,0.2565820308,0.3939599699,0.3758603621,0.3770464905,0.999971507,0.5925085637,0.567055384,9.722729998e-05,0.6530174125,0.4761022543,9.758698053e-05,0.2367808304,0.7500849183,0.9582086186,0.461837183,0.3318688982,0.4749882226,0.4167393227,0.4717209323,0.9999780259,0.4017545666,0.58931237,0.9999780395,0.5480138903,0.3891752164,9.747898104e-05,0.5075728564,0.2805957372,9.798398528e-05,0.3371139098,0.5751656479,0.9999782498,0.6821945587,0.1492360575,0.5370929787,0.3447128126,0.4377899774,0.4002185806,0.4481191698,0.3323914821,9.577958005e-05,0.2685488915,0.483350935,0.3008817676,0.4616274018,0.4493844186,9.703952361e-05,0.680096369,0.1348109998,0.6662156363,0.567506285,0.2335934932,0.9999781397,0.6904220289,0.4447036515,9.132670715e-05,0.5272345817,0.5682692002,0.6628624441,0.6083106475,0.3154097484,0.9999782946,0.4912581189,0.4911193296,9.701034837e-05,0.3729847822,0.3704828388,0.4292733616,0.5184302978,0.3905819313,0.9999780532,0.1953032811,0.6803726392,0.8282131721,0.3374354515,0.4669198836,0.8431552762,0.4506111472,0.3239764647)
