mCurrentIter=100
mCounterStuck=0
mYPrev=-32.15654781
mParameters.n_iterations=100
mParameters.n_inner_iterations=1000
mParameters.n_init_samples=100
mParameters.n_iter_relearn=1
mParameters.init_method=1
mParameters.surr_name=sGaussianProcessML
mParameters.sigma_s=1
mParameters.noise=1
mParameters.alpha=1
mParameters.beta=1
mParameters.sc_type=SC_MTL
mParameters.l_type=L_EMPIRICAL
mParameters.l_all=0
mParameters.epsilon=0
mParameters.force_jump=20
mParameters.kernel.name=kMaternARD5
mParameters.kernel.hp_mean=[1](1)
mParameters.kernel.hp_std=[1](10)
mParameters.mean.name=mConst
mParameters.mean.coef_mean=[1](1)
mParameters.mean.coef_std=[1](1000)
mParameters.crit_name=cEI
mParameters.crit_params=[0]()
mY=[200](48.59073845,-11.29696077,-6.354999043,144.0690856,24.53661598,-4.897622292,628.4502325,1117.00984,23.19747329,23.91578255,1051.716562,19.91126493,30.57019717,795.2832815,24.32949783,2.024925246,-9.743525499,-22.72023872,4.768147286,-27.57670156,-4.021216657,54.46447825,1428.598408,-22.85918337,58.35147734,2155.298722,17.14022168,121.0927909,1599.955117,-11.26600518,-31.47716797,-23.1288666,64.43455481,585.6856633,142.3078925,1.515000753,-6.609627738,240.093925,2139.66442,-25.01025895,-22.09336116,-14.27624465,-31.43652929,3.681096631,16.70412838,-25.98594647,-3.825075468,39.69449051,-24.86856054,-4.031721517,24.7873055,-13.47876926,-5.286932693,294.8328332,363.8713619,19.54179337,16.2146552,-9.014085099,-24.61970273,161.606203,-21.56737204,47.4041085,9.075492634,8.741246595,10.6405204,-13.18032907,2997.801994,4.239813146,4.696126356,-4.917712974,25.85080302,-11.34865241,13.32755073,227.8512652,478.2190447,41.23171475,-1.054345643,23.25600266,-30.44957783,44.13651325,19.91452184,87.75172407,36.44811488,21.04393236,-13.8005823,-26.14979157,-9.348485938,-25.05279694,19.42921719,-28.73272054,-22.34489855,436.0193919,19.97826162,-1.409298287,5.58621196,-9.012662597,2127.915695,10.1910758,8.148841648,8.915532938,-26.72317165,-25.84842738,-25.9581657,-27.69730916,-31.35236023,-21.02973275,-29.87662647,-28.80113354,-25.32285659,-19.73907698,-25.4393443,-31.60669221,-20.32193676,-27.74447787,-25.00054511,-16.10987997,-26.11920693,-31.86732589,-25.52053442,-28.72676901,-20.2111292,-28.55028499,-30.14305656,-21.943219,-18.46134923,-29.80785908,-21.15619156,-26.87127494,-20.40931813,-28.58944261,-21.27285395,-14.68751713,-23.70459506,-10.32299016,-22.93682159,-31.83282323,-25.28189515,-20.19958284,-29.62672426,-28.36684273,-25.96068496,-25.77408967,-26.70959664,-18.1856147,-31.33127605,-13.18731474,-27.2719014,-27.46415012,-30.70857127,-30.10017596,-19.06332074,-19.4339218,-25.62617762,-24.80317993,-29.29829346,-28.21865071,-22.84006765,-30.05874048,-18.80932115,-32.82935523,-24.37686146,-28.38679159,-4.852892932,-28.75336975,-33.66913132,-19.36769389,-20.26776279,-25.01285041,-25.39006318,-29.24391075,-28.61952004,-30.28618308,-28.41631316,-21.48735331,-27.59194895,-21.6623706,-22.21892692,-29.56478446,-33.7076644,-20.47317846,-24.57448616,-31.96752203,-14.83926252,-19.28642424,-22.27272941,-31.52588856,-27.94297091,-33.44174169,-4.874329775,-29.56691101,-30.67603121,-29.79069511,-29.92536005,-29.55940403,-19.55392876,-23.25378916,-32.87263982,-31.68618604,-29.26448435,-32.15654781)
mX=[200,3](0.1155974814,0.2989298403,0.3111239723,0.4996886604,0.3375926165,0.7564658675,0.2180482164,0.7447055845,0.02513564798,0.3150171262,0.04498900185,0.4463962122,0.4508486763,0.6733465344,0.8973580827,0.9926854826,0.8060650382,0.4834988297,0.9299351806,0.2315211597,0.1971156675,0.4897112693,0.06185811374,0.2036616743,0.7837964655,0.3008370071,0.9439879177,0.4124169571,0.5163561231,0.9346740535,0.6426998561,0.1494961292,0.1643674451,0.5430690253,0.7947768459,0.8027794473,0.6079548761,0.6094118612,0.9579057282,0.9131234006,0.1127400686,0.2390362043,0.4344743432,0.6194470577,0.9148626607,0.2757380263,0.2580396319,0.8380032199,0.1251566158,0.7727020248,0.4252711008,0.2694257805,0.4320462417,0.3794949223,0.3872663207,0.1227217688,0.8283057214,0.02108739192,0.3894158923,0.616450391,0.8992115962,0.2427432447,0.6628010942,0.3270740098,0.8718845764,0.9815900326,0.5560797016,0.1821306941,0.08223198488,0.371972208,0.3985870907,0.6745753805,0.2376784181,0.921108196,0.9718529072,0.8815270668,0.1615216122,0.03695023689,0.6669250586,0.9411490146,0.3658610139,0.9553331053,0.4213577041,0.178499851,0.7184229593,0.1356315691,0.1100373755,0.9479980322,0.4989344462,0.7127490174,0.5007236109,0.5776246463,0.3892546952,0.1741618788,0.2161954814,0.6036757816,0.3541822289,0.9918586018,0.9642042365,0.06434135208,0.03359273799,0.3048961364,0.9068881331,0.07655135802,0.4564972009,0.5638725895,0.05815647747,0.7480655994,0.04037632004,0.4144533451,0.7752305908,0.3941031078,0.5083463983,0.01266766338,0.6964526927,0.08506837489,0.09819500737,0.7049504991,0.3593070217,0.5249765308,0.5131247273,0.580828176,0.1488495322,0.1418102116,0.6647088729,0.5912237793,0.7946687932,0.5420536952,0.4656007085,0.9393909481,0.2835040283,0.8114742052,0.1003370416,0.6423229319,0.850004645,0.8159264102,0.4482488644,0.589350023,0.8081645375,0.7046056981,0.695759702,0.576125636,0.8979698527,0.8704557462,0.4278497038,0.6592038155,0.07268330704,0.4099737735,0.8385041655,0.1374428666,0.1856688415,0.8540328219,0.7632445414,0.7682628597,0.7343997511,0.542234538,0.2446121128,0.823717461,0.2128757346,0.4726443299,0.5224327239,0.005419481897,0.9643628847,0.2284132739,0.2615424075,0.6595231368,0.9117996137,0.6239923835,0.5984403729,0.4681931184,0.9061382526,0.2072553561,0.1585847709,0.7348541969,0.9772841039,0.5525951031,0.247530727,0.7749680018,0.4861214144,0.06682754489,0.4403276981,0.699165991,0.409074309,0.01682725647,0.347442833,0.280377666,0.679314586,0.3732629546,0.3307807294,0.8457007404,0.09069006487,0.8445837159,0.03652589137,0.4586498016,0.865508172,0.3422443199,0.6335993733,0.6479645198,0.6121234945,0.008096423084,0.05836277496,0.6275215415,0.7619390941,0.7044329572,0.4652365281,0.02986222761,0.6855801189,0.6868870421,0.4781422562,0.7837669061,0.07014795122,0.9839235514,0.3449846705,0.5846906263,0.7830421327,0.418304666,0.744434289,0.2682553101,0.8877769421,0.8265878567,0.1900362133,0.3239315419,0.2965263303,0.2778795542,0.1536354277,0.8665565032,0.206086877,0.491129848,0.750552507,0.1751275258,0.6530438175,0.3354464338,0.8190374675,0.7998919644,0.5246402938,0.5326234998,0.537064782,0.2860752227,0.6896059551,0.9972551956,0.6361644677,0.9392046728,0.5107564516,0.7268720115,0.4020982257,0.1811929773,0.8518018772,0.9796148304,0.7238096245,0.250317372,0.9605506051,0.254702413,0.8742480882,0.7267404282,0.553207795,0.1909505799,0.5600460873,0.5630718169,0.1696676027,0.3117878871,0.3981551719,0.1325246594,0.6268270475,0.4734614507,0.006295158661,0.3690553258,0.9216009917,0.9856502687,0.5986111126,0.437200935,0.7370521064,0.7176033429,0.3527554022,0.5338669846,0.1023977824,0.291811111,0.1522288637,0.957830523,0.2284456479,0.2231881473,0.7568458498,0.6310363543,0.3058372113,0.864874186,0.04145062564,0.8386762492,0.328092121,0.5071911847,0.3669102628,0.01835237995,0.1251401103,0.08507885054,0.906579044,0.2743400626,0.05277683601,0.8843962293,0.108810165,0.09858678296,0.8485782276,0.5752762092,0.1594018242,0.6202219365,0.2632234174,0.3194201375,0.6189234252,0.2648525248,0.1921772861,0.5370571941,0.3303389646,0.7776066125,0.6797665885,0.2204949513,0.6918448209,0.5314822666,0.3359993055,9.704032664e-05,0.6702057862,0.2157701238,9.709099136e-05,0.4638722109,0.4217702707,0.9999869836,0.6427328315,0.2586597415,8.980590797e-05,0.5524579229,0.3175111813,0.9999779624,0.4870947217,0.3857261655,0.9179447106,0.7044167113,0.1835023114,9.700763209e-05,0.4363843431,0.467882855,9.708776051e-05,0.6787777147,0.19975379,0.9999870832,0.5578180548,0.3152760186,9.696972449e-05,0.5198806984,0.3507387576,0.9999779702,0.452344079,0.4371758469,0.9999781511,0.7014262792,0.1962441542,3.270994642e-05,0.4206111425,0.4981244326,0.0001130849457,0.6069351984,0.2704884952,9.695913935e-05,0.4897721255,0.4026430993,9.704873815e-05,0.696586137,0.1808758144,0.9999728258,0.593520118,0.2983829275,9.681444978e-05,0.3757022,0.5783783821,0.9999781188,0.4973464398,0.5679242662,9.70245126e-05,0.7086302168,0.3045874801,9.692288435e-05,0.4172195341,0.4581605991,9.694087058e-05,0.3095040157,0.6813014699,0.5893378438,0.509339698,0.3310390693,9.69401641e-05,0.5075465963,0.6481776603,9.693448756e-05,0.5537034368,0.478605007,0.9999780075,0.729416518,0.2713664667,0.9999694028,0.4431033956,0.4364956105,0.9487504487,0.7187731489,0.163075425,0.9999780807,0.3659480499,0.6421119525,9.065025856e-05,0.5583761406,0.2791672479,9.707951166e-05,0.3720561357,0.5298681593,9.709483042e-05,0.4835705299,0.379051494,9.703362103e-05,0.7052270507,0.1716191894,9.69448493e-05,0.4953802544,0.5416582993,0.9999890553,0.6022434468,0.2617230828,9.698476192e-05,0.6120605466,0.3986349829,0.9999780479,0.5722479063,0.5153733188,0.8255947078,0.510820696,0.3484881646,9.704522467e-05,0.2836164382,0.70819314,0.3644432995,0.4172335388,0.4486805433,9.614017742e-05,0.5375474054,0.6930844385,0.9999779801,0.6507398626,0.3385080657,0.4670881468,0.6110843195,0.2357443903,9.692999592e-05,0.3357607035,0.570437137,9.675250845e-05,0.5219374069,0.5034630526,0.9999574075,0.4397482881,0.5299229464,0.08382779482,0.7192592761,0.2820479617,0.3712791351,0.5447576104,0.2941394733,0.761576281,0.7106195534,0.1703908803,0.4056994847,0.4620707895,0.3992807032,9.784396811e-05,0.4600891174,0.589883353,9.705667141e-05,0.6318642708,0.4889187931,9.698732878e-05,0.3793852534,0.4765007017,0.9999780051,0.5552370576,0.6204285049,0.7587386352,0.572708596,0.4076957216,9.70354321e-05,0.4955427658,0.3575056427,0.0001015549352,0.3204839499,0.6153626946,0.9999780228,0.319658383,0.7117747032,0.5231026513,0.6229579458,0.2278546298,0.5041429684,0.471370374,0.4850294915,0.9999779414,0.745207035,0.2748878671,9.71080197e-05,0.7175189485,0.1657530315,9.710721444e-05,0.6378205631,0.3552221249,0.9999780063,0.6321995166,0.4728548011,9.720135208e-05,0.4686762821,0.5671691014,9.688073197e-05,0.3594257352,0.4882312908,9.709795624e-05,0.5219046943,0.452977449,0.8692929981,0.5356637712,0.3147205353,0.8407191519,0.3777793537,0.5819303398,0.6396858361,0.4324749117,0.4160147981,9.896774616e-05,0.4273895977,0.666282806,9.706785069e-05,0.6054035478,0.5488531489,0.9999773179,0.6317437996,0.3717919641,0.5797262517,0.4780732552,0.4976325873,0.9999779871,0.7388877573,0.1601509863,0.2913949115,0.5953773083,0.2444735832,0.3844713528,0.5456779573,0.4234472982,9.672868626e-05,0.2570071093,0.7289239412,0.2718912597,0.7359478582,0.2704073248,0.9999780159,0.6016059794,0.5635473698,9.708388065e-05,0.4417490265,0.5410469035,0.5495446923,0.4871559035,0.3527427027,0.5785189795,0.4807784134,0.4866167201,9.719557652e-05,0.5807350779,0.7324147421,9.7037382e-05,0.3035495193,0.5761547589,0.7171091408,0.625561771,0.2270919625,0.5335114126,0.6188011239,0.3329266258,0.2506006012,0.4074192021,0.4383118296,0.4980817611,0.4471616133,0.602711431,9.084212449e-05,0.6706572842,0.4754951348,0.06591971976,0.5336949569,0.3002826586,0.4867345607,0.5395840004,0.4344682107,9.727870962e-05,0.4494997972,0.5310334558,0.7262860782,0.6377372901,0.2188370739,0.6498507693,0.4069327425,0.5134912838)
