mCurrentIter=100
mCounterStuck=0
mYPrev=-43.98975639
mParameters.n_iterations=100
mParameters.n_inner_iterations=1000
mParameters.n_init_samples=100
mParameters.n_iter_relearn=1
mParameters.init_method=1
mParameters.surr_name=sGaussianProcessML
mParameters.sigma_s=1
mParameters.noise=1
mParameters.alpha=1
mParameters.beta=1
mParameters.sc_type=SC_MTL
mParameters.l_type=L_EMPIRICAL
mParameters.l_all=0
mParameters.epsilon=0
mParameters.force_jump=20
mParameters.kernel.name=kMaternARD5
mParameters.kernel.hp_mean=[1](1)
mParameters.kernel.hp_std=[1](10)
mParameters.mean.name=mConst
mParameters.mean.coef_mean=[1](1)
mParameters.mean.coef_std=[1](1000)
mParameters.crit_name=cEI
mParameters.crit_params=[0]()
mY=[200](-12.70362151,-3.577924789,1337.152918,7.052957658,26.43047665,-38.34055133,-10.97998469,28.55710465,-8.895127031,-23.95870171,121.8707066,-45.06596289,4.281443949,279.0761467,-6.402552105,-12.47451829,-35.14713444,-18.22469167,-19.02472928,-41.40200917,-33.3930143,23.61087423,-35.69324143,31.91180467,32.82254497,50.93928581,32.79429676,-44.61606122,-37.42155266,-3.169730424,-24.51073917,29.74707034,58.15978643,46.75053593,-9.864176667,2329.043048,-24.83272965,-26.79100796,-23.10938673,-46.0008393,-1.306543417,-1.075765664,0.9761227842,526.3714966,943.4610446,-48.45836111,3.707390317,-6.789261818,-32.81823402,786.8551731,-35.58157622,-14.58018063,9.684700967,4.245176541,-10.54228572,-6.85260022,-32.28748582,-49.24640606,52.27566333,-11.71545825,9.265564979,46.15586008,26.58293767,302.5107461,-10.1147472,34.62730918,5.216609879,24.68882638,41.04211425,-6.459275295,2381.553231,20.95494139,14.71356827,3.482960358,-16.93180015,-22.04577171,-5.707586053,44.43394575,47.23475863,50.15814588,19.71193172,-29.80948594,-45.21062338,12.73763137,43.9313484,16.03844204,3332.307848,16.60839036,34.60620409,419.3304131,-43.79688291,-11.72297276,-44.13450013,24.38182576,-18.00785319,8.040644122,14.20594457,-38.48575047,-28.25598345,-9.636509078,-47.76053668,-45.7933859,-46.52754824,-44.50769307,-44.85524974,-38.16364027,-43.78548703,-43.94174839,-43.82857188,-42.8509512,-40.69591229,-43.22661294,-44.05011108,-25.29978082,-45.59676891,-41.78005064,-44.83104709,-42.58712736,-43.32292402,-43.23177076,-38.34421662,-42.83742085,-40.32823822,-47.51900821,-26.41397619,-34.0787728,-45.80933146,-44.30437911,-43.21344939,-39.56166098,-49.94760062,-41.29114623,-41.30924699,-38.70369019,-38.05345846,-48.47587545,-37.98865857,-46.30968449,-45.95968291,-11.93665043,-45.26178028,-45.17533132,-29.01807175,-42.15445774,-31.25603047,-42.6247066,-49.45098645,-41.3689551,-48.56035876,-29.84219984,-36.99335974,-41.14656207,-41.04574949,-48.94879592,-41.96757627,-45.56751554,-48.01075875,-40.73817765,-38.70784834,-48.72505504,-45.48650191,-39.44315472,-46.51214742,-26.52310473,-49.27779176,-40.30989824,-35.70807777,-33.32528691,-43.57947557,-48.7709041,-27.76161824,-46.78618214,-31.61884342,-45.0075059,-47.01408174,-35.95010397,-46.88776793,-44.9010139,-44.26820173,-45.41126306,-47.70982195,-25.00697874,-42.70418056,-32.6610304,-48.7673022,-43.63345084,-32.88947883,-37.88914412,-40.75631334,-46.57382089,-47.1515686,-3.089486757,-41.50292709,-40.79706977,-47.78721936,-49.9362518,-25.6028177,-44.3573012,-47.3022822,-43.98975639)
mX=[200,3](0.9958115382,0.4182747553,0.2059583882,0.8921906534,0.4489667992,0.7771372484,0.6327923047,0.1958271995,0.06601965322,0.5173337976,0.7474017365,0.7186738877,0.8764997653,0.9787028313,0.1771299671,0.1483212669,0.6320362721,0.2767961147,0.2213696025,0.785211471,0.4155528454,0.2421768598,0.9226588157,0.6658351425,0.07756701916,0.1322998854,0.7210140128,0.1757480908,0.1876286545,0.5763405353,0.3338332806,0.2319559853,0.2319756018,0.4414261254,0.4678756167,0.2606246208,0.3131992155,0.7758972426,0.654019701,0.428856767,0.08673517577,0.311397499,0.6064354436,0.820118543,0.3894521211,0.9351442813,0.2710535707,0.624601738,0.6571727368,0.4047447409,0.2455103698,0.8155371312,0.2903296244,0.4756574734,0.002808375233,0.4301579009,0.1639301616,0.154302349,0.6268460742,0.07936358274,0.5559564997,0.5820401227,0.5270879657,0.8483475066,0.9441802424,0.5444233492,0.6798453499,0.3525789781,0.536485182,0.3853276028,0.5351970108,0.9530752255,0.5005778289,0.7203837964,0.9071934849,0.183016648,0.7958063552,0.9670405337,0.6645033708,0.8557306834,0.8303477908,0.06706762778,0.5584306238,0.2856608277,0.2571496525,0.4959829172,0.1177492996,0.1360952387,0.1640922986,0.4495134199,0.7348363855,0.7352852092,0.04091830188,0.410944804,0.3102998002,0.217531797,0.1249237942,0.8650712173,0.9740634941,0.7239488862,0.8323011986,0.9496957383,0.371196227,0.2182046266,0.4038889265,0.3612880422,0.1566871915,0.02554508949,0.09478254353,0.6596142463,0.5008931422,0.5332119366,0.3058827561,0.350466047,0.3006452821,0.7126855675,0.4304793121,0.3976566631,0.4536447945,0.2940267499,0.08231768886,0.1735555298,0.7957377912,0.4580981855,0.7682952871,0.6164095618,0.7069913485,0.5066516295,0.8047257527,0.7108540972,0.4786472053,0.001720504656,0.2863342336,0.04283701506,0.2225486513,0.4784607539,0.5714010459,0.05202286704,0.6819399549,0.7088617461,0.7353761215,0.489941255,0.5414127359,0.7465755279,0.2705416405,0.6861485091,0.1540385631,0.8895286982,0.1411455358,0.1927176515,0.3597187413,0.6739359127,0.1225094425,0.5641915186,0.6950288153,0.594623327,0.9213534637,0.8434864503,0.6375040242,0.9609368889,0.003569956312,0.8102782173,0.1187033345,0.814133536,0.1475658219,0.6249696321,0.2635855344,0.7624291804,0.4009037565,0.2849410055,0.5800956745,0.8505896625,0.5252855894,0.1357060259,0.6911088809,0.936507947,0.9110058617,0.04524224639,0.8055902359,0.1854582434,0.9087769912,0.3454418613,0.8537726691,0.192028058,0.8772397161,0.8876512135,0.9500266634,0.6168377106,0.9230741674,0.9894407143,0.2067969232,0.2515054399,0.9157077741,0.661779392,0.6712713273,0.3297956961,0.2530376133,0.989936241,0.9406902867,0.8811592835,0.3085112905,0.7731232485,0.3668533235,0.9381750115,0.8373334384,0.9909109984,0.7089394003,0.03589021904,0.06898962035,0.6884836618,0.4987641338,0.07958401304,0.08042109597,0.4343165122,0.01525273173,0.5650457747,0.8225247241,0.5694144603,0.8662140119,0.0529593299,0.2429316317,0.3484804857,0.6490263099,0.5120034435,0.6944049903,0.0250416394,0.2204807869,0.6459771657,0.5717661795,0.3347991251,0.7808487859,0.583412761,0.1049647384,0.4672484934,0.2147280302,0.1138387751,0.4213796838,0.8652665815,0.9850447043,0.8423602745,0.7882873017,0.6457710655,0.8745460692,0.6111682672,0.480787636,0.1044457245,0.5461542998,0.6030912113,0.03445637688,0.234049716,0.9047309078,0.3725147907,0.9779796985,0.964255488,0.8219373807,0.7457281063,0.9166522703,0.4891983126,0.1081307609,0.02911679993,0.01478691716,0.2053030789,0.03621039988,0.8945884593,0.5238951726,0.09398173981,0.9906083488,0.7900903118,0.05113051211,0.3267721263,0.5928147395,0.4205978556,0.4959621222,0.01884502552,0.1221402519,0.5579758057,0.4652626183,0.3890703917,0.3601756134,0.8005340307,0.9507443774,0.5102898532,0.2919088048,0.7528295625,0.3996777253,0.2633501405,0.892618122,0.3311031065,0.1672837603,0.3952671757,0.09691742525,0.7537632914,0.5976165875,0.4518781815,0.7672950957,0.3761030041,0.6033351975,0.3495700829,0.3298371555,0.7598658434,0.5511513329,0.570013146,0.2126560137,0.4100556714,0.5652424107,0.2115428589,0.3189237262,0.5614636725,0.211325772,8.974614739e-05,0.4455437095,0.3519407661,0.9999780107,0.5748640659,0.2224004211,0.9999773983,0.465520786,0.3352898799,9.693085281e-05,0.5658082569,0.2007590366,9.702137822e-05,0.4051554877,0.3954980837,9.703618612e-05,0.5265287784,0.2349112668,0.9999779913,0.6163439598,0.1874519368,0.9999850986,0.4839457143,0.3065612407,0.0001058008023,0.5877642713,0.1826730796,9.700332596e-05,0.4654927647,0.3019340318,0.9999779748,0.3939016994,0.3957064792,0.8168950059,0.6044099737,0.1826225634,9.694282032e-05,0.3642279988,0.4409285634,0.2071808019,0.5159666755,0.2396443339,9.700223548e-05,0.5976252218,0.1747373587,0.9906009832,0.5230673921,0.2555329463,9.70206164e-05,0.4423414997,0.3245382157,0.9999779992,0.6386185314,0.1703806453,0.0001048346149,0.584461942,0.1793708018,9.663071064e-05,0.3520424146,0.4543138371,0.4548886539,0.5014869878,0.2531238183,0.999977925,0.4095148873,0.3707238269,9.127685877e-05,0.4668729801,0.5666346469,0.3821632836,0.5837890824,0.1781836665,9.694723892e-05,0.5099477937,0.3998256396,9.73090517e-05,0.4840480914,0.2737097168,0.9999855448,0.6273646453,0.3166106082,0.8439008524,0.5284418354,0.2318518467,9.704054997e-05,0.6123570626,0.166459305,9.701730713e-05,0.3947461834,0.3695457555,0.9999780042,0.6496816032,0.1617354787,0.0001012629422,0.3179797765,0.4912376841,0.7064923534,0.5104805208,0.2449308033,0.9999779972,0.4881042188,0.450772126,0.4847593086,0.4464256381,0.3118054855,0.3496897005,0.5532287542,0.197504061,0.9999777965,0.3459490495,0.4325602822,9.629920292e-05,0.5103617687,0.2473105774,0.494115364,0.601434924,0.166458617,9.686968002e-05,0.4463782743,0.6078934456,9.686671503e-05,0.4987765475,0.4509422776,0.9999780859,0.6997016648,0.2516622241,9.024357964e-05,0.4331502547,0.328400805,0.7275970438,0.5388851781,0.2166024147,0.9999779404,0.5726527306,0.3705108165,0.6964395956,0.4851261743,0.2877581766,0.9999851353,0.5207914153,0.5579945154,0.0001038162555,0.3166100932,0.5065997291,9.730835089e-05,0.6201524542,0.1586003907,9.698904071e-05,0.5791384971,0.3563099471,0.7055050766,0.5431960029,0.2130428604,9.70966069e-05,0.3814447857,0.3919272767,0.191575834,0.5267815664,0.2246595752,0.6634264015,0.4396779291,0.3203114568,9.716623989e-05,0.4794793283,0.483275437,0.9999759109,0.6529404332,0.1499255315,0.4820708896,0.4870671712,0.2736051317,0.3734258467,0.5840500324,0.1712673218,9.699495081e-05,0.627051203,0.1542839684,0.4964859836,0.4175448258,0.3401777963,9.687456166e-05,0.356545473,0.6363315672,0.7124453593,0.5407831333,0.2126902061,9.68908711e-05,0.3524711178,0.4274841975,0.9999782035,0.6113274282,0.4260601802,0.0001070726513,0.676525265,0.2776899006,9.706400326e-05,0.5346959516,0.3735131056,0.70079002,0.5046842391,0.2600796471,9.141400453e-05,0.5594567357,0.5722578605,0.7250968729,0.5679972574,0.1881718075,0.9999780401,0.4419300995,0.487981384,0.2253568071,0.4869020854,0.2684304885,0.5330710223,0.4183069835,0.3432658577,0.0001006999251,0.2964168438,0.5253188688,0.2285659167,0.549830212,0.196183676,0.1039798966,0.4783213362,0.4304993049,0.5527655225,0.6212826104,0.1518911732,0.0001041028941,0.5128972986,0.2402147982,0.8060843478,0.5314400645,0.3386345896,0.9999848536,0.6771954202,0.4999604488,9.512821327e-05,0.4404380982,0.3157600818,0.9999780619,0.6817894285,0.3003128198,0.715499442,0.538881416,0.2178984943,0.5549899763,0.3754169151,0.3943918219,0.9999779843,0.6886031177,0.1491588201,9.694993579e-05,0.5783062851,0.4281479517,9.699500575e-05,0.4195690925,0.5047294731,0.3437967098,0.5702741793,0.1803712197,0.7054890717,0.4618312478,0.3042375114,0.9999780275,0.2745325721,0.5272169173,9.727808545e-05,0.3844765029,0.3815387724,9.680951491e-05,0.6301241509,0.1518352954,0.7364024358,0.4959676444,0.3940378063,0.6863305697,0.5174799225,0.2369501966,0.9999780661,0.4923691765,0.6015101381,9.701790195e-05,0.494757732,0.2648589251,0.5201806745,0.5693932411,0.1793708703,0.2642743428,0.5774005026,0.3242974028)
