mCurrentIter=100
mCounterStuck=0
mYPrev=-51.20908523
mParameters.n_iterations=100
mParameters.n_inner_iterations=1000
mParameters.n_init_samples=100
mParameters.n_iter_relearn=1
mParameters.init_method=1
mParameters.surr_name=sGaussianProcessML
mParameters.sigma_s=1
mParameters.noise=1
mParameters.alpha=1
mParameters.beta=1
mParameters.sc_type=SC_MTL
mParameters.l_type=L_EMPIRICAL
mParameters.l_all=0
mParameters.epsilon=0
mParameters.force_jump=20
mParameters.kernel.name=kMaternARD5
mParameters.kernel.hp_mean=[1](1)
mParameters.kernel.hp_std=[1](10)
mParameters.mean.name=mConst
mParameters.mean.coef_mean=[1](1)
mParameters.mean.coef_std=[1](1000)
mParameters.crit_name=cEI
mParameters.crit_params=[0]()
mY=[200](-18.7331439,143.2838844,10.86325443,143.8127517,-0.2057844948,-19.93445179,-36.6935876,150.2754646,517.4377801,-5.170973129,40.21802292,-25.1647927,272.0333389,753.6949591,19.55237829,20.73447855,-45.44193809,3.316603629,20.02036594,-41.62893695,-18.12667068,-43.2617661,-47.82215928,74.7270296,-21.67320213,275.9458376,-53.056148,1290.293086,401.2591714,-38.61528436,5.960074149,-42.33711719,10.61580512,-13.25119098,-37.08344284,-44.34408768,20.37251146,-28.23889903,15.09167186,34.14114376,-44.46989746,28.91337463,12.29582151,-25.83891476,-33.73151155,35.42323929,-21.59061861,2441.319847,23.04635512,322.1503916,-14.78409806,283.1880653,-46.56721709,-8.441453681,-40.95690619,51.15928792,4.865644869,-4.459748594,-12.83736992,-46.52157224,-19.55703718,-21.25004248,335.6372648,1190.278417,-25.35760045,-32.94593121,-50.86716843,-41.29965057,40.02538144,-11.77108542,-36.46932768,26.59428844,-16.26466204,-43.58553767,-42.2089916,-29.1778737,23.9278922,27.4025448,9.610817506,-48.44796283,11.63731824,74.21078844,-13.51566263,460.5639971,-28.67488361,17.25037359,15.46215257,-7.66328883,-25.71999292,1.804325483,54.77021057,199.8098071,46.2131459,35.35840802,17.7373087,13.38569107,15.56796909,-44.34670371,-44.17308714,48.81256262,-42.95320741,-55.20715121,-39.53769182,-50.63537869,-44.54606522,-41.3218456,-49.83759793,-53.72446008,-52.10117964,-49.64836325,-43.38658305,-45.52647619,-33.59354768,-52.50922131,-44.27028008,-42.94264439,-50.0867669,-52.07030532,-55.6069049,-48.2340181,-54.05176958,-44.03611687,-42.15259385,-48.3071212,-53.67529002,-52.18125032,-50.6537002,-43.41071354,-27.91709528,-48.15304337,-42.13145145,-39.82716499,-53.15722342,-48.33702197,-54.59414106,-48.98866588,-49.05047636,-49.13240533,-51.98568348,-41.0473109,-35.31065507,-43.71355254,-53.17937489,-33.24374475,-29.48668563,-48.70619774,-47.35075029,-51.55651822,-40.37960801,-40.97781731,-49.506935,-46.55201722,-54.72362458,-51.49737517,-51.84681952,-47.99478026,-52.09640422,-52.76936605,-46.6392294,-45.13831473,-54.81635685,-50.94657206,-51.82974528,-37.55323318,-43.46641097,-54.85811702,-49.9565165,-52.28415172,-50.61376056,-51.02670494,-44.29212394,-41.62678616,-48.25580608,-27.42690553,-43.3465866,-56.17058272,-55.0322124,-50.03228864,-42.40623687,-54.08487526,-43.04705836,-51.58674162,-37.10944948,-41.73836633,-53.97271053,-49.79251644,-50.32830633,-45.5039818,-36.77682425,-51.47572544,-53.23181053,-48.13499075,-49.7585244,-36.62180713,-51.12119452,-53.58476616,-48.33166501,-56.09306395,-48.14083691,-51.20908523)
mX=[200,3](0.2712367988,0.0910175097,0.4893247874,0.778345725,0.4353636998,0.02542224209,0.591529488,0.4919707793,0.9203810955,0.1785533099,0.02852997919,0.3778834462,0.8759741204,0.4432103849,0.8723967431,0.4066964717,0.4252958351,0.2109337873,0.3274007258,0.6981803936,0.05710882246,0.3101955344,0.08142486198,0.3204473484,0.2063543211,0.1315325684,0.1863190488,0.7364273136,0.04884876481,0.5459007614,0.9554475926,0.34024715,0.2035449175,0.9824839178,0.4095450007,0.2529746578,0.04466765237,0.3669414984,0.07627642305,0.4674311478,0.1984360296,0.1222750354,0.5124023219,0.9578048133,0.5924819844,0.2896650442,0.1735138892,0.9858275238,0.3550544407,0.4198966562,0.6084099028,0.1697322498,0.6332388484,0.8268448672,0.4829513229,0.3869652997,0.1582666582,0.9129658221,0.5432428953,0.5792810533,0.8465522939,0.3945890169,0.7779858499,0.3369818687,0.1647148739,0.5287895854,0.1557017094,0.5398143143,0.2904307147,0.8899627397,0.1867971778,0.3487028902,0.8157016913,0.7553720413,0.538907589,0.3774407484,0.07751482343,0.2849105186,0.4982499686,0.5124575542,0.3595484421,0.9403375513,0.265127139,0.03950348459,0.5305016508,0.1239201915,0.2219497148,0.5661623474,0.2360703384,0.645300006,0.7603265833,0.6481887336,0.8613460727,0.1481677397,0.6174831528,0.09163814329,0.6851706807,0.9197011984,0.01131676731,0.3927793086,0.8204776787,0.4360375494,0.9937167792,0.4851682861,0.6287542422,0.2312119565,0.620344655,0.2726642359,0.6285258945,0.9447404436,0.6695538178,0.4157896711,0.7240915297,0.4569467885,0.5802917505,0.1427844547,0.9585247975,0.8272429022,0.9924039676,0.7650035725,0.05089156474,0.5018977292,0.5572542395,0.1867095653,0.7029753176,0.944490028,0.6189589478,0.6691549547,0.8834746722,0.7261578326,0.1501091824,0.6998421938,0.4483774449,0.2994174008,0.7077051776,0.6494994639,0.7900980094,0.9670673843,0.09078091667,0.3180185899,0.3102842226,0.5400834798,0.008110544919,0.1188225473,0.5512963427,0.9802876351,0.5670354438,0.8390887228,0.2778129685,0.1343033467,0.6639218739,0.3081912924,0.3059593421,0.8568302485,0.8750668333,0.002011258025,0.9724474007,0.5940121616,0.4497335953,0.1351785779,0.8554319744,0.146481457,0.5026236968,0.6789571986,0.06804904173,0.6794278766,0.4782899681,0.04109975194,0.9233531002,0.3393788661,0.2677948375,0.7086301003,0.2822331261,0.859079818,0.7472449239,0.3794875692,0.8124463382,0.06662251098,0.5660315641,0.3862349812,0.2126036434,0.7167207381,0.5852015989,0.8664014172,0.01323473827,0.6301401329,0.6948924563,0.3256597953,0.0814528346,0.9634260475,0.1112498333,0.1731836487,0.4500522999,0.06386381579,0.6599557988,0.3857343587,0.2074484016,0.4005544378,0.005953073059,0.4670236213,0.3915013043,0.8023796937,0.3573403946,0.3646710787,0.2450063415,0.9716421519,0.8307834288,0.7917546183,0.6516064958,0.7508618333,0.1249783638,0.682116781,0.2464290457,0.9382193295,0.7744118703,0.9387774004,0.4799823966,0.4578128123,0.7848712895,0.1128220041,0.5578892006,0.5073550793,0.5708624518,0.2284461938,0.4658532974,0.3460272138,0.2548562484,0.7368045813,0.4263216901,0.8898174734,0.7902978014,0.3679537694,0.7879502649,0.9031463638,0.2906257919,0.9375047945,0.3319509451,0.08162975588,0.5268985781,0.4774751952,0.5251122025,0.7345178969,0.8426538668,0.02518379765,0.03005371059,0.4125060894,0.4330322051,0.8024192709,0.4963085633,0.6599076351,0.1086853354,0.23255226,0.6374544487,0.7649797425,0.1026187889,0.2281686802,0.9046640063,0.680690411,0.1014126383,0.5765057978,0.9108138416,0.2555456447,0.7440901812,0.6758773435,0.785791105,0.2155150307,0.7153639096,0.907238503,0.8122157994,0.7230929988,0.7527732551,0.961641703,0.9970221785,0.03431028039,0.2491752022,0.1903820065,0.01522947108,0.8458628068,0.977111813,0.0710244726,0.8687786749,0.8906779209,0.7124733256,0.8915719726,0.7497652081,0.8948796544,0.8318389237,0.8048371927,0.1991455291,0.9221206483,0.6185069381,0.3045889149,0.6047526191,0.1625101234,0.608038971,0.5836246864,0.5163902284,0.2623661732,0.05241211991,0.4253381227,9.707938347e-05,0.5337262871,0.2432737839,9.698959471e-05,0.3503876171,0.456218032,0.9999779966,0.3625721537,0.4832344104,0.9999779399,0.5812988105,0.2349482104,9.702368001e-05,0.4586928966,0.3163717018,9.70916008e-05,0.5869453075,0.1973859363,0.9999836881,0.514262563,0.3139354537,9.697468511e-05,0.3127361243,0.53852913,9.698969961e-05,0.3858590544,0.4018344559,0.9999780655,0.6132795454,0.2019620761,9.709158938e-05,0.4940583103,0.2784300017,0.9999780049,0.416543025,0.4228165969,0.9999677606,0.3051927781,0.5544288655,9.691986663e-05,0.361324641,0.4184201578,9.763775495e-05,0.4469832386,0.3265961946,9.010211908e-05,0.5968037429,0.1893653235,0.9999865753,0.5377130008,0.2866420918,9.685762837e-05,0.2999909992,0.5675660105,4.335538849e-06,0.3520776352,0.4816216808,0.9999779383,0.4618345225,0.3802450799,9.696348301e-05,0.3060660682,0.4465338411,0.9999780466,0.4032506038,0.500679203,9.449264896e-05,0.6030240805,0.18426198,9.765433011e-05,0.4067312015,0.3629835561,9.687139938e-05,0.2448864123,0.5323859242,9.690915152e-05,0.333488442,0.4232989522,0.9999780201,0.5645732216,0.2544967368,0.0001044012085,0.4834935173,0.2891308683,0.9999773665,0.2585954297,0.5504381439,0.9999779345,0.4649662794,0.3554937529,0.9999778577,0.6778762739,0.3104569022,9.68069851e-05,0.4042472354,0.6413672232,9.696875291e-05,0.4187844967,0.5042102538,9.691075364e-05,0.3986053033,0.3728913827,9.687882452e-05,0.273762254,0.4784861781,9.696933492e-05,0.2321718622,0.5987753604,0.9999781096,0.4762899465,0.4544326595,0.9999781083,0.6290562986,0.1783746767,9.693906468e-05,0.3970203503,0.5417912236,9.698762127e-05,0.6314801765,0.3678014433,0.9999781336,0.3497858001,0.6178796513,0.2452921385,0.5232301734,0.2374467956,0.0001825732882,0.4442220521,0.4684393133,0.9999779098,0.3450116164,0.4400700236,9.693658129e-05,0.5315609961,0.6597740039,0.9999781148,0.5881953645,0.3763308777,0.9999780477,0.633940973,0.1821310141,0.8858431375,0.5051089814,0.2800493276,9.687203327e-05,0.6480821865,0.1696654099,9.55085431e-05,0.5184596599,0.2451318732,9.672591295e-05,0.2240275929,0.5880809833,9.693810803e-05,0.4242410973,0.3427889585,9.688213268e-05,0.2815356765,0.4865949018,9.706368565e-05,0.4837068916,0.4387332396,9.689148493e-05,0.3805379678,0.5506651212,0.9999788983,0.4836688519,0.3169211254,0.9394574137,0.5633452901,0.2159061031,9.68804991e-05,0.3358668501,0.4164016665,0.9999781133,0.4754769989,0.5178100516,9.697201163e-05,0.3203349639,0.6248289007,9.079602112e-05,0.3885069099,0.4983409264,0.9999780193,0.5465936757,0.4215073254,9.714950912e-05,0.4912714035,0.4280848878,0.9999780658,0.7161322471,0.2329546222,9.684868258e-05,0.6202654109,0.1611770372,9.724194333e-05,0.2680830593,0.5047478038,0.6849232183,0.5337626805,0.2399627744,0.6699729611,0.4341439074,0.3578196299,9.041434521e-05,0.3615737295,0.4029525729,9.698982697e-05,0.4233538378,0.5315976535,0.999978038,0.6473863566,0.35691337,9.675405874e-05,0.467854799,0.2951040014,0.9999779809,0.6178432145,0.1694196004,0.9999780105,0.2347145888,0.5855660525,0.0003705225625,0.5909872564,0.4485985386,0.6709898158,0.4186752374,0.4354676555,9.706074328e-05,0.2902333767,0.4845188167,0.9999778808,0.5310903497,0.2738925562,0.9999854691,0.5756972773,0.5341976562,9.71670567e-05,0.4202967729,0.4644342861,0.9999779817,0.4059537362,0.5437136921,0.8733571214,0.4435939003,0.3853288094,9.677419116e-05,0.5577277048,0.583246797,9.68359759e-05,0.6404098465,0.3092274677,9.602686106e-05,0.3216191112,0.5369271404,9.715743627e-05,0.5000613654,0.3772799951,0.7057591162,0.3229857214,0.4662038468,0.3432049754,0.5500857655,0.2141062975,9.081339028e-05,0.384448272,0.6690653717,0.6496074882,0.4738665961,0.3134738239,9.640044693e-05,0.4226837739,0.4677026098,9.636796156e-05,0.1975797471,0.5888966928,0.9999781321,0.5346429111,0.4401158583,9.848448239e-05,0.6817095914,0.1815825588,9.739588473e-05,0.3543691367,0.563850589,9.685781258e-05,0.3088003248,0.4469000007,9.690832742e-05,0.3898895657,0.3739858575,0.5273255609,0.4379563502,0.4603056327,0.6305532734,0.5530835759,0.2200780892,0.9999844525,0.5518546525,0.3315414265)
