mCurrentIter=100
mCounterStuck=0
mYPrev=-31.42510541
mParameters.n_iterations=100
mParameters.n_inner_iterations=1000
mParameters.n_init_samples=100
mParameters.n_iter_relearn=1
mParameters.init_method=1
mParameters.surr_name=sGaussianProcessML
mParameters.sigma_s=1
mParameters.noise=1
mParameters.alpha=1
mParameters.beta=1
mParameters.sc_type=SC_MTL
mParameters.l_type=L_EMPIRICAL
mParameters.l_all=0
mParameters.epsilon=0
mParameters.force_jump=20
mParameters.kernel.name=kMaternARD5
mParameters.kernel.hp_mean=[1](1)
mParameters.kernel.hp_std=[1](10)
mParameters.mean.name=mConst
mParameters.mean.coef_mean=[1](1)
mParameters.mean.coef_std=[1](1000)
mParameters.crit_name=cEI
mParameters.crit_params=[0]()
mY=[200](-5.971299222,15.00697233,2696.981039,27.56921675,-34.52227126,-34.54753084,-23.78970979,62.88530923,11.99454051,-35.65670562,38.45569504,1255.996062,-29.6297659,-7.766231031,21.74741418,35.49016832,-6.049201846,199.7042627,-17.4375206,8.990068132,-19.93393319,-7.630171879,-23.53768303,-3.875145312,38.39144525,4.66554876,-18.8961645,270.6840567,-33.28062786,23.55401873,195.9638362,34.14896308,1113.355756,20.31848277,-38.09777778,17.79907703,-27.69420437,-21.94939658,-14.99348568,38.56430419,933.1251966,49.84728439,39.63054005,1673.140362,24.41348761,-10.5532975,-5.412604957,33.12729021,-31.10304662,37.14188289,35.94650469,12.569894,-27.38000022,55.67096194,0.0454565421,102.8782537,25.72470032,993.9385847,-26.10041887,320.0939972,9.966736213,28.91846917,25.60994579,2.768289744,-27.09300614,-0.7095885192,33.88916692,16.46774377,-31.28451135,115.1347812,5.432229882,17.16746788,92.99287838,2319.379234,-33.04672287,14.1674699,23.50428781,-28.48311481,8.404514959,-14.33614543,407.189869,33.60868422,-36.95340442,102.3988166,3.776293747,-32.98565129,141.8371663,38.73689648,-8.533178441,56.88599658,-1.134618342,-1.067323986,-3.116378671,-36.21344376,-25.95233854,168.2340688,-33.91434129,94.3534843,-3.113838684,-23.38644422,-29.53310182,-36.7275073,-33.25912902,-5.084787967,-35.45486764,-32.4966851,-31.08687123,-33.58817678,-26.98452064,-31.80683238,-28.67626511,-37.31725121,-30.6997044,-32.15961393,2.742012377,-33.64461033,-32.30844675,-24.184262,-34.89135022,-29.76513923,-34.03366053,-30.92618814,-30.04614365,-26.368997,-34.50868684,-35.63434158,-17.30092213,-21.79770652,-34.3799166,-36.30595509,-18.08147076,-27.65778321,-27.70603442,-31.14503072,-28.08448293,-28.31314564,-33.70660231,-28.9371056,-32.27664254,-31.51188993,-18.78385874,-35.17379701,-34.07019618,-31.11905203,-29.97741561,-31.75689998,-35.04371813,-22.01547211,-22.81317495,-32.84193435,-29.81180612,-3.374147807,-24.98846759,-20.17438142,-36.36160344,-27.27073246,-34.29151113,-33.40289529,-31.40515215,-36.40048026,-34.32077274,-33.73151203,-22.71807623,-30.98906448,-27.30826377,-35.66378479,-26.03225108,-21.70747253,-36.63543453,-39.52350291,-0.02289512311,-33.64763644,-36.37680035,-37.51285332,-35.89586283,-16.11798398,-28.64553916,-31.4473855,-35.97724103,-34.70359548,-31.63893837,-23.51554321,-27.46260816,-37.36401085,-34.03514646,-31.5978552,-36.21242082,-36.09554638,-29.40606048,-31.69318316,-4.063726003,-37.15442093,-37.73195647,-23.35507268,-38.10247744,-24.06044248,-27.88608082,-37.90494343,-34.8583261,-31.42510541)
mX=[200,3](0.1156689279,0.7323262217,0.6220481791,0.8957254724,0.2411017349,0.89394424,0.739199165,0.1828583102,0.003246032395,0.07765029485,0.2657233602,0.3532898312,0.4703274942,0.4392668235,0.4011457106,0.1279052939,0.6406943005,0.1753536788,0.1304296592,0.3155455259,0.4835044804,0.4815905248,0.5368555278,0.01710417529,0.8803798387,0.1914427694,0.5972646328,0.3136814539,0.6221781924,0.2474764709,0.8724941895,0.7879655061,0.9590803262,0.3709371888,0.2122921529,0.0753286551,0.8566428491,0.7108072766,0.06903442348,0.9398483219,0.54320501,0.7411861359,0.6021597587,0.9867241292,0.04983839123,0.4923747816,0.8863184591,0.8502989475,0.2699120714,0.2375842768,0.7659779562,0.7677998527,0.0301621065,0.4371223055,0.01377955465,0.7483574234,0.3986307562,0.9087654227,0.3699347456,0.3480075179,0.2345796591,0.5653626636,0.03956272765,0.5751436498,0.7529632679,0.6096548809,0.5121785148,0.4262428109,0.3273226089,0.5809331111,0.3346098943,0.790321744,0.1557967589,0.9105567222,0.8306021662,0.8363125192,0.838928059,0.6167892915,0.1081390913,0.7651231293,0.2162951183,0.6590025028,0.3838353473,0.09709313553,0.6682861035,0.6392743562,0.3679381145,0.2411911335,0.1470022061,0.9466251981,0.294452231,0.1164210867,0.3849312188,0.71890416,0.2574859842,0.4103034808,0.392317163,0.1782955573,0.1134210687,0.3610160734,0.8621872131,0.7328464466,0.5932125158,0.5721980179,0.2058274307,0.4391761998,0.3967189747,0.917127601,0.08658964863,0.6983769683,0.02587520942,0.3289393392,0.6836157333,0.5059401939,0.6234996998,0.5287201586,0.7103886179,0.1468299479,0.9963227075,0.6775648078,0.02501579754,0.01961656289,0.2626736925,0.2021374984,0.460514648,0.1007466504,0.5307690923,0.9345833752,0.8297641355,0.03904591934,0.04933748994,0.1557941822,0.3403342123,0.9606725291,0.5430069732,0.0590262311,0.5842682363,0.6950683493,0.9928612127,0.7955994116,0.5681935218,0.926903496,0.3485539746,0.9965447581,0.6381202224,0.7062832258,0.05821713781,0.4030264318,0.5980670041,0.9890725673,0.526333083,0.08104195469,0.5598083915,0.911665898,0.05037017961,0.6472171078,0.7500581569,0.7249604721,0.1865727069,0.387844026,0.9211152208,0.9684523285,0.6186689274,0.8235212742,0.5723294782,0.7447319579,0.2742587308,0.3041529404,0.2740921132,0.6147817955,0.9200169638,0.8004078089,0.07614086868,0.2366610558,0.4650959707,0.6725987388,0.4611501876,0.7863844522,0.1684285578,0.2979124061,0.4540353718,0.1370568226,0.8623077506,0.8415730387,0.0007275012345,0.9758945322,0.9582005939,0.1500308498,0.5830169673,0.9800206345,0.2020268023,0.7845757347,0.4444107012,0.487175602,0.2542229451,0.04165971864,0.6014139106,0.7573143344,0.7039745429,0.9412780801,0.776302979,0.7913883539,0.2934956788,0.906487453,0.5560958075,0.3783206743,0.5138380463,0.4242674222,0.09541408237,0.4443985292,0.4129188176,0.8050093038,0.6628201569,0.6827591284,0.8943897957,0.6580586815,0.8171733203,0.4106242481,0.1310536672,0.1653763075,0.1052137088,0.08014022872,0.6706023902,0.6648625323,0.3172192386,0.06571604484,0.122550393,0.8858036687,0.1785032532,0.975584475,0.4214891209,0.5403896943,0.5186027497,0.1988595399,0.7792286506,0.8152354092,0.703614488,0.9643784619,0.4999130074,0.6872454791,0.8628970543,0.3274634491,0.1448915256,0.9798596631,0.8734904619,0.8786696586,0.6425172244,0.5522541404,0.2263282947,0.2101688214,0.02237933713,0.4932477837,0.0002050899155,0.8402629041,0.5396889821,0.2545944962,0.4474545329,0.3761009431,0.09245303256,0.06135317049,0.4553417323,0.1944801362,0.9009140014,0.84673327,0.189504575,0.7757945662,0.52095019,0.2285620263,0.9594347371,0.9344546102,0.5054890263,0.4013167844,0.8123068127,0.5642408156,0.4742965802,0.8061514382,0.3544523692,0.8584565149,0.16215771,0.2824784785,0.459035306,0.4701265413,0.3375752039,0.3558123367,0.6329323832,0.3025678157,0.2201769134,0.2840800164,0.6947751839,0.6569708625,0.3321162257,0.7227831494,0.3018710548,0.2721703952,0.9409590978,0.2814686546,0.7295288968,0.824665702,0.5098941203,0.1207216713,0.9999781174,0.5195151771,0.3387608629,0.8155878723,0.6153649105,0.1872588337,9.763334057e-05,0.5406429643,0.3104153584,0.9999780857,0.3812773263,0.4745298817,0.999985562,0.6154638193,0.188053926,9.97326398e-05,0.6145402437,0.188808577,0.9999838746,0.5226999267,0.3236615089,9.695694464e-05,0.521507629,0.4807814143,0.0001049594183,0.3089144501,0.5375369341,9.641382983e-05,0.5435099382,0.2981015195,0.999978148,0.5278599628,0.4952417608,0.7802093545,0.629396593,0.1629182687,9.196369479e-05,0.4031341539,0.436370024,0.9999795668,0.5566632877,0.265066784,0.9999779956,0.3316150385,0.5044795767,9.716148536e-05,0.5131719439,0.3517751118,0.000100907448,0.6302415641,0.1677715855,0.9999781158,0.478065505,0.375614648,0.2567801625,0.5819466411,0.2230105792,9.692849883e-05,0.4809384181,0.5709102256,0.9999747867,0.6366062024,0.1594778541,9.693679616e-05,0.6493152917,0.1505238713,9.724056161e-05,0.401762817,0.4290632174,0.9999779759,0.5863064103,0.5408176045,9.701550784e-05,0.5661723101,0.4024128629,0.9665404617,0.5584633515,0.2533025981,0.9999850029,0.7794708835,0.3118409107,0.000102406502,0.2716501538,0.5922246924,0.2038116376,0.577586924,0.2369201046,1,0.6242065708,0.1680066535,0.9999781008,0.4481800038,0.4034061162,9.713284468e-05,0.4230279735,0.6054272285,9.703497711e-05,0.5806419941,0.5365437798,9.692657183e-05,0.5062504503,0.3300977839,9.684637983e-05,0.6705045584,0.2564112097,9.700557233e-05,0.3687904918,0.4598536538,1,0.5677839167,0.2569982693,9.859909537e-05,0.6558917671,0.1389381163,0.9999780433,0.5862146958,0.415811016,0.9999781748,0.6755563862,0.158658388,0.9999780588,0.4369404057,0.5753145135,0.2893828884,0.5664685034,0.2321821892,9.693508134e-05,0.5818719478,0.409063579,9.696947036e-05,0.4523536343,0.3919795837,0.9999821691,0.5285373005,0.2988240158,0.99997821,0.6726952496,0.244948278,0.3737138485,0.6026707127,0.1713110135,0.9999780094,0.6189670636,0.5877523797,8.577408343e-05,0.2792643598,0.5467260598,9.058880058e-05,0.6160274892,0.3108049167,9.670119407e-05,0.5298579947,0.5474213582,0.999982482,0.3950348855,0.4357939089,9.70190488e-05,0.7114117764,0.1443896814,9.032034113e-05,0.3878527262,0.6679353818,0.3433297058,0.5819597837,0.1979575935,0.9999844859,0.6838844573,0.4180618278,0.9999570124,0.6266092292,0.1454521951,0.1846226957,0.5210690538,0.2976222977,9.69726296e-05,0.5955339199,0.4562141194,0.9679014385,0.5827700456,0.2294983287,9.365768595e-05,0.4418654712,0.4752337302,0.9396745178,0.5509997502,0.4040207699,9.694959191e-05,0.7187611757,0.3105063812,9.700800656e-05,0.474110019,0.3667634947,9.707113852e-05,0.3477370593,0.4724535132,0.222157322,0.576561023,0.2100857531,0.9999780756,0.7246674059,0.1706315143,9.783980074e-05,0.6094441887,0.5806572187,0.8241358084,0.5991872734,0.2994641532,0.811768397,0.5978300454,0.1859949505,0.9999761938,0.3058897717,0.5827091662,9.721574855e-05,0.6089163766,0.3632350989,0.641603262,0.6284163246,0.1343135147,0.6512101595,0.5260913804,0.449249033,0.6289476014,0.5061708,0.3104287058,0.9999782666,0.7774087031,0.3901182383,0.9999787996,0.6310329977,0.4796086655,0.0001030108073,0.4650913472,0.5525829426,0.843725321,0.639069843,0.2637470492,9.706881607e-05,0.5047635017,0.4281859114,0.0001022557896,0.6197755858,0.1562437816,0.9999852423,0.5117152348,0.5644496396,9.692994148e-05,0.6507603779,0.4325551294,0.5176953742,0.5390594975,0.273598725,0.9999780071,0.5918124048,0.3472887902,9.729087889e-05,0.5725094868,0.2407618856,0.9787907806,0.5948693365,0.1811133422,0.5944111636,0.4744027431,0.3570580403,9.70068421e-05,0.3856982522,0.4339431563,0.4063280613,0.6755963775,0.2278721559,0.9999829442,0.6745917218,0.7240669799,0.6680932471,0.622609459,0.1422264247,0.5170121063,0.5277412739,0.422798838,9.676937673e-05,0.4691390893,0.6380174759,0.6549662917,0.5805389153,0.2052267271,9.72370898e-05,0.6198119714,0.5473003687,9.702016547e-05,0.6976080768,0.1304575646,0.4051729628,0.5795689251,0.323728232,9.696828689e-05,0.4860731258,0.4725444604,0.999977911,0.6807679942,0.2481021906)
