mCurrentIter=100
mCounterStuck=0
mYPrev=-42.79197118
mParameters.n_iterations=100
mParameters.n_inner_iterations=1000
mParameters.n_init_samples=100
mParameters.n_iter_relearn=1
mParameters.init_method=1
mParameters.surr_name=sGaussianProcessML
mParameters.sigma_s=1
mParameters.noise=1
mParameters.alpha=1
mParameters.beta=1
mParameters.sc_type=SC_MTL
mParameters.l_type=L_EMPIRICAL
mParameters.l_all=0
mParameters.epsilon=0
mParameters.force_jump=20
mParameters.kernel.name=kMaternARD5
mParameters.kernel.hp_mean=[1](1)
mParameters.kernel.hp_std=[1](10)
mParameters.mean.name=mConst
mParameters.mean.coef_mean=[1](1)
mParameters.mean.coef_std=[1](1000)
mParameters.crit_name=cEI
mParameters.crit_params=[0]()
mY=[200](1166.657503,-46.14546022,-24.82116679,-34.41235193,1547.878101,181.9424406,-25.13002933,-30.40043208,518.2711367,2.105886373,-26.39813505,-4.947658824,19.39537407,159.7448155,-31.66257575,15.0880336,129.7629956,-7.285796247,-41.0338154,12.07866709,-35.75525022,-53.00660435,48.14561921,-9.273239245,-22.45025013,34.64899453,282.6615358,21.95742793,-50.85457752,-4.201088688,-4.856371913,30.30035832,-25.55419099,-20.35501636,19.70757612,-28.42378463,52.34800289,-42.26437061,-44.41013562,31.93922903,-27.71530498,-3.737216799,-46.59567927,-42.74752295,-41.06976026,-42.2301129,-27.76053398,-53.35684385,58.43349513,33.22389097,11.68644242,-23.41579226,-37.47622032,-4.541181616,-42.31570706,5.088363313,11.24322258,-44.05222665,-9.421642989,-20.81743795,-12.67419649,-35.53724652,4.673055226,-43.04687612,-27.07736605,39.68326618,-41.42594452,71.16600883,27.28845549,14.89874359,-33.55514918,27.50908109,-29.75631049,-19.68657617,2.310812932,40.24482935,18.46697891,-6.56392229,36.78221484,-36.59660128,-44.47778067,-50.5209286,24.94635438,22.08872967,1267.923046,38.23271458,-40.05007101,57.10347796,-1.560293266,19.02887777,5.402802582,-44.48159858,-8.305940295,30.59099304,22.35371494,4.80090707,256.2438298,894.7889339,-6.218730358,-20.8582853,-48.34136263,-53.85010023,-48.43872939,-50.40385339,-47.5611879,-54.06789256,-51.43882797,-49.51497595,-51.88624344,-45.67435321,-45.98115345,-54.03696956,-48.8322609,-53.42737697,-36.46824855,-49.31169964,-51.28484926,-49.96018561,-47.82150722,-52.60284386,-43.07429243,-53.48603312,-48.55132777,-51.07792695,-51.1296088,-43.64637147,-48.8995,-48.57311329,-49.18259317,-50.43033477,-53.20318084,-52.02203553,-46.07602471,-37.13797435,-48.01603356,-52.52692361,-49.8547608,-46.57748175,-50.51401776,-47.97418037,-48.77702116,-53.15416612,-51.50094573,-47.11983714,-53.29821439,-51.43781324,-48.77296816,-39.52518892,-49.21088587,-50.42024949,-53.03523767,-53.86947579,-47.92165417,-51.43612859,-53.24506764,-52.20039026,-47.04631346,-50.54369162,-39.75086532,-43.96442642,-54.42324632,-41.68161902,-51.41938714,-51.73733882,-52.41035903,-29.60674558,-41.25152162,-48.65673657,-51.13144993,-51.48641611,-41.7800399,-50.02316312,-47.48781977,-49.69681058,-50.88055423,-52.81391274,-54.49595009,-51.01936849,-53.70644784,-47.28398471,-47.40395603,-54.06502863,-46.66406785,-50.94475926,-43.18481031,-51.82679338,-52.11824986,-49.69751117,-49.56261636,-52.97334435,-53.68902901,-46.78196214,-51.22074922,-33.03400998,-54.22813742,-37.15776127,-49.05808379,-50.11227623,-50.22045047,-42.79197118)
mX=[200,3](0.05143134431,0.2348983031,0.02698676971,0.9410441773,0.3747556962,0.3338040001,0.4664048686,0.6464382493,0.5264694167,0.9526156735,0.4795963468,0.07572424934,0.01117528577,0.09038268679,0.09848961099,0.1337894668,0.3853703503,0.0663709966,0.4001614682,0.5710076467,0.6104740378,0.5357039227,0.02421320783,0.4545397844,0.3329992142,0.1447774285,0.1553511041,0.7357976812,0.312586632,0.864650726,0.7901957886,0.6869786223,0.4659398901,0.6002209483,0.8279891583,0.2754762729,0.9698290013,0.9481299172,0.1942089316,0.2135759056,0.4320364548,0.03891576674,0.1750779878,0.3394989615,0.3231680498,0.6931845021,0.1096702149,0.9303687123,0.181961142,0.18802323,0.2307454659,0.2903264616,0.7983251588,0.3791686371,0.3413385759,0.2945022339,0.6267182635,0.02849825731,0.622296447,0.8145266128,0.4196996117,0.6149922185,0.1612631583,0.7432769847,0.2721236935,0.5363554181,0.5176732983,0.3548086884,0.1706264403,0.899304851,0.8149026621,0.3112058686,0.1130231438,0.7136803809,0.2148797543,0.4230619318,0.9043196622,0.7717317943,0.8419740248,0.04216125059,0.2584601677,0.8331578841,0.9652053869,0.129592216,0.2075810161,0.117991191,0.5493427813,0.6392398829,0.6938774865,0.6890576838,0.9092417764,0.07226480804,0.3995514367,0.3560865641,0.4813574999,0.961377592,0.3968042609,0.05739132776,0.7395212736,0.7172943626,0.4946764352,0.7119443785,0.545585254,0.9362029773,0.3439537082,0.5271551284,0.002731349557,0.7233293672,0.5962714408,0.8419683376,0.9741322286,0.7662405175,0.468116908,0.2453948922,0.9925496778,0.3997305201,0.30376384,0.5659642613,0.4424184788,0.9832461211,0.06091213077,0.6734550081,0.1838062229,0.1059343137,0.209462365,0.8341345757,0.867004894,0.2869129986,0.5960391388,0.8081079778,0.5378186705,0.5093671365,0.8129036292,0.515006766,0.1029905503,0.4955059229,0.5631387098,0.3619138051,0.0005046735448,0.0876653104,0.406793274,0.3718486189,0.1928333842,0.4818230408,0.7291749747,0.4180176543,0.05540858014,0.4447833677,0.8830045994,0.7857852326,0.2773874896,0.7461252619,0.7436536908,0.9312059552,0.5034739427,0.7010073223,0.8875971315,0.5453856934,0.5638546995,0.6251416349,0.01683368758,0.8431404538,0.6530818646,0.06134628932,0.4933477629,0.3024106009,0.861354238,0.4216741044,0.1423678871,0.03284677775,0.9141137752,0.1285399287,0.3267918901,0.5820135182,0.7759259676,0.7035237474,0.6494052215,0.6151239984,0.1748102718,0.762238779,0.09657720079,0.5867634412,0.6790580621,0.4822601177,0.6332460614,0.2696770961,0.4526446761,0.7857524289,0.6399184286,0.07057982554,0.3636623731,0.5716908878,0.975619467,0.7211354977,0.2847104613,0.6624417928,0.959455886,0.7501733721,0.1639743223,0.5269298904,0.4451337547,0.3640182178,0.4275969614,0.08404124686,0.5040491837,0.8312932047,0.7993132837,0.5762639475,0.1688451873,0.9282238306,0.4345477614,0.6549711065,0.1316090335,0.8766327695,0.9721008461,0.4704679778,0.7593554921,0.1368113629,0.4147685039,0.3833708209,0.3094529394,0.2989677834,0.0856697082,0.2579150667,0.8562779386,0.2809193329,0.8017953949,0.9030663281,0.320875248,0.9256867156,0.3895656674,0.2280922438,0.7528550313,0.5555491414,0.1594150124,0.7749476057,0.8915700686,0.9250766038,0.5521366248,0.01555574153,0.2341065028,0.4519009503,0.5115791193,0.8549187125,0.2613120721,0.4331819108,0.04132403248,0.8984898132,0.658813902,0.2529910709,0.3411813056,0.9421098603,0.4759539513,0.9999506355,0.0009126739833,0.821479289,0.9875359683,0.6611740351,0.6495565724,0.6024883514,0.3547520233,0.5544989569,0.9156472599,0.9541911533,0.7879418984,0.8542187527,0.1467440788,0.6791452941,0.7690177554,0.8052139577,0.9166365675,0.405288956,0.8730804195,0.9820850847,0.1293039033,0.6041519976,0.03312054342,0.5999529059,0.6981714515,0.2681002423,0.2170362544,0.9918909401,0.6832890413,0.66538096,0.8876408936,0.2401502573,0.8730255392,0.2257679221,0.708194484,0.1549321904,0.2013842788,0.5803437138,0.2261590046,0.04737190316,0.1981373106,0.2437885299,0.8216377597,0.3134599298,0.7371510636,0.1129657323,0.9999780213,0.5704888703,0.188094313,0.927531,0.359818097,0.4376931795,0.9999780335,0.5725563408,0.1855372104,9.694650362e-05,0.3217030421,0.4459856668,0.9999781305,0.5754162354,0.1801175864,0.9999773264,0.410618148,0.4086660365,0.9999780842,0.265663334,0.486995873,0.9999780046,0.5314530343,0.2655952845,9.043130291e-05,0.257955053,0.4809105484,9.721961196e-05,0.4174957654,0.3929169628,0.9999781454,0.5818662047,0.1604738287,0.9999780644,0.3599582271,0.4826494922,0.9999761542,0.2056548043,0.5137963429,0.9999781181,0.4597515442,0.3648487704,9.709914911e-05,0.5233764136,0.2780767682,0.9999683876,0.3120610262,0.4140764078,9.703145507e-05,0.2099893169,0.5211231298,9.694558548e-05,0.3366845921,0.4400470479,0.9999780496,0.5812201299,0.159571526,0.9999779971,0.3785738052,0.508950814,9.70380804e-05,0.1736878672,0.6211713212,0.999978145,0.4519022681,0.4003975319,0.9999851784,0.2100156547,0.5086083322,9.698678883e-05,0.2573642938,0.4607538366,0.999978113,0.5028317665,0.3011936894,9.709908918e-05,0.4391682711,0.3758814787,9.709727076e-05,0.368021366,0.4938830443,0.9999781418,0.5685272796,0.2212137222,0.999969099,0.3148972699,0.4082961404,9.726456662e-05,0.2024535072,0.5335860525,0.9999780243,0.4411010226,0.4559543202,0.9999781197,0.3232511652,0.524391868,0.9999838785,0.581045933,0.1441106516,0.999978246,0.2438450369,0.6664580634,0.9999779944,0.2442903518,0.4618984516,0.9999772783,0.4688501791,0.3401345252,0.2914207542,0.3470211302,0.4069758302,0.999978035,0.4036344882,0.5716610908,9.88874949e-05,0.2874409574,0.5159765193,0.999985216,0.1899864475,0.5582334298,0.9999782247,0.555384299,0.2314880719,0.9999781431,0.4601035764,0.4423264262,0.9999780414,0.3791562808,0.3852809139,9.711506492e-05,0.420164644,0.46648904,0.9999779419,0.3235521662,0.4846617243,9.703728835e-05,0.1958045895,0.4849838619,0.9999780121,0.5803429909,0.1419890839,9.710613224e-05,0.4830097608,0.3267690328,0.999978087,0.2343644873,0.5537161386,0.9999780454,0.5220482212,0.410523408,0.5608887702,0.2639969624,0.4421185016,0.9999780279,0.3952519631,0.4827947542,9.696795926e-05,0.1977645859,0.573996626,0.9999781648,0.4870052496,0.3134017031,0.3700820068,0.3105446102,0.5053190326,0.9999780739,0.3890755396,0.3858737244,0.9999779947,0.1804541877,0.4965969895,0.3389136151,0.3966229258,0.435219415,0.9999781103,0.6545571693,0.2126981595,0.9999780807,0.3966810501,0.5961812357,0.5217359594,0.3003278163,0.5085169344,0.6201011271,0.5457726466,0.2026595332,0.9999780384,0.4413605967,0.5002138488,0.999978038,0.3179245773,0.4534836856,0.9999782079,0.4528849835,0.3580191524,9.090906823e-05,0.3101931816,0.6806227267,9.69186401e-05,0.4307935964,0.5445822946,0.1588318781,0.2768285321,0.4180832233,9.70975379e-05,0.1675879798,0.5088861634,0.333748414,0.2686993267,0.5419377087,0.9999780077,0.161622688,0.633105729,0.9999780867,0.5211765194,0.4262450133,0.2449237964,0.4316954475,0.4150662304,0.9999780295,0.2789207122,0.5536809182,0.9999782299,0.5158757301,0.2834051913,0.7036820194,0.2228618738,0.4732093024,0.9999778941,0.3785016499,0.4474867291,0.9999856446,0.3903416086,0.3716321901,0.4175896256,0.3251603919,0.4859397393,0.9999779705,0.142087834,0.537389878,9.729523569e-05,0.2220754849,0.5747811363,0.3394487231,0.2176781906,0.4737213332,0.9999780054,0.5778211062,0.1343405703,0.9999781939,0.525585992,0.3472049165,0.231871924,0.445904262,0.3530520171,0.999984482,0.4510204416,0.4713763261,0.9999780244,0.3013434498,0.5055108019,0.9999771438,0.5291038132,0.2268509435,0.9999761023,0.324805567,0.3994582637,0.4120704765,0.3555964504,0.4680846477,0.3806873206,0.2533200427,0.51974633,9.69811244e-05,0.09558926519,0.5963948406,9.7108016e-05,0.1518000312,0.5158581237,0.0053221622,0.5664402288,0.1915955955,0.9999773006,0.4346372149,0.4153675554,0.0001051936869,0.1714141526,0.6624804464,0.775506159,0.2152506142,0.5741538657,0.9999780071,0.4119857421,0.5314713164,0.796591829,0.1941326102,0.4844174115,0.06135049758,0.4932693983,0.4529753003)
