mCurrentIter=100
mCounterStuck=0
mYPrev=-61.84155678
mParameters.n_iterations=100
mParameters.n_inner_iterations=1000
mParameters.n_init_samples=100
mParameters.n_iter_relearn=1
mParameters.init_method=1
mParameters.surr_name=sGaussianProcessML
mParameters.sigma_s=1
mParameters.noise=1
mParameters.alpha=1
mParameters.beta=1
mParameters.sc_type=SC_MTL
mParameters.l_type=L_EMPIRICAL
mParameters.l_all=0
mParameters.epsilon=0
mParameters.force_jump=20
mParameters.kernel.name=kMaternARD5
mParameters.kernel.hp_mean=[1](1)
mParameters.kernel.hp_std=[1](10)
mParameters.mean.name=mConst
mParameters.mean.coef_mean=[1](1)
mParameters.mean.coef_std=[1](1000)
mParameters.crit_name=cEI
mParameters.crit_params=[0]()
mY=[200](-60.48420639,1548.193646,-18.94123398,91.47508751,10.40428835,-10.73942508,-14.40890447,1054.428024,-26.98973772,9.892666996,-6.535793196,-31.18454829,-2.817594853,0.3850051487,-56.24713067,-13.45057856,-32.44710515,-26.93134495,-18.57743457,33.11562609,-10.96092581,-47.01977486,823.3284328,-10.30858784,25.52760216,-53.66659437,-6.066025316,-30.1143244,-18.10595971,565.2440611,-20.15647984,319.4386016,-28.02876906,-58.90316529,-39.43302028,-55.75102784,-8.780510602,18.92428575,-29.98847156,-32.06465835,29.21560391,127.1718129,-34.4997058,20.08562953,611.7798993,-18.69424722,24.8067262,-33.61748047,411.9495489,16.28367479,614.0056815,33.81736235,3362.603951,-12.10250408,35.61572277,-48.76633456,2.486551374,-28.85094311,-58.96930142,22.32540749,-58.96913806,-54.83234248,0.62276861,-41.68164413,9.345996403,-49.14685173,-56.18029951,-57.76534634,31.01840864,1645.339991,14.84070223,36.61393544,-56.23955263,-44.63012168,18.44900066,11.06464447,-34.7719275,-6.280254968,-50.52088098,-21.45796431,46.50026316,44.54169776,31.88450581,-48.69247362,-28.4710966,-3.880689419,-7.767922745,35.23993908,-16.16052568,-55.31693167,12.80805575,-17.66839361,-53.20334554,-16.24516901,-0.9217449339,-51.63898961,99.63121147,178.2133473,59.27407881,7.818424928,-63.2437222,-64.02355446,-62.85937634,-63.37154247,-60.51145903,-61.27310182,-63.24440105,-61.83223856,-53.50458822,-57.58758904,-58.90410301,-56.85417051,-62.75117909,-54.61392858,-58.16126813,-61.89094371,-61.70675636,-60.83071424,-55.33616358,-50.56473056,-49.03568194,-61.97274411,-53.5909402,-62.08308672,-60.94092812,-54.27197216,-63.12151355,-61.54395725,-47.85709449,-53.10563005,-47.92648351,-62.61928569,-60.08744703,-62.18267653,-28.79916246,-63.80895462,-54.43678548,-62.17131772,-59.68775904,-60.65657345,-58.63261897,-59.48603481,-58.48032497,-48.83329811,-61.73123355,-62.05874325,-51.4740262,-42.8990165,-58.18751105,-57.43451018,-57.38460985,-62.75145854,-58.25422824,-62.91831783,-60.88733009,-62.53646227,-38.69233626,-59.04721057,-61.54865529,-61.74906891,-44.36734457,-57.26754033,-56.1689122,-49.48114325,-35.050371,-62.05549856,-55.68141144,-53.80888121,-63.7148039,-53.79541698,-62.63470757,-37.18505643,-63.61214485,-62.20618889,-58.58841145,-54.88298232,-56.83465356,-63.68466646,-62.17668005,-62.94171713,-56.40275792,-47.72331802,-63.59293221,-60.58114806,-62.21026914,-57.13592,-58.35096407,-54.88529085,-61.87821624,-58.47942912,-61.23950333,-24.84557925,-61.88494655,-60.64458944,-57.50143103,-63.00597854,-62.69502654,-54.06215889,-42.5510656,-61.84155678)
mX=[200,3](0.9368994248,0.5821419646,0.1237315292,0.6161656534,0.199212964,0.05442483265,0.3888830394,0.2554143491,0.7905354363,0.7897314055,0.2405423826,0.2704126434,0.5276290873,0.2710043291,0.9447435576,0.1154806134,0.1457790903,0.4638257137,0.4999253961,0.7346660355,0.6822159102,0.3089214575,0.2646116468,0.04837413755,0.7639463859,0.280122801,0.7120099383,0.1939161301,0.3621705375,0.9348691229,0.6604064686,0.4379138046,0.8539041167,0.8893778306,0.7654838625,0.381859165,0.644682564,0.4959472186,0.8652069186,0.3110422198,0.8641505038,0.6329481292,0.8934146841,0.6213070942,0.198275265,0.1851230874,0.7508236484,0.6540334807,0.1546368111,0.55519697,0.6623780345,0.2602005392,0.7863208601,0.3693767971,0.7744512553,0.3899913157,0.7833778158,0.6901482274,0.1599417873,0.4303434748,0.1487430021,0.8700109316,0.3322775549,0.556326052,0.5215835977,0.5883628605,0.6086700259,0.002481340501,0.2651979844,0.4287707919,0.4072328874,0.1358316579,0.846485143,0.8200656937,0.9272255982,0.9817117575,0.5102634222,0.1452016652,0.6226638238,0.04433976457,0.6027051833,0.08838575934,0.6663594224,0.5953722157,0.8778847069,0.8125124595,0.5094146918,0.8292045101,0.1639670367,0.2035088288,0.5942168343,0.1097875031,0.7063554914,0.682076912,0.3519962644,0.0619751215,0.05970848402,0.08340127915,0.6468518628,0.4692448995,0.4279663594,0.5133521963,0.5847411632,0.7162958184,0.3905561929,0.4830802447,0.4624929483,0.1569147017,0.1641247205,0.1867892877,0.8470263279,0.3761692923,0.02890476803,0.9857611846,0.0343067983,0.6338211285,0.6268666885,0.06805906206,0.6861296146,0.5504037522,0.2181058856,0.8530291597,0.8941349325,0.4500046401,0.1185995099,0.3461745918,0.5330028566,0.2242221426,0.4746934522,0.9456725979,0.1320368328,0.991361983,0.9266320299,0.3167747401,0.0732063653,0.8593873575,0.2171649278,0.7481320976,0.4744113228,0.9717346144,0.7213168194,0.2394466089,0.6973313819,0.5226976321,0.3406062485,0.3759117105,0.02250395816,0.5072036796,0.9078539571,0.7380725062,0.5195890524,0.01486329152,0.2947702765,0.2558549754,0.07869230622,0.4557470468,0.811846179,0.03024882152,0.01638527097,0.09913057036,0.2094259174,0.82847924,0.1700864418,0.8046044795,0.9606719723,0.7156055725,0.6776463796,0.3219478124,0.9069063781,0.05347746884,0.577347429,0.7201602888,0.7777901387,0.4080838774,0.7385327979,0.6130173003,0.2302595075,0.1312889599,0.9251980071,0.7556953011,0.5700989554,0.5018293652,0.1677614055,0.2268739145,0.5758708048,0.4406043476,0.9594171176,0.3070278027,0.8864885917,0.9795550134,0.7255274287,0.118703334,0.5642852645,0.790140878,0.8177304649,0.7901587687,0.390570325,0.5609322572,0.8013932391,0.5921846285,0.08898965537,0.8310056187,0.4779615871,0.2242478736,0.6314823939,0.3405118587,0.1755156618,0.2051359577,0.4140604785,0.000538733846,0.7521760267,0.9948238369,0.2840301899,0.2775723846,0.9423287134,0.8734779877,0.4048798177,0.5356661752,0.4840836042,0.04844107549,0.4406982507,0.6197749268,0.02112545982,0.9345240481,0.6946396732,0.4304302799,0.9693342892,0.1085397217,0.5459901107,0.7467752851,0.3774994323,0.07031407193,0.4818214727,0.8366751087,0.3953689716,0.547141394,0.5368822967,0.7408225648,0.324132537,0.7641537552,0.01980143628,0.9895828895,0.9010596227,0.3646501131,0.8999005376,0.9743726895,0.8690815522,0.1274908846,0.4930709129,0.657455888,0.7000263643,0.1801979104,0.1241632014,0.09775027195,0.6756444279,0.1054169775,0.9120875282,0.3000253486,0.912344766,0.8899011698,0.3510234317,0.4152206459,0.832389463,0.9564108444,0.2815130318,0.2392646301,0.8082838193,0.2944359832,0.3394931425,0.5450676829,0.3233243757,0.6096682652,0.9132765806,0.002226464022,0.8470673756,0.2195380197,0.4471250612,0.6599769134,0.09938823119,0.6728151878,0.5602456578,0.7794012807,0.9976211487,0.2931165784,0.4240562198,0.9670366391,0.641406383,0.3143535819,0.3372652719,0.06435656836,0.4116353264,0.3548954419,0.1780783254,0.2486014034,0.7032102217,0.4586389076,0.03890838152,0.2421374303,0.9544520602,0.2557009266,0.4691808141,0.5185438088,0.2933127028,0.5683146336,0.5308226049,0.282013013,0.7006504046,0.5503581951,0.2650518807,0.2857057207,0.492521902,0.3218881664,0.8992985222,0.5824036657,0.2409442513,0.7563557367,0.5709716269,0.2512259207,0.06213454733,0.4567188497,0.3623093026,0.7081533367,0.5904079722,0.2344123267,0.9999780008,0.4770709445,0.3423483287,0.000106937083,0.5902371159,0.2510634513,0.8700042176,0.5967619498,0.2329286135,1,0.6129306634,0.2188312956,9.708951477e-05,0.4275397852,0.3971132026,0.9999779972,0.476144033,0.337846183,9.938722686e-05,0.5719300381,0.2585569748,0.7789485117,0.5484474643,0.2464447257,9.686444627e-05,0.4045486828,0.431302068,0.2787072302,0.5450279288,0.26190109,1,0.6088653922,0.2210927967,0.9999780043,0.4519279523,0.4001017869,0.0001038755111,0.2985072139,0.5819280127,8.986451368e-05,0.4844705309,0.3331965371,0.9999667606,0.6405759057,0.2071204519,0.8409139222,0.5279907039,0.2647508053,9.685672058e-05,0.3833638241,0.4618409511,0.01201578635,0.6294923389,0.2267679056,0.8264232334,0.5092708806,0.2796710545,9.702108833e-05,0.4568085896,0.3659759599,0.9999780472,0.4380837416,0.4461692933,0.9999707563,0.6389528098,0.2041096701,9.694653509e-05,0.2965671026,0.5955771775,0.3058955616,0.5251899211,0.2668138263,9.694609695e-05,0.3723761927,0.4761357272,0.8318898526,0.5335040047,0.2571944197,0.9999699118,0.3221330918,0.5919299777,0.4955040793,0.4601050149,0.3351055514,0.9999761859,0.6265717483,0.203796181,0.3064241286,0.5111352454,0.276393877,9.694602187e-05,0.5239855932,0.4045094889,0.8174310004,0.5228028793,0.2605874823,0.4469078897,0.6032804012,0.2392686755,9.698473925e-05,0.366153111,0.4774175528,0.8232459882,0.4415249045,0.3794206188,0.9999781296,0.6687108222,0.196012434,9.704290308e-05,0.4142173096,0.3905074723,0.3433974661,0.539713049,0.2409129435,0.9999779611,0.5125376439,0.4621317653,9.921575109e-05,0.3186698685,0.6386133188,0.8706775593,0.4921421785,0.2958678238,9.692380412e-05,0.347294239,0.5054930714,9.783169838e-05,0.5653668715,0.3660428119,0.3479016882,0.5302685807,0.2597265183,9.688292817e-05,0.4778317357,0.4735952284,0.4743815681,0.430009474,0.3603428611,0.7576809627,0.5885523493,0.2078271019,0.7966757518,0.521242522,0.256887204,0.9999781013,0.3822939115,0.5033474652,0.7468427194,0.5942947877,0.2058587278,9.085220837e-05,0.487884688,0.3111776563,9.70925699e-05,0.388652655,0.419775927,0.9999781019,0.7117201417,0.1969599638,0.9105521912,0.478987748,0.3155615763,9.703930963e-05,0.5617544328,0.4159705685,9.693379859e-05,0.2702608898,0.5660802575,0.9999781343,0.4655232147,0.6428354452,0.3442720233,0.5260798481,0.264765956,9.69213878e-05,0.4571372447,0.5183357263,0.9999779749,0.5446771051,0.4086132863,0.4080194124,0.4075104126,0.393184781,0.08725940561,0.6386416561,0.2124559455,0.7910952223,0.5285692796,0.2339944118,9.186991761e-05,0.3873885172,0.6754785791,0.3166035422,0.4624907241,0.3221111305,0.7904542447,0.5445520303,0.2433386974,9.692788037e-05,0.3489030118,0.484274037,0.0001134243499,0.637894776,0.2161014447,9.644917692e-05,0.5848321857,0.3447403474,0.5014334621,0.4134077265,0.4146027381,0.3385819504,0.5135814989,0.2629455409,0.7907702908,0.5441405551,0.2503425949,9.699173442e-05,0.5094511286,0.4735045536,0.9999853227,0.562303565,0.5087092931,0.3889315462,0.4378962924,0.3533120462,0.597065854,0.3970925269,0.4494064108,0.6310232288,0.5403219795,0.3734540233,0.9999760952,0.5802325878,0.2030854037,0.9999737503,0.5807046987,0.2017727142,9.696370275e-05,0.4424066137,0.5408398664,0.1822415172,0.4663504668,0.3158806061,9.723932723e-05,0.5256480529,0.4295805169,0.8614304534,0.576539923,0.2046592978,0.9691465342,0.2756598322,0.5964842387,9.689677681e-05,0.3951431751,0.4116099526,0.4383772808,0.5879279121,0.2074257344,0.9999742009,0.5659964964,0.2103620782,0.5456900746,0.4740921484,0.2991327582,0.6287300761,0.5334038163,0.3805817859,9.921403054e-05,0.3056089623,0.5232007984,0.9999780107,0.7211493352,0.1967312992,0.2867141146,0.5051847923,0.268780034)
