mCurrentIter=100
mCounterStuck=0
mYPrev=-24.40166818
mParameters.n_iterations=100
mParameters.n_inner_iterations=1000
mParameters.n_init_samples=100
mParameters.n_iter_relearn=1
mParameters.init_method=1
mParameters.surr_name=sGaussianProcessML
mParameters.sigma_s=1
mParameters.noise=1
mParameters.alpha=1
mParameters.beta=1
mParameters.sc_type=SC_MTL
mParameters.l_type=L_EMPIRICAL
mParameters.l_all=0
mParameters.epsilon=0
mParameters.force_jump=20
mParameters.kernel.name=kMaternARD5
mParameters.kernel.hp_mean=[1](1)
mParameters.kernel.hp_std=[1](10)
mParameters.mean.name=mConst
mParameters.mean.coef_mean=[1](1)
mParameters.mean.coef_std=[1](1000)
mParameters.crit_name=cEI
mParameters.crit_params=[0]()
mY=[200](4.452357399,28.61942222,22.42038362,-9.938287653,-9.381407122,18.06939028,-19.22102262,44.71447779,1186.860956,7.28156805,13.80199175,-5.391284747,44.2256222,59.8786075,15.2405832,377.0583494,37.37185539,-22.18047238,41.29217845,-9.364592619,-18.12352129,729.2687695,-28.48204642,29.20564095,90.05409631,23.30741661,-26.08197111,43.64084287,39.53220372,58.86314444,-6.908406282,11.43182237,-23.39985055,-25.29336322,13.584277,-25.2630045,3.733801408,46.85697854,127.6318785,25.63184142,51.24280943,-23.51702953,13.29223996,32.28379893,139.5488932,11.66931461,22.73622556,14.31186518,-18.15137193,38.29659512,41.87227446,0.9851770791,-26.27826135,25.85767056,16.67347896,12.14242759,35.80863253,1451.920214,-8.109170844,113.1245456,35.89571339,-8.166212251,22.88722797,-5.387174346,10.77225844,-5.070215131,9.18674197,21.70522103,2.84745219,38.76115369,54.17785976,-4.986189932,34.08302663,1.690655716,117.7469415,-14.81146003,-4.808902671,51.93843407,-15.62053356,2039.655711,5.933775524,65.45660257,-26.23067314,12.26472709,173.0820881,199.652806,-11.59378454,49.32136688,24.06156816,1304.810693,9.838546439,8.841321168,371.1962891,34.59079054,20.42299451,40.23821943,1722.747027,1480.123878,349.6778334,28.55090641,-21.13333272,-23.73538038,-19.60493976,-22.07953896,-26.63095852,-17.22367896,-23.73046425,-21.90671998,-26.56925065,-25.70866971,-21.24457746,-18.99274698,-21.5708947,-23.66164328,-19.56707551,-19.20477114,-27.2344732,-17.74126128,-19.07774836,-21.70351095,-25.29517698,-21.61769336,-6.419545116,-20.91014439,-15.36668817,-22.26876257,-25.42518846,-17.75502909,-18.08694215,-23.87048472,-16.135802,-18.49304462,-21.28089175,-22.27900947,-23.4029468,-20.13157826,-13.71133538,-23.17762835,-25.58525887,7.910348495,-26.95244563,-24.23062688,-23.89797762,-15.82823732,-26.06224911,-20.06116085,-20.18026931,-19.66115404,-20.38807123,-27.46257083,-17.71388889,-24.33285267,-17.92674015,-26.77876179,-10.23811085,-26.26295481,-19.52791684,-17.88475891,-20.29273087,-10.45345595,-25.25843941,-23.85661297,-26.00079761,-16.26455715,-27.27905904,-13.74993429,-24.07680458,-21.60153658,-26.52686913,-18.01248675,-24.1256082,-24.19072086,-15.47916015,-24.17958164,-26.0954556,-29.17267762,-18.40876905,-14.6887909,-21.17343194,-20.50107854,-26.78520087,-20.45847596,-24.78429927,-11.80808389,-16.24713814,-18.26124155,-23.17323056,-29.16012072,-22.23879422,-25.15928904,-26.36526909,-18.50500806,-26.33070741,-25.21782007,-24.98904247,-25.07169402,-20.65029344,-27.66818521,-14.35675114,-24.40166818)
mX=[200,3](0.53885016,0.8344223813,0.2695717,0.4600650685,0.2280200562,0.9243237371,0.7785245204,0.3491077985,0.3189239633,0.5878405792,0.6797205879,0.5619438113,0.1311835499,0.6511119951,0.5755992686,0.1892775577,0.8970750744,0.3227020519,0.04263928291,0.6338975521,0.1675514174,0.4703155048,0.8207064553,0.8906879818,0.1555977887,0.4159361577,0.001308121786,0.1461371189,0.4975081274,0.7856748908,0.903615023,0.3030392791,0.8156358274,0.1294562012,0.1387241475,0.5826297522,0.3492450485,0.4870349162,0.1275908065,0.3202074048,0.3653200289,0.2298559815,0.2270390381,0.1594034011,0.4645459818,0.08580230698,0.2909864493,0.147534084,0.6444694309,0.716158127,0.9085233405,0.05101840795,0.6245567289,0.3012679323,0.792632537,0.0007740159472,0.9846449435,0.5099425097,0.4575852279,0.7002516987,0.4026545989,0.3282561924,0.4113314966,0.2195659887,0.254944989,0.09469385328,0.5921417907,0.5466062841,0.3416334726,0.3036849431,0.05503250265,0.916875657,0.946844642,0.2772555934,0.3591745308,0.2981958358,0.9217878417,0.383189789,0.8661643912,0.5939673068,0.3936900133,0.9859195087,0.738413259,0.9481921292,0.2048484052,0.3373116013,0.9788336792,0.3875590986,0.9679176024,0.8645039901,0.1945109311,0.5029466524,0.172476169,0.9975428322,0.8599611802,0.424142505,0.7630522664,0.4722953932,0.5473832053,0.003011345426,0.5229136869,0.4038561445,0.4408240359,0.5180637706,0.8279304073,0.8934886458,0.5639303029,0.4303130109,0.357285077,0.3980529911,0.7915608597,0.6741092588,0.5800762072,0.9977894092,0.4543001973,0.315103023,0.2149070842,0.7871342737,0.9310277905,0.4850009516,0.4358521365,0.8143728531,0.9360060015,0.4181403086,0.6191999208,0.0767689175,0.2826950918,0.2873515768,0.8493467171,0.5531429848,0.9702978297,0.2436236859,0.6836829747,0.4217008258,0.1177096943,0.6341178893,0.08029409656,0.7288550737,0.3645225597,0.1184114587,0.5152159949,0.657252249,0.06579190196,0.6879256083,0.2684114993,0.4090993655,0.6412598423,0.9104947217,0.1784931313,0.9684175901,0.8264699324,0.2000399533,0.5018388216,0.07086405672,0.8065130284,0.06794150841,0.9280880278,0.5779643727,0.2948163333,0.8875768846,0.9147373303,0.01970610837,0.8357893122,0.9027438838,0.2090980421,0.1141856161,0.7403479595,0.6936735345,0.8440604024,0.1637421614,0.5539833303,0.8058770221,0.1433684061,0.1374652886,0.7527977713,0.6669874249,0.6075123478,0.7400095706,0.01125013182,0.4971542483,0.2767038012,0.4497303376,0.9530248966,0.6187972935,0.7779216024,0.2360423662,0.3717880812,0.785192283,0.7505113691,0.6226884924,0.6092476579,0.6746690925,0.2398992506,0.7078052653,0.713780318,0.7243966467,0.6992047688,0.5996854565,0.2420222178,0.07133892149,0.6318991256,0.1726810764,0.6898029683,0.803702604,0.09267546863,0.1246005713,0.7690412001,0.6924153181,0.9573005168,0.6667382728,0.5670580231,0.09638632068,0.5206715993,0.9586191092,0.3842720132,0.62904714,0.02785881388,0.8436189296,0.7720506138,0.5166082263,0.5501415118,0.7486062837,0.719062087,0.4634669947,0.05129872686,0.9307424019,0.727690416,0.2827310256,0.4948471541,0.7541694761,0.4742795463,0.3317164685,0.9935467849,0.7337000032,0.5475228185,0.3794299806,0.3680851487,0.970166251,0.0315499407,0.1590589559,0.3101659046,0.1025778548,0.6197386818,0.9602265182,0.5374048914,0.028797066,0.7039937971,0.4361815547,0.4400484525,0.8545810412,0.8665782646,0.4521588267,0.1019535074,0.2394949316,0.2520362555,0.483265636,0.1889783876,0.2730610086,0.1627203351,0.1931431365,0.5306396783,0.06133124529,0.8842932633,0.8566093269,0.03871429985,0.6436547932,0.8350992788,0.4226411442,0.2685739834,0.03774835293,0.6622493647,0.8721177081,0.1815939942,0.5257266639,0.7615416874,0.651886501,0.8127904996,0.0421603859,0.3744661807,0.252325887,0.9836728547,0.08096038011,0.5711717543,0.2163979638,0.8712229789,0.6040867814,0.7975071701,0.8814665943,0.8797103592,0.02642715935,0.1905522143,0.7324670359,0.2405410869,0.04171590623,0.397046387,0.3587488096,0.1002050774,0.01923106829,0.9438794573,0.3360295975,8.673464074e-05,0.50736692,0.2905201999,0.3214711408,0.5581288298,0.2576635001,9.670981289e-05,0.4694103923,0.3282025672,0.9999726651,0.6281692243,0.2042820259,9.694989221e-05,0.3883987074,0.4735197335,9.661017787e-05,0.4898778801,0.3067788853,0.9999693002,0.6294646892,0.2042354727,9.689411203e-05,0.4377404728,0.3750110328,0.5985561263,0.5820935165,0.2364226777,9.695744463e-05,0.3518134756,0.5292818404,0.9307716336,0.6756085019,0.1744181455,9.672341379e-05,0.5582134479,0.2571684835,0.8653712876,0.5162556827,0.2938015522,9.695821018e-05,0.4177529668,0.4163655039,0.2023130127,0.6448117851,0.2076314022,0.0001141602284,0.2900759487,0.6210801967,9.692795611e-05,0.3771296032,0.494107267,9.704165978e-05,0.464014962,0.3304614485,0.9999779878,0.6911098088,0.1621668759,0.875924402,0.5357628184,0.2793750649,9.68294497e-05,0.4927861772,0.5096806508,9.738977629e-05,0.4386459902,0.3659774374,0.9999779864,0.4075450283,0.5028148359,0.000108484571,0.603187789,0.2312691565,0.0001134983208,0.2747367279,0.6515135743,0.9999684528,0.5880349058,0.2292009086,0.0001057972321,0.3289862667,0.5336908586,0.9999851136,0.7051435484,0.1529849478,9.597062629e-05,0.4939232667,0.2943114488,9.703180852e-05,0.4041415378,0.4200833791,9.708970222e-05,0.6849321066,0.1951828952,9.697288985e-05,0.6412122015,0.4220163636,0.9156785802,0.4867684167,0.3577664069,8.981831313e-05,0.4958657724,0.5615018958,0.0001040641131,0.3167665816,0.5593490988,0.999977957,0.5356429568,0.4879092094,9.551508875e-05,0.5305329253,0.266278519,9.053596539e-05,0.4042687946,0.4266149315,0.9999798513,0.5926086347,0.2254554003,0.9999773616,0.2701368127,0.6634300189,0.5787163788,0.5741899247,0.2345122557,9.700908868e-05,0.5461593141,0.479230432,0.5221911569,0.4777554103,0.3308353108,0.9999780986,0.7042739519,0.1500223152,9.675760795e-05,0.3539493481,0.4807891192,0.8242515071,0.6828940969,0.3621533689,9.773386924e-05,0.4432470361,0.3562863076,9.714953068e-05,0.4768315679,0.5917787844,0.9108919583,0.4682675018,0.4284447263,0.8578659031,0.5924403192,0.2223833583,0.06009340456,0.6617121186,0.2115472678,0.000101214609,0.3181989239,0.5587653892,9.734743062e-05,0.6713910684,0.3599653768,9.71843061e-05,0.4948669433,0.4609018491,0.9009694916,0.3777374677,0.5339974861,0.5766780676,0.5303016975,0.2653491681,0.9999782301,0.6264546698,0.4724928034,9.70264173e-05,0.4595309168,0.3276023162,9.697006807e-05,0.5914312842,0.4931481196,9.702138431e-05,0.2647373553,0.6940769854,0.6480679483,0.6060705738,0.2060314264,0.8580918595,0.5338268072,0.2775722916,9.713448035e-05,0.378381456,0.4536762129,0.3221800886,0.711203318,0.161819463,0.6750027033,0.4870038389,0.3903814149,0.9999779916,0.5255755582,0.5751640252,9.675261971e-05,0.4273917738,0.5574023374,0.9662117388,0.6643507324,0.2841792138,9.704670271e-05,0.4597738462,0.4390926527,9.514692115e-05,0.5096306926,0.2771092615,9.729092391e-05,0.5726155328,0.3856182364,0.0001050784782,0.3394575847,0.4868716526,9.693884159e-05,0.5140199994,0.6152267991,0.9999749839,0.6271993489,0.1875768392,0.7767616693,0.4929519362,0.3474524131,0.5480137645,0.4696864815,0.472442045,0.9999843265,0.6672907467,0.4142547949,9.703845234e-05,0.6608768613,0.4755069041,9.687320218e-05,0.4180821737,0.3823636125,0.0001020473406,0.2857249837,0.5874683428,9.704301006e-05,0.4619794663,0.5034354288,9.909219642e-05,0.5798602197,0.2339624658,0.999978317,0.6254876016,0.191025429,0.9999780362,0.730276846,0.1332651688,9.695926052e-05,0.6859019889,0.2975952255,0.9999779725,0.5631308398,0.5093074967,0.886595003,0.5576965149,0.2433121904,0.5657053179,0.5141621133,0.4035377732,9.684834481e-05,0.3840478209,0.5919529678,9.681747776e-05,0.3682058511,0.4584758373,0.8501165987,0.5961874987,0.3337143985,9.06036981e-05,0.4694205688,0.3088009718,9.701856176e-05,0.5120347517,0.460479166,0.7163476018,0.4225832794,0.4705508827,0.431673946,0.5932216848,0.2139423358,0.5921807822,0.5368713665,0.2564591077,9.706576932e-05,0.5508335215,0.5416008208,0.6391505873,0.4687328063,0.3882203998,0.7384343644,0.3376261903,0.5568445835,0.5330082441,0.6227070192,0.195217903)
