mCurrentIter=100
mCounterStuck=0
mYPrev=-27.8453181
mParameters.n_iterations=100
mParameters.n_inner_iterations=1000
mParameters.n_init_samples=100
mParameters.n_iter_relearn=1
mParameters.init_method=1
mParameters.surr_name=sGaussianProcessML
mParameters.sigma_s=1
mParameters.noise=1
mParameters.alpha=1
mParameters.beta=1
mParameters.sc_type=SC_MTL
mParameters.l_type=L_EMPIRICAL
mParameters.l_all=0
mParameters.epsilon=0
mParameters.force_jump=20
mParameters.kernel.name=kMaternARD5
mParameters.kernel.hp_mean=[1](1)
mParameters.kernel.hp_std=[1](10)
mParameters.mean.name=mConst
mParameters.mean.coef_mean=[1](1)
mParameters.mean.coef_std=[1](1000)
mParameters.crit_name=cEI
mParameters.crit_params=[0]()
mY=[200](-12.79167898,663.1822689,-13.11112021,-0.4548064808,49.08740126,27.69272145,-25.97945062,-8.446927091,-18.29934825,28.97063967,-14.68634627,34.77379882,-24.93432425,1.321111721,-0.1756448557,-17.22491865,-0.896614983,-24.43254532,-11.69927284,30.63908006,-24.04933482,-15.3492044,63.95156846,176.8811726,33.11889582,-13.46305097,2247.561015,21.16734918,8.028961761,9.982844982,3.57443389,-5.299153694,-1.497082794,58.55015627,29.3963671,2.722699327,615.5566584,288.3827616,10.2831469,-7.393429088,8.07817857,1788.195029,-18.21601484,164.0391211,31.65729882,31.06701053,11.33566237,19.68328795,17.61305502,-7.249187435,378.1592183,-14.67469508,36.0598797,59.88501814,31.59023711,-29.47609181,14.11239574,30.89785218,-9.641640531,43.41079268,106.5603141,57.57735617,-1.902213759,45.7421902,5.570626988,43.1651449,2929.120937,11.08623204,441.0161505,3.019018825,22.09272847,18.68789429,54.07504386,420.3574961,-6.385307986,5.767335153,678.4280195,11.51266501,10.61391401,24.7612536,48.29597939,-12.09197223,-23.75368995,-3.903242587,-27.45983784,453.0743308,-10.36635573,-11.6240379,-1.483011255,-2.499215078,35.19431329,-13.30990296,46.96592612,228.5469414,8.696734664,17.45886421,-6.339352598,246.3805796,47.52016875,-22.35555645,-21.8516773,-17.79722062,-7.997111195,-26.20837998,-17.28801168,-21.78170046,-3.273154034,-12.92500194,-25.29095975,-19.26242591,-22.86752312,-25.23023783,-12.8628175,-14.44807815,-21.52118554,-17.05727612,-25.63586274,-24.72877077,-7.878190326,-18.19578961,-26.05756911,-22.37958152,-13.77885715,-22.75523374,-16.30034448,-12.93237622,-17.30594702,-24.56595063,-6.406677268,-22.41752451,-18.62924429,-12.42976657,-22.7616832,-25.5397598,-15.62414194,-14.56434871,-26.67338216,-18.62675196,-25.37944257,-23.29336206,-21.26445645,-17.88385908,-21.78754213,-20.50862148,-20.74311266,-10.82363446,-14.13377028,-5.746388792,-14.35498885,-21.69963909,-19.46354228,-26.95554735,-24.44941525,-22.94819451,-7.739730728,-21.25498669,-24.48716151,-12.0845992,-13.89329988,-24.63180781,-24.07818705,-22.13008375,-14.39742667,-17.84333853,-24.66404768,-12.09900307,-12.78271037,-4.291313754,-22.31513454,-24.65645995,-22.40790905,-25.74104607,-22.58513196,-23.27380518,-23.24500621,-19.82840231,-19.03981059,-26.70547129,-8.181265757,-18.65395021,-27.30806546,-15.56195225,-19.24427715,-15.18949346,-13.61661257,-21.79182918,-18.93023307,-25.55724601,-25.88833606,-24.96267741,-11.48113216,-25.88638175,-6.721152229,-25.05858304,-21.24394538,-10.60532744,-17.73895286,-24.16906343,-10.56544331,-27.8453181)
mX=[200,3](0.08993801317,0.1660324642,0.6125574062,0.5904689922,0.2927159471,0.09324840301,0.2331396307,0.1335264386,0.6785135039,0.8258430731,0.6652220415,0.7518526313,0.2034607767,0.5525219204,0.1677608056,0.8093107826,0.9763231302,0.5338552647,0.89845373,0.5433988486,0.5572031861,0.8359556766,0.7994837466,0.1548901126,0.9408047824,0.3312258731,0.6248227626,0.9685112546,0.6745314173,0.006156271989,0.5353318946,0.5117243918,0.3225847193,0.2829128304,0.2207900806,0.4102105924,0.519721863,0.502266452,0.6068398006,0.8793288912,0.4921597731,0.2471431238,0.1645585278,0.7015148484,0.6838374871,0.5529281091,0.2096132189,0.6581894587,0.3763931477,0.6814319645,0.7061107733,0.3112650149,0.4541150082,0.4707057389,0.2235627099,0.7219333914,0.4345428104,0.7955620072,0.8114499269,0.8873825051,0.3325464313,0.342511817,0.5005288417,0.9114907818,0.7455603092,0.3480538098,0.9571190077,0.03066313483,0.4875822259,0.8496889672,0.3728487906,0.1831632527,0.449478533,0.9957218557,0.5413279651,0.1569068846,0.6990683561,0.4540429108,0.7477316791,0.05698414464,0.1208138271,0.07431670167,0.7163585784,0.8375140571,0.9908336332,0.9004189077,0.2998058146,0.9029777416,0.8933605271,0.492074839,0.8857650753,0.8016238986,0.6474756084,0.4890631407,0.1058599243,0.7825277696,0.3419619532,0.4612778712,0.798980481,0.5438612059,0.1790004647,0.4086191686,0.6343045309,0.9306954975,0.7154694723,0.4560344164,0.8493836201,0.3868039948,0.2549650886,0.1594810104,0.2081376665,0.2932224656,0.4239922631,0.06683158986,0.736233708,0.6017013903,0.850261878,0.1814820803,0.002867703061,0.6613930604,0.4394527547,0.2377721679,0.4443244877,0.9205079576,0.2169072012,0.04959561404,0.5274378038,0.6403684645,0.5642248821,0.4096291201,0.5263348614,0.02012406057,0.1976108432,0.6275677971,0.9410541752,0.1438175527,0.9865064194,0.4600124831,0.8678293848,0.5340789841,0.8770462679,0.7197077233,0.8333753672,0.7646057926,0.2455766315,0.08232576092,0.9311338857,0.3505067823,0.7692227914,0.2117626803,0.4112403067,0.3930930128,0.05532191896,0.6445766429,0.4723703919,0.3522159905,0.3224117852,0.5931339942,0.9778055241,0.0964287542,0.5717953646,0.1109945789,0.9394429525,0.6594937247,0.9644715201,0.6800544803,0.4801386944,0.5210263871,0.9804445311,0.4486951783,0.9024766771,0.122706172,0.04915525837,0.9991347099,0.6621426057,0.7854131537,0.233755916,0.6569176909,0.9639751478,0.8246471743,0.4947575044,0.3074754444,0.2856584339,0.7272999983,0.5619973855,0.07994409932,0.7619958827,0.1827583479,0.8125699943,0.8106060157,0.9199883739,0.9139814248,0.005376019885,0.3262432868,0.3953866105,0.6074948948,0.3897754071,0.265928022,0.1058340521,0.0153161593,0.08569860363,0.3661861618,0.07596273183,0.8951858192,0.6997038286,0.2708427235,0.1741931808,0.4254217489,0.02577667167,0.596946428,0.384223293,0.9554759072,0.4212086455,0.5739262652,0.9441053005,0.1959589827,0.02219264564,0.8797367828,0.9599524752,0.2155007347,0.1946462879,0.2211819777,0.9753513438,0.7359689214,0.6340631857,0.04939155135,0.8569316749,0.1084697148,0.7028644176,0.2536016479,0.1355355629,0.4771118396,0.588515726,0.8487374309,0.5001076532,0.8695735796,0.01617265781,0.8528234695,0.4344575804,0.2557556105,0.06799958445,0.7727054775,0.9814370618,0.6181921461,0.2601865454,0.742924171,0.3973956907,0.2818433713,0.5891088903,0.6770353104,0.3537202701,0.8048745199,0.309485584,0.3603483867,0.5717374321,0.01956249804,0.4121796454,0.03491179571,0.7799890805,0.1250939994,0.6977740313,0.4625550199,0.7591470016,0.3184548229,0.1796135013,0.6107869664,0.7362651627,0.5832612445,0.8251933761,0.1433314497,0.03546177199,0.06314049055,0.5111086555,0.2685197443,0.4004579411,0.7269845845,0.1122886743,0.2483308329,0.3749301715,0.7556323116,0.09015713682,0.3651807539,0.05129625997,0.3177888147,0.8658693195,0.2710690927,0.9287887109,0.2757425858,0.7824220149,0.1441681786,0.7717873934,0.6241557804,0.1154188205,0.3379401697,0.1303173273,0.8817968572,0.9219144082,0.56323938,0.6375260666,0.3039176087,0.9999780271,0.4827425025,0.4187640271,9.693706616e-05,0.5314683147,0.3870254628,0.9999781763,0.3559128469,0.4837955305,0.9999782006,0.5913629969,0.3929482658,9.68372231e-05,0.4541229952,0.4232099827,9.687926978e-05,0.4138386448,0.633685259,0.9999781209,0.2449712029,0.5588679421,0.0001005274707,0.6268418599,0.2738689002,0.999978247,0.61996419,0.4719770321,1,0.4548270278,0.6596509744,9.679446752e-05,0.5507871174,0.5171919648,0.9999879462,0.6499217279,0.2434910557,0.9999691835,0.4255807036,0.4227218379,9.053820621e-05,0.5728763853,0.3317145521,0.0001059904667,0.2912105029,0.5493828422,9.689315126e-05,0.2893181572,0.6838364736,0.9999884863,0.607608403,0.3115767844,9.676146602e-05,0.4061936092,0.5063417896,9.706658838e-05,0.7234801934,0.5419267962,9.68837431e-05,0.5216268311,0.6277839516,0.9999781812,0.6066027303,0.435154703,1,0.4195331825,0.5542104835,9.697572748e-05,0.4706693042,0.3867449983,0.9999781107,0.6763594309,0.2077779936,0.9999782923,0.7100422303,0.5089251115,9.703163664e-05,0.6810045916,0.2252027252,0.99998526,0.5135363916,0.6788771336,0.999978203,0.5784088666,0.3348384711,0.9999782685,0.2214348795,0.5970251456,9.662020463e-05,0.5591668471,0.4806809827,9.673334251e-05,0.3130960376,0.671803173,0.9999771086,0.414912008,0.436011872,0.9999781529,0.5835345251,0.5814970651,9.686640548e-05,0.4246273517,0.5591575684,9.704069012e-05,0.6569075479,0.3629150072,0.999984483,0.3486897931,0.6943304715,0.9999781245,0.534188453,0.4880739565,0.0001059336347,0.256130204,0.552063465,0.9999843752,0.6534877891,0.2472390811,0.9999784275,0.6781356238,0.3842689558,0.9999779409,0.5225493875,0.3556524596,9.775471403e-05,0.5772408052,0.5884358872,0.9999780814,0.4129511016,0.5716137396,9.688656273e-05,0.3838541513,0.4776939935,0.999977814,0.7019964755,0.171642641,9.686048191e-05,0.2359890615,0.7357725293,9.703915098e-05,0.4715148308,0.6923598938,9.797140788e-05,0.5705016259,0.2922287995,0.9999780791,0.7299878972,0.4923330827,9.707132796e-05,0.5734557005,0.4539720015,0.9999783055,0.5793393526,0.6269123088,0.9999782429,0.5233486209,0.4961857791,9.693422607e-05,0.3819225167,0.5963552169,0.9999780296,0.6856842416,0.2922109706,0.9999702587,0.3267290073,0.5145230079,0.9999781569,0.5078657859,0.3747092216,9.714047232e-05,0.491425643,0.5441593256,9.699821561e-05,0.708821825,0.1777143875,0.9999783046,0.282732181,0.6755547799,0.9999780557,0.6078159096,0.5236382627,0.9999782691,0.6640201431,0.3888359141,1,0.4438629416,0.6125465953,0.0001056245067,0.4400913792,0.4095382916,9.685070987e-05,0.225573992,0.61250042,0.9999671319,0.6084216666,0.2676785891,0.9999780685,0.4827596927,0.7276464496,9.703786001e-05,0.7205151197,0.2992697969,8.845755202e-05,0.7398639519,0.5610829485,0.9999779103,0.7030785583,0.1753058071,0.4330184563,0.5768703487,0.4349365152,9.700742271e-05,0.3732385684,0.6282740046,0.9999780825,0.4786670452,0.5188867936,9.713666558e-05,0.5222963934,0.5629354174,9.687167562e-05,0.3361365798,0.5152775281,0.9999693555,0.5867388674,0.2940992469,0.9999781984,0.7243777429,0.2700003143,0.9999780417,0.6240752112,0.5960130029,0.9999781305,0.5489617069,0.435441624,9.678188805e-05,0.2712149091,0.7618266456,9.699802308e-05,0.6237469336,0.4076787033,0.3502782176,0.4657928289,0.502155918,0.9999778654,0.7405975973,0.4246262309,0.9999780174,0.3753690315,0.6163924468,9.69587344e-05,0.5289402055,0.6587990719,0.9999779799,0.4626844201,0.3810177436,0.2956469825,0.6011117351,0.5105651673,0.0001043022408,0.2236688455,0.6378016534,0.9999781941,0.609402534,0.3397800493,9.699848752e-05,0.4119848946,0.5644318741,0.9999780018,0.4955807778,0.5658698703,0.08180999651,0.625531143,0.2491036341,0.5597587025,0.4132684861,0.4756493482,9.710797999e-05,0.5091701229,0.3380131075,0.9999780871,0.6095961515,0.4900341432,0.9999780473,0.7169272302,0.1508342276,0.9999782471,0.2023641517,0.6520243641,9.037088692e-05,0.3823836641,0.6798266992,0.9999774125,0.6432385622,0.2329658191,0.9999782846,0.3497148071,0.7402873,0.4951065452,0.4570469882,0.5721926976)
