mCurrentIter=100
mCounterStuck=1
mYPrev=-24.31221502
mParameters.n_iterations=100
mParameters.n_inner_iterations=1000
mParameters.n_init_samples=100
mParameters.n_iter_relearn=1
mParameters.init_method=1
mParameters.surr_name=sGaussianProcessML
mParameters.sigma_s=1
mParameters.noise=1
mParameters.alpha=1
mParameters.beta=1
mParameters.sc_type=SC_MTL
mParameters.l_type=L_EMPIRICAL
mParameters.l_all=0
mParameters.epsilon=0
mParameters.force_jump=20
mParameters.kernel.name=kMaternARD5
mParameters.kernel.hp_mean=[1](1)
mParameters.kernel.hp_std=[1](10)
mParameters.mean.name=mConst
mParameters.mean.coef_mean=[1](1)
mParameters.mean.coef_std=[1](1000)
mParameters.crit_name=cEI
mParameters.crit_params=[0]()
mY=[200](-16.07066906,0.8030153728,9.162651778,1.397249119,-16.34382519,3776.290706,-23.45300187,-1.61380831,26.54500801,-13.82440772,56.76694475,-18.99784993,-27.10323993,3.318131729,-25.43820302,8.854383125,-18.67989024,19.78202195,15.65471332,-10.89610299,40.14183429,-28.7132169,-16.6429599,35.24597269,-19.88745253,-27.21571777,2.039097678,-26.40703216,-29.41880919,-5.193298079,-13.90286516,0.7161953651,-27.22263567,25.81922081,-31.67203109,143.7678357,2.851049757,-32.45526044,-8.437446225,-7.554616872,-24.88964985,12.01976508,-21.92053535,-4.81321146,23.0647233,45.76199578,889.8990175,8.627927815,-28.46003268,31.68752915,-2.595696083,-5.596676124,4.939720378,23.53876886,183.1080033,3.436947965,-21.81383699,30.52237073,11.14607995,54.28616886,202.3848115,-24.53450682,6.470805596,53.30839651,1.110823732,0.106195935,38.32252618,29.25394187,-11.32065799,-12.38975295,33.41379706,236.4005543,6.622067293,317.8400868,46.49206434,-6.043999048,-0.06284753729,33.14483717,949.1227796,-11.0374189,503.9301844,-15.24356753,3.331582202,44.1781408,62.0281871,-5.227572419,24.82304854,61.76823443,28.86020358,7.888621292,8.246041113,13.37569701,27.89406312,-26.36512051,689.360645,-20.45464858,-30.45905214,3.469322209,111.6391513,39.7175403,-30.96809926,-24.39996244,-32.49104126,-20.85898525,-31.37200281,-29.74739625,-31.24892894,-16.23715617,-25.46138429,-30.88865066,-28.76081274,-32.19728164,-13.69709615,-26.03721527,-32.77229537,-30.83043659,-30.73130803,-28.34895945,-32.64817369,-27.3570027,-25.59775685,-30.89660432,-11.12925313,-29.60991289,-30.93438596,-31.18211237,-25.61666669,-27.30013121,-24.66134601,-33.95457171,-32.00815657,-19.17764813,-28.72099479,-29.24363119,-10.55373398,-28.41798783,-29.93904861,-32.63560836,-10.96120408,-29.14638652,-31.01837879,-27.97426116,-26.64760292,-23.55723019,-24.7375623,-35.11962122,-18.53864575,-27.00196205,-21.72843337,-34.95122468,-23.12859345,-32.34148182,-27.71733425,-25.52635188,-29.82756704,-30.97493395,-25.81300801,-34.87325882,-18.5430221,-33.77626514,-32.54214655,-6.923049203,-28.09689288,-30.17325393,-21.24136402,-30.98168394,-32.46454694,-34.55761567,-23.95510309,-9.684490546,-22.27228985,-31.91543733,-24.93791663,-22.10895177,-33.6336673,-26.63952944,-32.46290367,-28.44454816,-33.40218066,-17.42032051,-24.96429976,-31.51481099,-34.15410543,-29.65922265,-22.13046002,-30.22944947,-29.32881385,-25.75484379,-5.719160196,-33.47628652,-31.37181553,-31.74062406,-8.525562756,-20.93879291,-23.17509367,-29.01222477,-33.4372806,-30.92930608,-24.42717887,-24.31221502)
mX=[200,3](0.465403679,0.2083973718,0.6727238892,0.5878589098,0.4958284954,0.07097464092,0.1947607514,0.877304438,0.2768510251,0.01037535216,0.8355637724,0.1764361405,0.1498422122,0.7135127286,0.3541693282,0.1503445359,0.002774608012,0.009908320736,0.3726914264,0.3456629291,0.649532228,0.6243926349,0.1023082728,0.7328110236,0.7102321839,0.8065416597,0.8027398756,0.9991126444,0.7378362508,0.4280375308,0.1265004873,0.07148411527,0.4365117673,0.4469418904,0.5173145626,0.6380514108,0.3170706651,0.6219251978,0.1994285792,0.9037120401,0.1750760554,0.589181521,0.6588984227,0.6742668089,0.150285745,0.3834356132,0.2558247488,0.8507381452,0.2849249872,0.2802303261,0.6881982202,0.2324062358,0.904726779,0.4903007165,0.2526763693,0.8204082433,0.6543296942,0.8494525356,0.364459694,0.7044385499,0.5468849227,0.6562578902,0.9572128952,0.6677304582,0.4549631093,0.5753664856,0.6997581164,0.7270455312,0.3810602808,0.340685006,0.9967338149,0.255633851,0.2701085849,0.5591709145,0.04948395242,0.3058464879,0.2616311495,0.6003684128,0.7516689949,0.0959650606,0.6277453719,0.4272082351,0.5394914231,0.5546518474,0.1694964083,0.5494752223,0.312480595,0.5036425965,0.3504417688,0.3259164913,0.83852765,0.4789747407,0.144318545,0.4172673509,0.4165058804,0.7966446872,0.6394806695,0.6674381181,0.1175594985,0.9496450451,0.9373929583,0.5319103076,0.5789955653,0.5901844399,0.398861371,0.8663682855,0.1146650806,0.4025387253,0.6108524881,0.8152721897,0.5076692439,0.1766957898,0.3256941972,0.513822556,0.7204739618,0.2112565383,0.5610416967,0.7475467159,0.3897098579,0.2997215911,0.1155295359,0.5683635996,0.5261718125,0.4906010785,0.1974114711,0.8610675441,0.6819475308,0.6961982747,0.3399584226,0.2158776696,0.1584587215,0.7689711383,0.7606536229,0.5896699742,0.890952289,0.8753069328,0.1684600841,0.4652641979,0.3956752741,0.0301465242,0.2462780634,0.9332283348,0.3160075251,0.8320353352,0.5691128765,0.6082731336,0.06046258374,0.7858709793,0.9883514007,0.02756631978,0.6793167242,0.6177302223,0.7203208536,0.03537457009,0.7642697934,0.448020112,0.7939137149,0.1252943368,0.5970432803,0.3652668983,0.9465594402,0.3001554385,0.8876277451,0.2712499066,0.233199217,0.05648979723,0.3379969444,0.8141719484,0.09315648139,0.6308635417,0.4739272262,0.2961101307,0.9788866694,0.2681935219,0.6045185224,0.8860462623,0.1355235586,0.3261427806,0.7707558368,0.9863098669,0.957247724,0.1326177421,0.3666187828,0.4002068331,0.2459532844,0.6112585899,0.2096276213,0.86473451,0.08577463436,0.5260707826,0.9112010008,0.9052050828,0.7358673764,0.2227473606,0.7825477905,0.5371399924,0.04610433572,0.6634375666,0.5140308786,0.7945165843,0.8859601163,0.4867262076,0.5748718682,0.9194485753,0.8991022835,0.7854219953,0.2044194386,0.9234890786,0.4052925476,0.3438150574,0.8532046951,0.0697801907,0.9710747679,0.6401485036,0.05706808922,0.3720081815,0.08645844595,0.8442258538,0.4134877308,0.9174378883,0.2335466965,0.2133043015,0.1064828686,0.8964517411,0.8473626524,0.7020866891,0.4827867189,0.7465164343,0.8037032319,0.01491091582,0.6912739249,0.9782863823,0.4657543081,0.960546478,0.5988938253,0.1884866632,0.1095652105,0.2492777433,0.4362240681,0.7167707503,0.4771649672,0.3930266226,0.01717420318,0.1362284968,0.7412399998,0.1623684334,0.5510497054,0.8519900431,0.1838257663,0.8174112137,0.9627172216,0.7756292038,0.04130168689,0.9293943272,0.9339903172,0.7791515639,0.7521440666,0.549420096,0.4569129831,0.08388571755,0.927002615,0.8225106845,0.140535131,0.4552899518,0.3385823262,0.9557168258,0.0578945791,0.3537954416,0.6456300537,0.7587601301,0.008662048595,0.4250659924,0.8261862229,0.1811395931,0.2945503195,0.8728254201,0.2227873782,0.3000492375,0.9448465624,0.9660211441,0.6863228161,0.2253130986,0.432249948,0.02497235212,0.2814444753,0.2645942615,0.7033348277,0.1278420956,0.06562405314,0.500930826,0.4888057253,0.02078175102,0.5254969159,0.0994231489,0.985547121,0.4452841013,0.03622227654,0.07593968094,0.3782017284,0.9914546121,0.9999686634,0.5524677375,0.3058130863,0.9999781363,0.4451519279,0.442019683,0.9999781111,0.5806242725,0.2629082356,0.9999781568,0.4184264457,0.4650946191,0.9999774956,0.588413271,0.252777556,0.9999780216,0.5186285844,0.3651240316,0.9996594577,0.6089363079,0.2230523147,0.9999781041,0.3753271074,0.502817409,9.023585527e-05,0.6017643726,0.2729966524,0.9995490884,0.6142936721,0.2191059971,0.999978093,0.5061600783,0.386670444,9.7036763e-05,0.4326675154,0.4568344264,0.9999781677,0.3571105248,0.5224796106,0.09557682866,0.6070715984,0.2632138951,0.9999590079,0.6055069258,0.2191945925,0.1890745333,0.519366565,0.3715241737,0.9999780625,0.5286201275,0.3508591858,0.9999098543,0.6521347768,0.1666066675,9.69795859e-05,0.3713202216,0.5226107276,0.9999781147,0.4777074289,0.4309310271,0.03798771239,0.6351739972,0.2335969794,0.9997998953,0.6107998506,0.2114737345,0.9999780808,0.3372401894,0.5485423409,9.712053369e-05,0.5164057661,0.3852209288,0.9999830608,0.5494319341,0.3012916022,9.693747162e-05,0.3684727309,0.530012075,0.9999782295,0.575830135,0.5098191294,0.9999781285,0.6696619695,0.1430205886,0.1436107095,0.6334598054,0.2278066274,0.346908382,0.4673168175,0.4168579967,0.9999874408,0.545946858,0.3037870578,0.9999780915,0.4022367159,0.4561337634,0.2368748785,0.5660100296,0.3185231613,9.125188991e-05,0.3217285148,0.5793877025,9.718464007e-05,0.6305171715,0.6102414774,0.9999845383,0.5805252333,0.4354198149,0.9999787671,0.6415553112,0.1686410517,9.73084532e-05,0.4594061545,0.4515045326,0.9999736886,0.3222688081,0.6068993328,0.4127661409,0.6132025255,0.2207207016,0.9999758511,0.5444546491,0.2907959028,9.722098912e-05,0.5754538272,0.391275901,8.939304729e-05,0.4387202536,0.5814983847,0.9999781673,0.7016229285,0.09829224371,0.999978034,0.696733418,0.2754528329,0.5658775121,0.4459139746,0.4253672233,0.9999782788,0.6057135136,0.5827122179,0.9999780218,0.489720643,0.3771925903,9.77694847e-05,0.6655237141,0.1926298768,0.3503306951,0.3772484312,0.4797964743,0.9999789416,0.4656570781,0.5599965345,0.6062892272,0.585716137,0.2306790311,9.796374259e-05,0.5680548949,0.4432374239,0.0001085557535,0.2537967061,0.6136284422,0.9999780258,0.6168184036,0.362017395,0.5210887354,0.5522513196,0.2862455909,9.416521937e-05,0.4388268551,0.5924270128,0.4729359124,0.4299390598,0.4433295682,9.709813543e-05,0.6951282669,0.253646403,0.5095004943,0.499560936,0.3746679518,0.9999779298,0.6188502269,0.1801913532,0.9999830445,0.3226116537,0.5184434947,0.9999780454,0.5786568733,0.4617777139,0.9999829946,0.6203677475,0.1789896048,0.9999779814,0.7127402647,0.2676794786,9.690395365e-05,0.4817853484,0.5016345712,0.5902731134,0.5574909554,0.2746173327,0.5382561297,0.4869440571,0.3941725554,0.9999704976,0.6894133107,0.1147822305,9.677054867e-05,0.6474260874,0.6053460781,9.699605761e-05,0.2582180251,0.6511949583,9.698485977e-05,0.3366460235,0.5107225909,9.728782072e-05,0.6169887306,0.4129584317,9.693894396e-05,0.4267617382,0.6282014912,0.6329194697,0.5014937323,0.4841951392,0.2887212344,0.641757221,0.1658924938,0.9999792704,0.5864274443,0.2026526591,0.9999776222,0.5120046547,0.3270349733,0.2567530733,0.4204576518,0.4456919747,0.9999779295,0.4332334716,0.6262359965,0.9999779901,0.62461957,0.4772214762,0.3723826018,0.5331683384,0.3394546661,0.4650709781,0.4892458562,0.4842967726,0.6216666522,0.6261237628,0.3305143425,0.9999779686,0.4442857927,0.4088442185,9.170663554e-05,0.2934568686,0.5525337398,9.714499107e-05,0.4773215383,0.5306922655,0.4348832916,0.6316245458,0.1735871646,0.9999780839,0.2637347997,0.6781041788,0.3813032882,0.3793161787,0.4736977372,0.3097609509,0.5051802758,0.3784452266,0.9999737121,0.6019368291,0.1882850154,0.9999785405,0.6691338687,0.6364574834,9.706882234e-05,0.6245046006,0.4910149472,0.1944517323,0.6649363148,0.1539415781,0.9999841478,0.6277918398,0.3274205645,0.6684315767,0.5028128002,0.4831218394,0.99997203,0.5697614484,0.2304640011,0.9999781109,0.6871751003,0.1156579783,9.677120203e-05,0.3606027928,0.6278711773)
