mCurrentIter=100
mCounterStuck=0
mYPrev=-51.86932208
mParameters.n_iterations=100
mParameters.n_inner_iterations=1000
mParameters.n_init_samples=100
mParameters.n_iter_relearn=1
mParameters.init_method=1
mParameters.surr_name=sGaussianProcessML
mParameters.sigma_s=1
mParameters.noise=1
mParameters.alpha=1
mParameters.beta=1
mParameters.sc_type=SC_MTL
mParameters.l_type=L_EMPIRICAL
mParameters.l_all=0
mParameters.epsilon=0
mParameters.force_jump=20
mParameters.kernel.name=kMaternARD5
mParameters.kernel.hp_mean=[1](1)
mParameters.kernel.hp_std=[1](10)
mParameters.mean.name=mConst
mParameters.mean.coef_mean=[1](1)
mParameters.mean.coef_std=[1](1000)
mParameters.crit_name=cEI
mParameters.crit_params=[0]()
mY=[200](-34.94565481,-9.473549349,-48.02972526,-32.60029363,-1.656202041,-1.347377351,3650.793964,-44.69473176,3149.738211,-54.6358046,-49.19097093,-37.94614045,-7.603551045,6.980863481,1883.503492,-18.7992689,439.2085895,1.738713065,803.2521129,2161.645042,-25.49698755,5.027828116,1147.643727,5.416045554,6.359318254,-30.41236313,258.1200597,-20.37985,379.851582,3671.590243,10.91019825,50.02521637,-9.317095319,-9.163961689,-27.34165289,34.87242978,31.91140816,15.42525622,58.90607233,10.67481015,9.106881556,-42.45942967,10.72513608,-8.234034506,9.033644395,-42.92176726,-53.98767762,-44.35890707,2.046212264,11.50396235,-21.04487747,-40.09848904,121.9734603,-48.31235328,-54.73608037,-9.318853605,1250.310553,69.14958587,-41.24713834,20.09661618,-11.87944202,-10.4636263,73.63930118,-36.78967029,-4.824051969,-23.65097831,24.66853858,-47.24873308,363.6024719,-52.54670719,-20.81199777,-18.48566732,-22.88448824,-29.80377222,1213.05342,-40.68603608,-25.85586376,7.471471773,-3.487648789,-34.76971542,-7.261477926,-9.263824056,-41.32788914,2514.271047,-5.855803966,55.63625878,37.34666514,7.35623124,3388.272543,14.47208561,-2.683153766,17.23030554,-15.81834614,1274.310432,-12.87886329,46.56022529,-0.6565032708,-32.39328045,-33.01248996,-35.00438897,-54.66936595,-54.95140091,-53.902748,-53.65845717,-53.68524205,-9.55868689,-53.95189121,-54.61847811,-52.2718708,-49.12242188,-53.77857738,-36.23205021,-51.53485979,-24.41322169,-52.4719521,-53.99361443,-53.77808872,-32.62114111,-49.47457896,-48.90245582,-51.02675912,-54.30537845,-54.8476559,-52.97512994,-45.25800414,-56.70658523,-49.40056595,-43.82035431,-54.10991383,-45.98929371,-51.85691158,-21.29480845,-55.55956191,-53.86640836,-52.61860791,-53.99834454,-51.997483,-52.66545078,-36.11818477,-45.96730951,-52.14283097,-43.4241363,-51.13923749,-36.89980009,-30.34300646,-52.43935354,-53.32231088,-31.70448375,-43.40849829,-53.10547283,-54.55237497,-55.22457111,-28.70490013,-52.35510612,-52.04117958,-51.0103267,-54.50634031,-49.59361841,-54.23190916,-54.22081679,-52.57858727,-43.38023006,-54.53817862,-53.26015811,-53.68646934,-56.28075338,-19.6757223,-44.65123136,-52.38007437,-51.44460635,-46.31689665,-36.19508221,-52.75070925,-53.67173434,-55.21162317,-26.99593124,-53.97237395,-43.34591662,-50.27120744,-53.06086238,-56.31965796,-55.3490167,-57.0969857,-27.57810598,-51.97996299,-53.69918396,-49.41004811,-48.70493458,-54.92677847,-58.3567453,-29.19223185,-42.68705736,-28.02406769,-47.31867635,-37.01043026,-53.44173873,-52.71374134,-56.4538072,-53.01190512,-51.86932208)
mX=[200,3](0.1429212933,0.2378795126,0.6999032379,0.7527614394,0.3228198975,0.7869490327,0.4760250874,0.4762229445,0.3080477714,0.6971650957,0.6783737868,0.6317589255,0.2150911092,0.6085021346,0.8801220482,0.9692465155,0.4192144064,0.8426925737,0.0001530715055,0.01326396569,0.04877505365,0.06277362843,0.5268079389,0.1097909613,0.4514091498,0.09989099032,0.01885385212,0.4689369108,0.4884851253,0.3590676921,0.2069791176,0.5373890686,0.576713612,0.8567922846,0.7643059965,0.3324173316,0.04769721376,0.9336566004,0.3282449328,0.7902018921,0.992188861,0.3126659496,0.354489025,0.1479138894,0.09172120999,0.05924864429,0.6289720494,0.7612897306,0.122147548,0.3881320137,0.05359786951,0.6534270175,0.9798579123,0.1668242926,0.611728029,0.1578821519,0.2149704929,0.9961885012,0.1042278328,0.177901913,0.3325579557,0.8483498978,0.2263699575,0.2967691131,0.981444147,0.3998731494,0.4455052346,0.2505424359,0.0760359385,0.5820866224,0.4462167415,0.9409126628,0.6266234149,0.6996453556,0.9064538897,0.8336544653,0.6178640893,0.6736488447,0.5233908406,0.03752556989,0.4718883226,0.2562478486,0.2900335998,0.8139167749,0.8405623317,0.3551586882,0.1266808589,0.234290512,0.04368485175,0.000652463336,0.9894518383,0.05911213822,0.9113848529,0.5350303719,0.3371552588,0.2485506538,0.307024316,0.1202430489,0.7054492242,0.7866925459,0.8753343111,0.6024436965,0.1052656494,0.3122248565,0.7762301288,0.1998170284,0.9007578143,0.9637127616,0.07360447948,0.9244121876,0.9243648995,0.3734633909,0.9183282084,0.8059121319,0.7331851591,0.1851597027,0.522757432,0.2835901784,0.2435549475,0.973508502,0.5072161402,0.8867614538,0.7906248577,0.9712986127,0.5726847069,0.4015755348,0.404641095,0.8683120649,0.8219507656,0.03078674016,0.7795019829,0.7353122926,0.7489034465,0.817437133,0.8665819968,0.3295282121,0.4259965242,0.6674589981,0.3986878971,0.5635431067,0.4903174509,0.1606539501,0.7307695275,0.1528483248,0.1737815477,0.1900621764,0.4328044296,0.3144957791,0.1195927004,0.5520414598,0.5922017128,0.8389301454,0.4844178346,0.493333209,0.6483278783,0.5845954778,0.5583514529,0.1371046601,0.4416543831,0.9149489269,0.632409994,0.1160191708,0.6607095485,0.5531399168,0.2500525684,0.267069747,0.340259415,0.2992599648,0.933693139,0.2024736258,0.1814749742,0.6328499155,0.005082558917,0.6161601801,0.9030111292,0.7235120303,0.3682401061,0.8711179398,0.2218844738,0.6410756897,0.7114841498,0.8949725947,0.4571691059,0.3847358078,0.7933034497,0.7196907991,0.7290956368,0.1606667204,0.5317372866,0.8018795744,0.7053795645,0.5439657141,0.5686807923,0.9478639841,0.2802038891,0.51676635,0.4042299099,0.2769286463,0.1831221027,0.7487539752,0.9800833128,0.8815696922,0.661937949,0.3776436253,0.1378408266,0.3767763522,0.08256343531,0.6498040957,0.6507788717,0.3829895091,0.5723821236,0.8534596994,0.4178405191,0.8987733104,0.5002660174,0.7501776359,0.8623043817,0.5102048949,0.7240238278,0.6734499105,0.5459827508,0.03539657576,0.4253476487,0.1762871323,0.1303334967,0.9214739873,0.7134187701,0.4215257385,0.9582239604,0.5914970855,0.6807105253,0.6820094346,0.9614949887,0.6213630993,0.4109325364,0.8233507365,0.7442120902,0.4350465218,0.7840518143,0.3429932693,0.2429799863,0.5816693479,0.8555647506,0.7695326588,0.2859488867,0.6558450407,0.01688690737,0.6802872774,0.5020671725,0.7735823497,0.07283276871,0.140592016,0.09514863205,0.4305260109,0.8900530614,0.2788413566,0.06571310207,0.560614233,0.1528134104,0.08927037489,0.5112811151,0.8176728831,0.4940796973,0.9327896483,0.3636704432,0.0284428714,0.06701233907,0.943506216,0.3003902188,0.9561332034,0.2266207073,0.9514498644,0.1998557847,0.7069128981,0.3983891147,0.9924290355,0.4849289659,0.4668699301,0.8319146791,0.08710821087,0.2600778489,0.02963839586,0.5462545485,0.2172163356,0.5941968312,0.8266057254,0.3606098893,0.2680189486,0.6055511667,0.2771693397,0.8788068002,0.1118326028,0.8049301133,0.2074062191,0.02883954519,0.7559277356,0.4687857983,0.3483480879,0.4565543895,0.2314945081,0.1502287152,0.3969873806,0.4748117877,0.3259953361,0.4072899353,0.4637888124,8.88592864e-05,0.5860586421,0.2763872914,9.703290443e-05,0.4675171879,0.4014081906,9.730923129e-05,0.3532430523,0.5227757314,0.9999780044,0.4350303059,0.4433129712,8.025920663e-05,0.6005035927,0.2630428993,9.70886875e-05,0.5302801809,0.3377263,9.697735269e-05,0.3381223579,0.539156607,0.9194565517,0.5995130403,0.2434224012,9.709195165e-05,0.4785072717,0.3912375242,0.9969899053,0.546574805,0.287986494,9.790020518e-05,0.650913243,0.2604114809,0.8151594105,0.3791871975,0.5088352695,8.999657076e-05,0.5309267758,0.3140867457,0.0001049294906,0.4355651002,0.4145507165,0.7026570661,0.6523177831,0.2273583627,0.9436679902,0.4944064182,0.3605910952,0.0001009888044,0.3096444007,0.568295863,9.720151251e-05,0.6780949387,0.2942493432,9.700931859e-05,0.4647824639,0.571494792,9.694268965e-05,0.5782500385,0.4012024465,0.1961127545,0.5776811888,0.2328742773,9.437494512e-05,0.4177330366,0.4222226044,0.9999779517,0.6900551993,0.2308299132,0.4040897328,0.5427048216,0.2794614237,0.0001026917701,0.3028821679,0.5725428577,9.717329113e-05,0.7198889116,0.3124069423,9.075977573e-05,0.5251262524,0.4857108505,9.696379174e-05,0.4127146814,0.6381598718,9.709947838e-05,0.4944929072,0.3378910073,0.9999781063,0.4609517184,0.5118888974,0.673723214,0.5926937603,0.2534134623,9.700660315e-05,0.3704116803,0.466088624,0,0.6180922548,0.3835591673,0.6061335835,0.4728681506,0.3677189575,0.09730980331,0.6408532854,0.2031552151,0.1490806102,0.5428412433,0.2734309354,0.9999780127,0.7601175727,0.2539530312,9.245402989e-05,0.2669652702,0.6037987649,9.823715296e-05,0.4209744907,0.4179304366,9.673582107e-05,0.5289537349,0.6271970556,0.8674568479,0.577789585,0.2930093416,9.679649149e-05,0.769475812,0.3414572695,0.7084345905,0.3460677802,0.5187389031,9.698440229e-05,0.5980365586,0.4506980857,9.703488726e-05,0.4893455658,0.3474297131,9.694003093e-05,0.190664078,0.6860628733,9.633897183e-05,0.383732169,0.6610822071,0.07488089072,0.612752261,0.2096685096,0.4077629234,0.623073067,0.3231190225,9.699884663e-05,0.473115161,0.4950657327,9.703117985e-05,0.7437601167,0.576434558,0.6564214749,0.5004233254,0.3508676103,9.699241279e-05,0.3474851151,0.4970393063,9.704172097e-05,0.6528364753,0.3418573933,0.1680194259,0.5492677122,0.2597854888,0.7843473722,0.5655251423,0.4714881275,0.391646359,0.4383102485,0.3991618701,0.7767108015,0.5771301633,0.2335450714,0.6737593513,0.6729986679,0.2526369491,9.676316335e-05,0.59343746,0.5825461,9.730683971e-05,0.5482621147,0.3769932844,9.755941673e-05,0.4340045521,0.5470028059,0.3850602279,0.4408346547,0.3977562155,0.576146427,0.5930325913,0.3409036312,0.8602244276,0.3820659101,0.6122684522,9.707979346e-05,0.6960507896,0.4059661055,0.0546231309,0.635916469,0.2015531565,9.603288004e-05,0.5184082345,0.3047970394,9.852692396e-05,0.2746048056,0.5831049758,7.957536033e-05,0.4910397539,0.6967582493,9.701301631e-05,0.3923709158,0.4518277597,0.6701957351,0.6609317208,0.2795573415,9.697081203e-05,0.5115162107,0.4635893108,0.9999779951,0.8158866953,0.308570784,0.60115005,0.5268554703,0.3012836625,9.709141082e-05,0.7250256271,0.2719042349,0.7253979505,0.6159882684,0.4750855312,9.71091793e-05,0.4570404253,0.3782677635,0.3891210748,0.6025033171,0.3280668021,0.4505235584,0.5575413162,0.2483587676,0.5281822893,0.5093613648,0.4323715043,9.131451546e-05,0.6649876778,0.6732556386,9.037489747e-05,0.3183674293,0.5302376398,9.687944595e-05,0.4545096067,0.5270500223,0.5482250211,0.417667896,0.4183676967,9.721833743e-05,0.6246967643,0.4770408842,0.4983176514,0.6385548983,0.2963288902,0.3347911017,0.5518394199,0.3599631011,9.682077426e-05,0.805268119,0.36338445,9.619322519e-05,0.3453111837,0.6672436862,1,0.75307738,0.5461313962,0.7252857726,0.5231548657,0.5530155532,0.0001008339888,0.2140840242,0.645762738,9.670221372e-05,0.368476064,0.4804481138,9.777859301e-05,0.4805616792,0.3492720288,0.6316533647,0.610439369,0.1981545511,9.693483296e-05,0.5844734361,0.2270529333,0.6802614077,0.6798877808,0.2165002687)
