mCurrentIter=100
mCounterStuck=0
mYPrev=-35.23518042
mParameters.n_iterations=100
mParameters.n_inner_iterations=1000
mParameters.n_init_samples=100
mParameters.n_iter_relearn=1
mParameters.init_method=1
mParameters.surr_name=sGaussianProcessML
mParameters.sigma_s=1
mParameters.noise=1
mParameters.alpha=1
mParameters.beta=1
mParameters.sc_type=SC_MTL
mParameters.l_type=L_EMPIRICAL
mParameters.l_all=0
mParameters.epsilon=0
mParameters.force_jump=20
mParameters.kernel.name=kMaternARD5
mParameters.kernel.hp_mean=[1](1)
mParameters.kernel.hp_std=[1](10)
mParameters.mean.name=mConst
mParameters.mean.coef_mean=[1](1)
mParameters.mean.coef_std=[1](1000)
mParameters.crit_name=cEI
mParameters.crit_params=[0]()
mY=[200](20.30239515,-4.590834572,96.12167773,-32.27631437,0.7692611354,-12.42113959,132.5870569,303.8771342,23.17525368,-31.93767203,19.70021033,-29.64356715,-33.52684142,-6.916430676,19.13574469,23.88740254,32.58007708,-21.87862144,-26.52416787,102.7531825,18.32173238,-29.44720568,1136.745065,65.25242489,-7.109891234,-12.98452679,3280.637457,44.89464163,27.30088208,-19.62178056,-6.478652819,-1.566840533,-30.98467591,-30.78625184,75.88735617,-12.77220201,10.54587074,-27.3175138,10.70115647,4.62375095,43.74330322,-33.62148043,-8.457830804,10.87998863,-36.13872767,238.1196365,-16.73566634,1355.467856,16.72595412,23.3432244,-6.945510989,2943.752832,-0.285462059,-10.63565066,31.37315822,2.803763958,-31.14146193,-27.7398875,-3.78264943,709.2541918,-1.690340204,0.3552117843,36.51276532,15.11649755,24.04804004,20.44595874,29.50427289,49.32789279,4.274304092,-2.774715734,29.61262914,19.84174102,-27.50197114,5.220301812,494.5341154,34.89265975,105.8230045,35.58039817,9.879464926,37.10778291,0.5965720817,62.86906731,0.8907691964,-27.05289964,-6.501592024,18.08676873,0.5903502449,29.2216868,-4.116233633,38.29581066,-23.39325011,15.7348493,28.06125004,143.8700278,866.3928096,16.30032937,-36.2827271,876.4939063,1467.809205,21.71733369,-32.70298154,-33.60547403,-34.96899744,-34.46717895,-25.71145814,-30.6611543,-33.2561351,-19.08338438,-29.57879574,-31.31039458,-34.81177274,-30.14543765,-32.30950895,-30.10008909,-25.80523127,-27.54591032,-12.9954591,-29.6018895,-29.25582794,-19.9958389,-34.41228369,-32.23290448,-30.74128741,-19.58478644,-25.74455415,-31.15491612,-28.37786551,-29.21986803,-13.87832189,-33.10371287,-29.93384445,-28.13002378,-35.27116589,-33.49091354,-32.44640545,-26.25846017,-27.59096489,-29.14735056,-9.347813127,-23.84709996,-16.45836923,-31.56450432,-20.25576241,-31.28141961,-31.61385771,-9.267450179,-30.41703559,-32.48604793,-29.7097661,-28.02497266,-15.24642269,-20.91642927,-36.84080371,-33.62661501,-27.54926241,-30.5481929,-25.08089254,-26.43151195,-24.17121049,-19.69678394,-19.79395045,-36.60708641,-33.00235264,-32.69743656,-31.50927337,-36.54556208,-29.05971686,-25.44081636,-30.39069138,-36.80472145,-32.11177287,-31.64866178,-35.18107515,-33.45319824,-21.07988913,-13.52998481,-23.55912498,-32.95113221,-35.76329895,-1.926573067,-21.1435579,-35.86849874,-32.24260731,-20.99712107,-22.04893274,-36.22202904,-24.97772444,-26.60166233,-34.40085443,-27.52696955,-34.71100624,-33.46224254,-23.02865144,-32.88027892,-32.31274542,-36.43343759,-32.48793274,-14.34881596,-30.10440279,-35.23518042)
mX=[200,3](0.3871524553,0.6755473661,0.8530583029,0.5092150197,0.8289492109,0.2835973794,0.8283697664,0.356199546,0.1809891032,0.09670694941,0.5426786268,0.433962966,0.6345864055,0.8682387783,0.1721673714,0.5137356665,0.3197153335,0.3866610112,0.6072491367,0.1144849451,0.3988274809,0.8877968035,0.3740246842,0.07359205174,0.8761054034,0.8848106333,0.7217039982,0.7520420139,0.4251284319,0.4645270975,0.4824289608,0.5346465341,0.05049288668,0.5862999439,0.5710545555,0.06468027004,0.925170907,0.641156521,0.2466023818,0.8609068664,0.2500983364,0.6173817769,0.6810220942,0.2659453226,0.9154606001,0.9507625766,0.2291214933,0.5046263756,0.3043068917,0.9928610045,0.4470653416,0.9490518976,0.740447352,0.2568090358,0.1725980969,0.5562985538,0.1658067799,0.7616327056,0.3408404219,0.1966096737,0.521681175,0.8960729091,0.6054769165,0.7425662277,0.5242508632,0.1200039947,0.2367938652,0.1471172936,0.152482535,0.04151985321,0.09117653219,0.4552863494,0.8417495681,0.2321301977,0.6467879095,0.5569987475,0.7827933318,0.2904571348,0.3227607762,0.06146331966,0.00908944706,0.3737964975,0.2135012286,0.3657627229,0.7803292498,0.9159599012,0.7163664476,0.4542227462,0.56473973,0.6352379441,0.437527877,0.7604041904,0.5504109449,0.3152355348,0.4877666137,0.7831855446,0.3466513838,0.3399292989,0.5350039609,0.5354805054,0.3817432888,0.5684871029,0.1130890167,0.436495402,0.1178185654,0.1574078494,0.1683208401,0.6726982543,0.3912881263,0.9060291358,0.2293928483,0.02432115108,0.5937960076,0.4840151593,0.3549169751,0.5105880539,0.8493386685,0.9941458264,0.7783639729,0.6902339489,0.2168592203,0.9739848488,0.7577617489,0.7219728864,0.5827599006,0.1440816065,0.03599190091,0.3914380009,0.7452918076,0.6266125877,0.6953040438,0.7944173464,0.7318382064,0.6248766164,0.100951962,0.9014382525,0.4728128954,0.01117091461,0.2953087186,0.4039946486,0.3246500636,0.2871151679,0.2935937548,0.02835157189,0.8126000852,0.170337909,0.5454982391,0.1277411661,0.9246531948,0.5826351014,0.06486680945,0.7339639975,0.5726270024,0.5601060707,0.08146151438,0.03739297442,0.6110227614,0.3651790316,0.3101772209,0.6599067454,0.7555936692,0.5161653513,0.1833420905,0.1802304178,0.9783526621,0.339466458,0.7948317301,0.595726798,0.4616613581,0.6185718262,0.4180270671,0.8946698365,0.6014883498,0.5202606792,0.6642878639,0.8409379087,0.0980257062,0.9882529999,0.3013329681,0.08399477619,0.1956477225,0.8338604906,0.3594395286,0.6429852866,0.132794347,0.7750888897,0.1367486964,0.654428073,0.9449257575,0.2486105078,0.8091750875,0.7085912701,0.07529685151,0.9687059747,0.2310519668,0.5994011235,0.6373687376,0.8786110579,0.9386283615,0.8551697733,0.8323245902,0.369541272,0.07450917524,0.496881995,0.7161811174,0.7208363687,0.7369826089,0.2542361556,0.7098676278,0.6538275008,0.004230991576,0.0394668353,0.9690454007,0.4124540076,0.9437922823,0.3730417495,0.4968128172,0.6817335423,0.3440365241,0.8004252132,0.4954602243,0.8276297572,0.7700004571,0.00647216978,0.3331754528,0.6763331034,0.8165476295,0.8877662652,0.2605970404,0.01369659162,0.4740456137,0.9793638368,0.3266684424,0.99817409,0.01846907363,0.1965970649,0.8616463969,0.4043480779,0.9889087327,0.6268039163,0.8587614664,0.1221536811,0.7637656119,0.5794230463,0.9521147856,0.9815241024,0.8360577102,0.4118684748,0.803799346,0.1099613639,0.667247359,0.2052295413,0.1466472977,0.1030099628,0.6605784182,0.0825056338,0.9311478208,0.4064142887,0.4493315561,0.04518336142,0.6820868711,0.9696456597,0.8706454692,0.8143249403,0.2277430565,0.4457024959,0.212626145,0.0529363482,0.7133096805,0.9314790396,0.914561685,0.4691095185,0.3005810944,0.202126282,0.1550100905,0.8958494833,0.5418839291,0.4501382801,0.954248428,0.7906327249,0.2485328151,0.2780585065,0.6922700804,0.203881061,0.1375464615,0.4792931293,0.2759723442,0.9022373829,0.7015061757,0.5004469153,0.4235131676,0.1656206184,0.02389703206,0.2631598769,0.2711072659,0.2814228914,0.04057834041,0.4239614709,0.05087318573,0.9266701069,0.9999779788,0.5471694197,0.2526624922,0.9999779745,0.5491286,0.2492655281,0.6737021544,0.5493321841,0.2579819179,0.9999780078,0.5934465595,0.2011993618,0.9999783445,0.4916517062,0.3277571963,9.519875267e-05,0.5648984428,0.2724699545,0.9999724157,0.6194211629,0.1814334534,0.9999772857,0.44394257,0.3820167344,0.1306371216,0.605829576,0.2187246427,9.69666988e-05,0.3998611889,0.4550833009,0.9999845354,0.5579357458,0.2221051846,9.029385802e-05,0.5196634169,0.3231315934,0.9999773001,0.6538852478,0.1586093787,0.9999779985,0.518459825,0.2726570942,9.705435988e-05,0.6685113762,0.1722743639,9.718461293e-05,0.4357412937,0.5914737673,0.9999784134,0.3986450963,0.4395158243,9.703129347e-05,0.5142017974,0.3315822825,9.702305659e-05,0.3425494623,0.4979731519,0.9999781334,0.4704817116,0.6146290508,0.9999779977,0.5830021264,0.1986497895,0.999985047,0.5659138295,0.2130027531,0.4290490742,0.6596949399,0.1616579473,9.630681163e-05,0.3147525221,0.6685225312,0.9999778897,0.4918324958,0.3215150815,0.000105606297,0.4421422056,0.4142930456,9.702185679e-05,0.503705729,0.5449071207,0.2351277878,0.5730364101,0.2358149442,0.999978084,0.3875839505,0.466940325,0.9999781303,0.6558903195,0.1520796694,9.874428849e-05,0.6323020377,0.3236094091,0.9999780853,0.649294321,0.3997765449,0.6958927951,0.5504489757,0.2315465067,0.9999697087,0.5910902169,0.1879613091,0.457729308,0.4840947589,0.3420691954,0.000100660042,0.2941214771,0.559212188,0.9999780251,0.5182683049,0.5288238281,9.977644708e-05,0.6539302712,0.1847303621,0.9999775744,0.3534897893,0.690435223,1,0.4863928636,0.3059153016,9.70225266e-05,0.5334049239,0.6521327949,9.112642439e-05,0.4393314344,0.4330315714,9.686519793e-05,0.6977790153,0.418502784,9.681417498e-05,0.480205746,0.5039376452,0.9999765241,0.6533758733,0.1534205256,9.707122388e-05,0.2738206257,0.7405746159,0.2255034802,0.569102003,0.2318762635,0.9999781332,0.5479291313,0.3896311179,0.0390756548,0.4793601098,0.3689583245,0.0001013826064,0.3206326179,0.518178915,0.9999747289,0.4212277514,0.3936039719,0.9999780393,0.5908433517,0.5953548078,0.816018757,0.5637936071,0.2097969227,0.6293005258,0.5727938051,0.2085325138,0.9999780018,0.6744243054,0.1406081008,0.9919856587,0.526279232,0.2467208991,9.693655966e-05,0.391116043,0.6183359512,9.680772943e-05,0.5825267857,0.5186651175,9.701898216e-05,0.6807886797,0.2633962674,0.9999780451,0.7300771869,0.4255022347,0.9999779599,0.4112122063,0.5437785457,0.6137248441,0.5960907767,0.1867219997,0.9999779387,0.621579323,0.3122797733,0.640180277,0.5218222325,0.2747376632,9.705361015e-05,0.5715129581,0.3900533872,0.9595597782,0.6004508787,0.1744211847,9.708841201e-05,0.3798920184,0.4588905963,0.09966531986,0.6889362827,0.1447198958,0.9999779738,0.5507032901,0.4670262043,0.6831356701,0.576330065,0.2008503806,9.707660823e-05,0.4823730921,0.5085790985,0.3074199637,0.5219719224,0.2840575374,0.7031010054,0.5932086396,0.1869673685,0.386621489,0.4586735472,0.3842687841,8.991189688e-05,0.6760793282,0.4534312809,0.9999871524,0.5315090204,0.6824226565,0.0001010691627,0.2724844021,0.5970184686,0.8265107761,0.65906261,0.2769885948,0.6541027846,0.5009899366,0.4791742163,0.9999779996,0.281966475,0.7554511272,9.722806123e-05,0.5809166789,0.5801711076,0.9999791126,0.6012049972,0.1719356302,0.454922653,0.5250380951,0.2675479241,0.7836180003,0.3486602792,0.4848217448,9.703893897e-05,0.4248889724,0.6423199059,0.6013235503,0.5676776476,0.364011367,0.9999780424,0.6395437505,0.4989832052,0.9999780503,0.7042232708,0.2013504433,0.3493473194,0.6032661812,0.1882383782,0.9999780499,0.5149755194,0.2541549286,0.1913227985,0.5036845703,0.4324821038,0.5300982135,0.4505804213,0.538155166,9.697017088e-05,0.6871725282,0.3245210756,0.611423391,0.453049932,0.3660391802,0.4181469662,0.6049091431,0.1851952088,0.7510320121,0.5813504405,0.3484183129,1,0.55653803,0.2106541131,0.9999779777,0.3795960635,0.6048635165,9.71906112e-05,0.3729181833,0.4692343272,0.4392189492,0.5333186363,0.4532666379)
