mCurrentIter=100
mCounterStuck=0
mYPrev=-34.51968227
mParameters.n_iterations=100
mParameters.n_inner_iterations=1000
mParameters.n_init_samples=100
mParameters.n_iter_relearn=1
mParameters.init_method=1
mParameters.surr_name=sGaussianProcessML
mParameters.sigma_s=1
mParameters.noise=1
mParameters.alpha=1
mParameters.beta=1
mParameters.sc_type=SC_MTL
mParameters.l_type=L_EMPIRICAL
mParameters.l_all=0
mParameters.epsilon=0
mParameters.force_jump=20
mParameters.kernel.name=kMaternARD5
mParameters.kernel.hp_mean=[1](1)
mParameters.kernel.hp_std=[1](10)
mParameters.mean.name=mConst
mParameters.mean.coef_mean=[1](1)
mParameters.mean.coef_std=[1](1000)
mParameters.crit_name=cEI
mParameters.crit_params=[0]()
mY=[200](15.49453511,1.742828964,16.21339469,31.86137514,38.73404989,812.7043988,-32.71679915,33.92283775,-13.30118215,21.27571564,5.717695633,184.8715351,29.03256034,23.23913156,-33.29438001,-12.55126718,-21.86217297,86.32776939,-19.86853007,29.12475754,-22.72436224,-32.38120406,170.0627018,-2.977441762,107.9334224,-18.09009075,-24.28237066,98.38180475,-20.60023664,-2.914081958,-33.582619,-27.08987929,-27.24095762,34.78641244,166.1524729,-2.169393174,3.374151882,-32.88489685,-4.489605695,51.29651565,1253.739645,8.143432424,3087.455052,20.04472752,-28.98211088,19.49830143,3.579489669,0.3562506341,8.450276366,53.50889407,14.31512334,4.466585355,-9.024899646,41.49612318,16.90162367,442.8607746,-23.93479334,230.2071594,44.51655931,-11.97013276,23.80476931,44.59124118,24.9737528,-33.36618869,47.31384613,31.37221543,-13.8433697,12.69216607,-1.40345752,-14.8963961,-2.908313067,42.09860843,9.007811134,1795.112951,1900.083869,259.92753,24.76399137,10.84097181,6.390653231,22.27357138,28.56168359,30.78775682,89.80190295,1348.119518,52.67773305,-11.3739706,-3.135677289,-12.1842102,1011.28353,50.90621099,-4.260996595,30.39456516,42.48385623,38.04830771,-2.253389279,-6.720998755,-17.468508,19.70205027,15.4284796,9.440886665,-30.96577075,-28.7590296,-33.342077,-29.76125666,-29.82403469,-33.10389504,-31.75145084,-37.59559387,-32.23294809,-28.18725714,-30.83630915,-29.28864647,-27.38921703,-36.56048945,-31.18238745,-32.45453933,-36.48107111,-31.28602044,-31.08655169,-33.74200336,-26.97885215,-27.38679512,-30.82586685,-37.48000195,-19.85159844,-31.17299118,-25.79504708,-29.7464288,-29.29460509,-30.30919489,-29.70720989,-26.10908093,-26.29528143,-35.05912744,-31.90116471,-31.09326812,-28.85966526,-33.93822571,-36.87399134,-29.5033321,-14.92921328,-27.91093468,-26.22786909,-28.53848124,-26.21121557,-32.42024391,-23.78259922,-27.26659357,-36.39747687,-36.19312745,-29.83750463,-31.37735647,-36.89612836,-15.70049644,-34.9212553,-23.71019316,-29.24670932,-28.43258345,-36.3027713,-37.36851133,-32.04933346,-33.39300912,-28.44910014,-28.79662837,-26.73896419,-25.17388434,-27.12026545,-25.89325312,-28.61666497,-30.74310995,-21.63876756,-26.21155927,-36.32029854,-36.08620443,-32.7540105,-36.88222104,-9.975699809,-34.18244866,-35.84106253,-37.24675124,-28.02637614,-34.70049503,-29.96759669,-20.34483181,-27.02779587,-32.1928198,-14.91771208,-28.93535068,-36.64507671,-29.66237175,-30.74267936,-36.50544633,-27.37464963,-36.04826217,-31.16968273,-29.86335951,-25.51011395,-37.15119594,-24.2778199,-34.51968227)
mX=[200,3](0.08316400776,0.8606157131,0.5931519705,0.7122561034,0.2090073843,0.7917502704,0.3836370595,0.9140131028,0.3096014224,0.2261643827,0.0475226261,0.5375402453,0.7088396277,0.6810349665,0.006192192489,0.1493607103,0.06811969825,0.2274887541,0.1327071471,0.4945378569,0.3384974143,0.07204025807,0.3915092544,0.9627605553,0.5850314699,0.7805808939,0.1031733868,0.2797374231,0.9419003449,0.3226885066,0.7612261989,0.2900948356,0.8253870313,0.01718686986,0.2171470316,0.2573023801,0.7367096826,0.9786502059,0.2057776886,0.1280295541,0.4444714738,0.1650550828,0.6779847095,0.4562554084,0.34011056,0.09082097288,0.7252651979,0.4757481166,0.6020417413,0.7160451242,0.2997125789,0.03685454843,0.3308167987,0.2156675079,0.6450711466,0.5149505691,0.650461041,0.6902892281,0.5704888601,0.9334944963,0.2366771155,0.2679350786,0.5016146461,0.2092800615,0.5890471246,0.2760788675,0.5111365795,0.03742723237,0.4160181314,0.4343270745,0.7646516468,0.561136023,0.2975376675,0.07334101174,0.4272983698,0.821668376,0.4378233418,0.6689158601,0.7556950324,0.3678851667,0.6012394679,0.186775588,0.02651591874,0.4645606527,0.3044502047,0.7352967533,0.1826774373,0.3609294356,0.501929085,0.7596012312,0.8906933047,0.6017963417,0.1752142971,0.6241372733,0.405650828,0.6120345895,0.6362656068,0.5376014969,0.5800447517,0.4478368151,0.0960877399,0.4993813168,0.4587638014,0.1201226396,0.3509379266,0.9736351857,0.3765796445,0.7643498577,0.5027766149,0.231019208,0.8144593458,0.9309160836,0.617704558,0.05358322829,0.8820076407,0.8143480864,0.3643855707,0.723549223,0.9602695152,0.8676302045,0.02819834908,0.2813883442,0.06239344459,0.3207815446,0.5428375652,0.08316137864,0.9838563991,0.006277870391,0.07107799913,0.7488389316,0.3514797518,0.9071780585,0.4759115585,0.6609934668,0.232442661,0.2145444389,0.6281815008,0.8473623004,0.4965052129,0.56101807,0.03414984808,0.7706498844,0.6966431131,0.7035305349,0.1658312178,0.171822776,0.8393367017,0.3103880731,0.7959712935,0.9806320901,0.7854995224,0.9015034631,0.4508109141,0.8522013755,0.1571232674,0.8038291813,0.7908273635,0.8061706475,0.243347631,0.2634305773,0.9356100118,0.7753476911,0.3913239474,0.8371175225,0.6736100285,0.003765550994,0.3278335051,0.09481877519,0.1960899847,0.6316017129,0.4896884138,0.2416573667,0.3096365938,0.1422215141,0.5353996514,0.7047255265,0.9747345461,0.6530166007,0.2508583125,0.6850769426,0.9115265956,0.9526029022,0.2841545457,0.9021756725,0.3439195844,0.2695211766,0.6691721701,0.6526197388,0.8890748364,0.3553636788,0.3822756199,0.528784271,0.686565812,0.1692267831,0.4370513153,0.5649864585,0.553178707,0.9448746266,0.5928420503,0.7427617455,0.4499512876,0.04976341134,0.8202385205,0.6320366128,0.8098670779,0.422522242,0.7823738153,0.6195082468,0.7566213354,0.3114112075,0.9993303237,0.6770208487,0.6983501361,0.8181002867,0.5905187018,0.9999848479,0.5757738644,0.8994281611,0.1587746554,0.340126343,0.1126680037,0.1140050345,0.8688789181,0.08349355509,0.1340542881,0.9223283409,0.01068044792,0.3862598623,0.4070341306,0.8551602493,0.727025172,0.5462127425,0.2461529474,0.8589748384,0.4894336968,0.87139733,0.1210041065,0.287413197,0.1989616801,0.9197271343,0.06323455811,0.05182499631,0.9526583405,0.8743816814,0.9821000923,0.04970562206,0.4124110758,0.1304530866,0.3921946653,0.05451551977,0.3167654011,0.02098652452,0.3778170183,0.88715847,0.9229167667,0.1015558326,0.4147036864,0.7131196198,0.8450859575,0.1853750059,0.6281626139,0.5511825051,0.2223877729,0.512975898,0.9433467598,0.1064756093,0.1996915221,0.9697764143,0.2703598391,0.3748877503,0.1536082212,0.1443454901,0.7378657531,0.1115816593,0.6414177762,0.8993203134,0.8386090472,0.4826660688,0.01777065765,0.3361913643,0.9957342773,0.5701253519,0.4297348475,0.7746555191,0.5562795699,0.4673192456,0.471725992,0.7484110396,0.9582268973,0.5277937368,0.6460204359,0.1791037622,0.9255248138,0.4082464466,0.5295232648,0.4669338313,0.8745900709,0.2534458119,0.8425635809,0.5493221726,9.688959771e-05,0.4503770899,0.387149113,8.81216871e-05,0.5639003468,0.2536530128,9.698420163e-05,0.4269704115,0.4108531443,0.12094079,0.6297895495,0.1897646297,8.689974686e-05,0.5232264247,0.2987468631,0.8949504851,0.6517219018,0.1677596033,0.9999780047,0.5008789284,0.4170153407,0.8858912458,0.5666758558,0.2777253849,9.695343848e-05,0.3960170389,0.4399374697,0.0001047250611,0.6503735081,0.1730473489,9.389601436e-05,0.5095566632,0.3112159963,0.999977671,0.6748298998,0.1544506982,0.9999780886,0.4595891975,0.4610046919,0.9794455019,0.5637334767,0.2934442888,9.686547156e-05,0.4651646629,0.350452476,9.687155096e-05,0.3782161308,0.4748965357,0.8030252385,0.6144822806,0.2131689041,9.703651626e-05,0.577225171,0.3707201716,9.700462856e-05,0.4900336825,0.5162914463,0.9999780802,0.5526003057,0.3691956571,0.0001047394985,0.6591742469,0.1654003273,0.9999780059,0.6896485023,0.1376280081,9.688644083e-05,0.4062115525,0.3885630882,0.7966940046,0.5780454184,0.2521670969,0.9999780112,0.4002983496,0.4819177382,0.000103855911,0.5606090414,0.2563653014,9.633880042e-05,0.3153912918,0.5790516474,8.74706026e-05,0.5448682114,0.2705460352,9.69520329e-05,0.3712116475,0.4264805263,0.9999780366,0.5747054653,0.4674234846,9.631744008e-05,0.4829487352,0.327182925,0.2090761476,0.6808011185,0.1388974428,9.678278059e-05,0.5292253794,0.5493626633,0.9999845256,0.5530513588,0.3325968276,0.9999695595,0.6545825446,0.1866569157,9.688795468e-05,0.5787304487,0.4134874187,0.0001034623221,0.328206655,0.4759002369,0.6176500326,0.450771128,0.3637199102,0.881717428,0.5693308436,0.2378379443,9.571055235e-05,0.523542562,0.2718945154,0.999977992,0.3644957038,0.5143035268,9.691353198e-05,0.4202251565,0.3650594481,0.9999780718,0.5759226736,0.5256293541,9.706355137e-05,0.6366795874,0.3554199411,0.999977998,0.7022450754,0.113500926,9.700156071e-05,0.5137833787,0.468344067,9.690363631e-05,0.3384678072,0.6221201592,9.88194076e-05,0.6103010152,0.2108290887,0.7370135186,0.5152379762,0.320664824,0.7932334357,0.6059291989,0.228873422,9.700207488e-05,0.3376053824,0.4551562434,0.9999778473,0.6269434811,0.3778990327,0.6844212251,0.4481083069,0.3977833486,9.687709497e-05,0.5907363321,0.6118812871,0.7749673556,0.6010605746,0.2293774439,9.629554184e-05,0.2693228181,0.5702735923,9.703524109e-05,0.4708083643,0.3346381308,0.999977994,0.6694655356,0.1608441017,0.6523144171,0.435918725,0.418566325,0.7901933714,0.540602399,0.2976604427,9.698490702e-05,0.4304858645,0.5272930571,9.709769135e-05,0.5194521671,0.4250282686,0.07778195993,0.6176336665,0.2141330972,0.9999779961,0.6302772442,0.4378009769,0.9999778317,0.4791371259,0.5291212838,9.697254757e-05,0.6656728585,0.3344464538,9.678589932e-05,0.4405001203,0.5825304242,9.901579322e-05,0.4875908175,0.2898419267,9.699435059e-05,0.3605853264,0.4323389084,9.846859915e-05,0.5467814233,0.4696971399,0.9999780253,0.6312906841,0.5513287709,0.194925318,0.6714333411,0.1245023271,0.7570572093,0.6001072014,0.1882066036,0.7408490655,0.5148708386,0.2868765739,0.9767546452,0.6409926581,0.3103376978,0.7672670798,0.5163722507,0.4004830461,0.999983411,0.3258953496,0.5675377489,0.4670888514,0.5622721303,0.227162165,0.5584393436,0.4785406723,0.3289068712,0.51150393,0.4847900855,0.4654784909,0.9999780048,0.6481453496,0.3981436602,0.3426699208,0.5393043951,0.3863899054,0.9999780087,0.6682427116,0.1280850394,9.695865899e-05,0.6013554062,0.5604068685,9.701865542e-05,0.4300554961,0.3485363681,9.686965389e-05,0.4207863702,0.5162328148,9.69224229e-05,0.3107300458,0.6867512826,0.9999791958,0.6908970188,0.2333506367,0.7650849871,0.5709776682,0.2261684489,0.8804763532,0.4257474064,0.4234043026,0.2149306401,0.6328705515,0.160297001,0.7836296119,0.5233881115,0.2913705221,9.69785696e-05,0.6296376695,0.4209095589,0.6062044826,0.5094797911,0.4774847199,0.9999780071,0.6719106542,0.1252422494,9.644737378e-05,0.5565547606,0.2413075385,9.69944272e-05,0.6846131666,0.2561036763,0.5063241797,0.5638131058,0.3423267973,9.696464089e-05,0.4527053891,0.6058885749,9.915677363e-05,0.473730135,0.4495314886)
