mCurrentIter=100
mCounterStuck=0
mYPrev=-33.12215776
mParameters.n_iterations=100
mParameters.n_inner_iterations=1000
mParameters.n_init_samples=100
mParameters.n_iter_relearn=1
mParameters.init_method=1
mParameters.surr_name=sGaussianProcessML
mParameters.sigma_s=1
mParameters.noise=1
mParameters.alpha=1
mParameters.beta=1
mParameters.sc_type=SC_MTL
mParameters.l_type=L_EMPIRICAL
mParameters.l_all=0
mParameters.epsilon=0
mParameters.force_jump=20
mParameters.kernel.name=kMaternARD5
mParameters.kernel.hp_mean=[1](1)
mParameters.kernel.hp_std=[1](10)
mParameters.mean.name=mConst
mParameters.mean.coef_mean=[1](1)
mParameters.mean.coef_std=[1](1000)
mParameters.crit_name=cEI
mParameters.crit_params=[0]()
mY=[200](8.92484748,293.8481792,36.30059832,67.03833258,25.36558119,57.59409883,398.5078107,2917.693475,-28.77526111,845.5736015,-21.20542992,43.14160662,28.80211726,34.08606946,-6.533422199,-14.84814937,6.769174123,138.8292514,-0.2951793081,29.40231276,32.80583897,23.89435709,10.66517662,-29.09512797,-21.05508238,6.080601507,1.674276088,-9.54373988,-16.0892601,406.3513392,52.70553413,-1.092729428,12.39388971,514.3314964,-0.7683750229,19.24565062,3242.462825,-29.15399844,8.746702758,-12.65936254,6.302992065,-26.89787519,42.64955154,-22.79317584,-23.26301604,43.25730301,2047.569586,-20.78449375,-20.86912366,40.48256154,25.74834201,-31.26483177,19.12432397,11.21125084,21.16691556,1.662001442,1085.918332,8.280639731,0.3670117351,1244.749061,-30.04075941,34.26679449,22.96922927,-4.842081263,53.05352598,45.31197939,9.780888616,4.846695591,-27.15698774,19.25371694,919.35902,45.77387101,12.09631511,2806.512402,29.0485809,-24.2808296,11.19537673,12.95369451,46.42111332,33.8261049,-19.26136877,105.5059655,18.2041715,35.08036094,2184.033548,32.68596997,21.012953,-19.31417986,37.24764835,-16.23817694,-27.55421737,-15.8783277,41.64679069,-1.731377996,-9.98369767,2983.72175,-13.99298721,-12.30145753,9.034759638,-23.69567663,-29.99457578,-26.96556041,-30.20680923,-23.24284016,-27.81178593,-30.38635853,-23.82572424,-20.89603935,-26.60086135,-27.59368337,-30.66548247,10.76691796,-23.60110759,-24.44973921,-21.42327309,-22.67651675,-25.7530516,-30.60888238,-30.27877643,-17.03152827,-18.76330706,-27.94602568,-26.45566232,-24.00583552,-8.072102246,-0.7673403684,-31.28707919,-25.62686127,-14.49705863,-31.08765818,-18.39935599,-18.48977878,-27.0210842,-29.43866524,-29.64079633,-16.06061712,-30.02170274,27.77937664,-26.35685284,-19.7752067,-22.84948561,-25.61606115,-26.21152535,-27.7978895,-22.1759766,-26.10100062,-32.37284727,-16.6171094,-32.31730894,-16.57309077,-28.32815829,-15.68044193,-23.68879089,-27.21691666,-27.35516162,-17.6858838,-30.45116012,-10.3064985,-30.18696971,-33.34057944,-27.20876578,-29.59216281,-21.93284734,-25.49474791,-15.78946119,-29.38511389,-14.42667086,-31.99142588,0.05732819492,-29.7556447,-1.796073368,-31.00864547,-31.65885016,-20.9248639,-29.95198682,-32.40332078,-8.181518666,-29.26154592,-27.6222218,-28.24152512,-25.36056889,-26.72237272,10.73682146,-33.8695424,-29.86231026,-17.10488871,-28.43054411,-12.78252941,-31.18270139,-28.70826398,-32.84853282,-25.76217304,-17.40697385,-27.92611213,-29.2067137,-29.57648064,-30.78583677,-18.86491416,-29.64364401,-33.12215776)
mX=[200,3](0.7299272461,0.8769458687,0.145266936,0.2703359321,0.1581944532,0.2496753924,0.09218799882,0.1698374358,0.9642381585,0.6979704891,0.25424544,0.3360842614,0.8947533295,0.468776497,0.8884780072,0.07438273932,0.9977668816,0.8133001946,0.9113875754,0.1893070764,0.2835414924,0.6414285515,0.1289203101,0.01141234692,0.08810785195,0.5825957346,0.2639382718,0.1683018443,0.1181921178,0.1722567289,0.1186795851,0.2323226703,0.6222454695,0.2263656102,0.4255148334,0.1559204758,0.4727599802,0.08800306882,0.8966375085,0.582243121,0.2840760899,0.3204734805,0.6177463242,0.3780698102,0.7183716575,0.9777386957,0.6789602988,0.474104267,0.4390094981,0.5066823185,0.8029871786,0.4239075669,0.1430447873,0.3427882852,0.8805900893,0.7900969737,0.5079738516,0.4604310851,0.9248300199,0.6169224778,0.7886268345,0.332049481,0.9342699065,0.04301594734,0.2960399126,0.9071808608,0.3074234695,0.3055205325,0.8394964346,0.3201059142,0.5656424446,0.4512631904,0.1214452654,0.6882215991,0.2976069727,0.2403805146,0.7178630697,0.6848177145,0.6332022876,0.8236029252,0.41270076,0.7552851677,0.440937755,0.2264977278,0.3647455561,0.6090714659,0.5911637001,0.6647472961,0.3949117773,0.04297736825,0.7458069299,0.848832955,0.9524460825,0.3827371799,0.7022501977,0.643740365,0.3970134201,0.8550407747,0.5380129653,0.03346062091,0.0608307621,0.3122270269,0.4477596828,0.8195611152,0.2533880621,0.8313983045,0.3844169347,0.8504090034,0.5642565617,0.02051620368,0.05391656668,0.2920303539,0.3167458383,0.5660825317,0.1332146348,0.09547561915,0.7319934065,0.5755596757,0.2646281564,0.5555025295,0.5595859371,0.2293268859,0.4626793172,0.2092195275,0.6220858162,0.2067171706,0.5340301241,0.9353045942,0.7686603186,0.3407135369,0.6971875328,0.1184277328,0.8114393263,0.4525850469,0.4980754067,0.009165065349,0.4104604032,0.9947387212,0.2315343073,0.0107845073,0.1848806668,0.01767463546,0.6572279653,0.4249254646,0.7333794327,0.5215175282,0.1067600687,0.1976016973,0.1323552363,0.9825130322,0.9230965458,0.7481705789,0.8297784255,0.5474938969,0.4797735802,0.3547378959,0.3788685391,0.902156383,0.4848196486,0.5986342445,0.8677939152,0.02170455946,0.1837192793,0.4380096938,0.163630161,0.6707186634,0.2481883062,0.6694963227,0.6502785603,0.1978498179,0.0965696805,0.9515200445,0.8315306559,0.5293123293,0.488340236,0.5974844954,0.03311593067,0.2683654364,0.002558754222,0.2748768529,0.4512364397,0.5757639085,0.4313310811,0.9320517835,0.9507191369,0.6388246444,0.7008653992,0.2767268951,0.3888522254,0.9655635037,0.7690259695,0.4483156042,0.8608867908,0.9769973239,0.8431398193,0.8031334326,0.8894902408,0.8736663557,0.2844347564,0.6349538408,0.7705421946,0.9484024614,0.4080527127,0.3748950028,0.02436443617,0.3650104664,0.6024012696,0.9944469116,0.2189645582,0.7909244885,0.8481018738,0.1701309665,0.1903290606,0.06993067982,0.9639627712,0.7274013227,0.3562165403,0.1062111363,0.6991096079,0.1414061661,0.03596247549,0.08433122765,0.492948589,0.5580066098,0.9129244674,0.6277172036,0.499378766,0.5800559395,0.2582656694,0.208077341,0.3925866635,0.8247297144,0.7215784669,0.7541322857,0.1798034779,0.7809128156,0.9231432189,0.6079280369,0.8979823017,0.7400224803,0.7779147931,0.6429432453,0.5157293843,0.1096763432,0.9438103661,0.004642221963,0.05322565704,0.4820176307,0.8624607297,0.5126564189,0.9889620904,0.305698338,0.7695275442,0.07495246247,0.1336040592,0.8774316251,0.9152594759,0.7075926719,0.7120453965,0.05855794952,0.7898083507,0.9022883203,0.73038913,0.07550312006,0.3372687674,0.3538428016,0.9734061409,0.799005765,0.6159879594,0.5785249009,0.5065515185,0.3462230386,0.5420853725,0.9868837252,0.5173358811,0.2351036534,0.3156662523,0.6686381787,0.945861632,0.4194485877,0.8033544899,0.40210908,0.1556086143,0.5444266873,0.6789680875,0.2118948477,0.04001605224,0.06170302415,0.687509381,0.7557128503,0.2118780799,0.4030250868,0.3251969953,0.3614288597,0.5219584847,0.7767697758,0.6594309951,0.8524749565,0.5380590238,0.1299092687,9.715306901e-05,0.4049074996,0.4039854785,9.709069059e-05,0.5086863956,0.3076985191,9.691596139e-05,0.3671871182,0.4371318616,0.9999780063,0.612704458,0.2478556463,9.699091077e-05,0.4998310256,0.3130847763,9.689830602e-05,0.3472258165,0.4485449471,0.9999779934,0.6266874749,0.2236905033,0.9999851669,0.5527684682,0.3211840099,9.698353533e-05,0.6143045138,0.1923890929,9.689517146e-05,0.429171241,0.3712969505,0.000105364698,0.3291097508,0.4630580374,0.9999781267,0.387942087,0.4584144749,9.790691739e-05,0.5647649609,0.2380317542,0.9999780883,0.6558776589,0.1805444787,9.835827961e-05,0.6631398994,0.1710532175,0.999977447,0.6404281878,0.325653641,9.636473345e-05,0.4674789717,0.3287090365,9.713228834e-05,0.4698355075,0.5111144829,9.697913088e-05,0.3049558921,0.4721231039,8.896268057e-05,0.395803831,0.674395466,0.9999867429,0.5348557983,0.2863304831,9.775560983e-05,0.6099421439,0.3354056836,9.693264907e-05,0.4058349031,0.3815952777,0.9999757103,0.6402620867,0.1792018222,9.70167861e-05,0.2759256535,0.7355587836,0.999978175,0.4396394652,0.6306781935,9.690951448e-05,0.4947185276,0.4627203718,0.08060567164,0.5583430528,0.233967818,0.9999779923,0.4962394711,0.3829707644,0.0001019728757,0.3057655428,0.48056155,9.706817611e-05,0.7117085049,0.2005338788,0.9999780054,0.7071518563,0.2956194566,9.683849516e-05,0.3686188711,0.4078094208,9.699804109e-05,0.4394825183,0.5532585063,0.4135544,0.5661191635,0.229192532,9.700658955e-05,0.6663231079,0.4956713708,9.694724837e-05,0.5601664979,0.3593013041,0.9999772744,0.3328343484,0.4919034204,9.72507363e-05,0.5052893019,0.2858623419,9.772681016e-05,0.6913460128,0.3394515871,0.9999758968,0.6505112014,0.1695684597,9.696444021e-05,0.5346362616,0.5306653529,9.689918197e-05,0.4265983576,0.3576006635,9.676724521e-05,0.2611209184,0.527756483,0.9999779338,0.6073564521,0.3822905767,9.111735302e-05,0.5971308254,0.1946729066,9.685650644e-05,0.4952298298,0.4268054183,1.464259494e-05,0.4708133494,0.6555301228,9.687867963e-05,0.39387439,0.5200189551,9.621948882e-05,0.3088154932,0.678693895,9.695376253e-05,0.3385241812,0.4249057426,0.9999779643,0.7247309225,0.1780647779,0.0001106542658,0.6258611625,0.1618381229,0.007888962777,0.5341164755,0.2667887206,9.672463749e-05,0.5795068019,0.4063015887,0.9999780032,0.5361466305,0.4851534614,0.758731057,0.5689692089,0.2345364855,9.709940107e-05,0.6965550217,0.5330895811,0.6330871169,0.4920785134,0.3070803007,9.684422063e-05,0.4259756171,0.4761361145,0.4355842312,0.638865221,0.2796522115,9.674699087e-05,0.3624794642,0.5739268783,0.0006069245149,0.5376039921,0.5764506194,9.684106279e-05,0.4045033823,0.3676138913,9.706630471e-05,0.7367032219,0.1527467404,9.686539803e-05,0.3048105097,0.4618083829,9.72694481e-05,0.732343422,0.3037721264,9.687988625e-05,0.5037957702,0.4176883995,9.631075023e-05,0.2367954911,0.7742094912,0.6184917538,0.5866689412,0.2050096842,0.9999780415,0.5448115542,0.683540417,0.5423823152,0.5488089155,0.2632696443,0.6232944715,0.6127604158,0.1776253772,0.9157811808,0.6655019142,0.3770881419,0.590706856,0.4674535645,0.3342245542,9.66294777e-05,0.4087564416,0.5030645432,0.0001758640438,0.4128567913,0.7275626028,9.063724987e-05,0.5873869919,0.3290643121,9.671117451e-05,0.2561335243,0.5550268297,0.0001052103859,0.3294652539,0.4314550177,9.717370916e-05,0.5756152925,0.4926508843,0.568073594,0.6550331741,0.2474966376,0.9999780246,0.3359697727,0.6372038046,0.5452276419,0.473281201,0.4225674953,0.4819205548,0.5483045811,0.250645513,9.290327603e-05,0.6880446927,0.4208996905,9.048029185e-05,0.4304794816,0.5692141235,0.9999780631,0.7457590431,0.2676890836,0.5061901489,0.5602252086,0.3609659615,9.755902889e-05,0.2959788253,0.4737327223,9.708227765e-05,0.4375076075,0.4434027724,9.654788249e-05,0.4580029416,0.3225385343,0.9999779957,0.5678904152,0.4985994274,9.692281015e-05,0.3562689932,0.4095738596,0.547451411,0.6293115166,0.1607855702,8.978539958e-05,0.3362850552,0.5676149845,9.695702913e-05,0.5307581376,0.3979239146,9.750629181e-05,0.552870613,0.5927523964,0.5177248954,0.5733083378,0.2254466307,9.050061328e-05,0.4224058806,0.4858430817)
