mCurrentIter=100
mCounterStuck=0
mYPrev=-46.81463229
mParameters.n_iterations=100
mParameters.n_inner_iterations=1000
mParameters.n_init_samples=100
mParameters.n_iter_relearn=1
mParameters.init_method=1
mParameters.surr_name=sGaussianProcessML
mParameters.sigma_s=1
mParameters.noise=1
mParameters.alpha=1
mParameters.beta=1
mParameters.sc_type=SC_MTL
mParameters.l_type=L_EMPIRICAL
mParameters.l_all=0
mParameters.epsilon=0
mParameters.force_jump=20
mParameters.kernel.name=kMaternARD5
mParameters.kernel.hp_mean=[1](1)
mParameters.kernel.hp_std=[1](10)
mParameters.mean.name=mConst
mParameters.mean.coef_mean=[1](1)
mParameters.mean.coef_std=[1](1000)
mParameters.crit_name=cEI
mParameters.crit_params=[0]()
mY=[200](9.259842408,12.36240922,1561.858546,-17.50760257,8.796665959,192.5910972,157.5442317,18.92565623,222.5111443,64.02909743,-21.93946361,2.364030693,-48.82380427,4.577045327,511.8930952,-16.35602614,85.9084178,-45.19835476,34.94975446,36.52731264,27.96057598,-11.48071578,59.55271767,-34.60531386,-12.58179158,-4.939745728,-30.01619167,80.14889325,-22.44513103,13.82159223,1104.350299,22.57659123,-5.816004055,-10.06386325,82.12527025,-26.28492651,-23.65351506,22.3702459,-3.300765804,-32.51021574,-17.79531754,-12.94500921,-6.534750229,-1.234909983,-34.91685831,-1.128444603,14.27305548,15.00367231,12.74044802,261.4734827,2762.166898,35.09946732,-20.18158226,-33.82918689,220.2065726,182.6389852,85.78039289,-41.2776892,-18.7933132,-22.17323896,-42.52563011,48.74307719,43.58971292,-38.82610786,-10.33712057,62.24114145,211.1662838,17.76500745,-14.23599986,36.41367377,6.522741528,27.42396771,-40.677241,-50.95626419,14.58510745,-45.2768246,-38.73077753,40.27476284,-48.42226341,28.85905752,22.55788818,24.73451099,27.57121573,350.4932135,2709.285404,16.73427481,15.8084452,7.805038774,-5.230016191,8.166661145,12.30463521,27.56376394,10.08721471,-15.09295395,6.122038564,-51.10571435,-9.676240673,12.71754279,4.92374281,13.13808324,-42.02301889,-46.14095525,-46.00574184,-46.74316927,-41.50913877,-37.85443409,-49.21421797,-43.04348393,-39.44167893,-49.51698815,-29.00203786,-45.01615497,-41.2414371,-48.64260245,-43.15128361,-41.54693516,-40.79012612,1.370328463,-36.48280093,-46.81480726,-41.02756321,-38.63624879,-39.83935485,-41.34317068,-46.84487462,-42.89699529,-49.69940822,-39.81689874,-47.07068587,-40.48591983,-39.50166239,-11.92322073,-27.26608191,-46.70779772,-44.58946687,-46.59095491,-40.75817658,-33.99319847,-48.2634027,-33.84521678,-43.18197496,-47.5892038,-34.52580349,-50.60750324,-38.11485861,-40.42285065,-38.48818918,-42.39703025,-47.36225363,-38.81269538,-33.50136192,-41.72763119,-49.94017241,-46.57790422,-47.07823323,-32.44565624,-45.69730836,-43.12172171,-39.619717,-46.73671036,-50.99742767,-39.12678129,-40.17362433,-50.68978726,-22.63418494,-34.07956108,-47.54655068,-45.94906558,-44.87309996,-38.34603218,-43.8428759,-38.91319478,-21.62175846,-44.8209462,-48.36309869,-50.98893488,-32.51879194,11.83041743,-47.36135525,-50.16749766,-31.24038196,-45.11096722,-46.96064386,-42.83590982,-46.25417554,-51.74370538,-36.43391019,-40.42621652,-40.85007561,-41.63680022,-45.55430241,-41.64574343,-38.68578538,-50.96181169,-28.80768808,-50.47640257,-30.0281742,-46.94914429,-44.68951748,-46.81463229)
mX=[200,3](0.2891682857,0.6002806517,0.8582347798,0.5726622613,0.88328162,0.655855825,0.5063692374,0.1770864305,0.0664265727,0.8474353056,0.7730112789,0.4770725049,0.1747065255,0.1076961918,0.4519510899,0.5658159009,0.1641393889,0.2764966378,0.4213871768,0.9256130251,0.002937975763,0.4519190418,0.9723771882,0.1789048547,0.5298159299,0.01537611173,0.4304024525,0.1889420027,0.2697616132,0.2383330919,0.01236593261,0.2043716157,0.3878051286,0.9900731894,0.1534587388,0.6894873807,0.4036870753,0.5307135508,0.4245772315,0.3844318703,0.8737162514,0.5568789223,0.7877538512,0.3453640313,0.04539660525,0.1113780438,0.09209054035,0.6045179927,0.7400915896,0.03228893144,0.5155790688,0.7755451309,0.5023919983,0.410494259,0.4186197527,0.6217252769,0.9934128792,0.02786811431,0.9957098733,0.01558566454,0.587876608,0.2543345327,0.9865695194,0.3294151983,0.3773970539,0.7981425254,0.06040086935,0.4912341441,0.03959993516,0.5188152408,0.5830496697,0.5776177844,0.3686806566,0.800278883,0.467236304,0.9865922759,0.3132874926,0.7457116232,0.8888991672,0.733531045,0.2498576344,0.6610820879,0.3020241878,0.2246788865,0.09322429046,0.3945012249,0.2574602558,0.1429712337,0.9632083795,0.1135925829,0.5362871945,0.02538202053,0.2603429025,0.2042286204,0.1339178876,0.9646389674,0.6342897771,0.8694669101,0.1669729533,0.2624681091,0.529461387,0.02257578257,0.9460125082,0.4332523385,0.0826595992,0.8059138798,0.7485836524,0.3183034991,0.2728083054,0.7670634822,0.2147297304,0.2142022652,0.7256393131,0.8830800219,0.9778349537,0.2871684606,0.7581051799,0.04437617607,0.1883403113,0.6679048135,0.9071369864,0.4640337973,0.1342439523,0.6831878274,0.7596832397,0.5875077144,0.7295192952,0.2475371082,0.4866357079,0.8217263561,0.5761502915,0.810412541,0.793392492,0.5614126347,0.5698487693,0.8641795257,0.481834311,0.8201798101,0.7340502763,0.1215312049,0.902122204,0.542799535,0.7918050785,0.8042549188,0.8967449532,0.4233573533,0.1490629515,0.6194181487,0.3664397216,0.07387698406,0.5994280388,0.08246257349,0.05193945522,0.655048162,0.987930116,0.7386295743,0.4790659693,0.55862152,0.702514281,0.008789500271,0.5464335471,0.5936976244,0.3048568038,0.06711160702,0.3561800933,0.291677169,0.235523526,0.2054077382,0.1212364484,0.1136562637,0.3416067272,0.0538916245,0.191146576,0.495445785,0.552040321,0.6667141308,0.6432618262,0.6781906268,0.7889220276,0.1833632838,0.3426450998,0.6350890502,0.1943188496,0.08302423474,0.8999073583,0.9441978344,0.7639696911,0.2770486247,0.3045036687,0.716499805,0.6422201801,0.407051738,0.1543307299,0.07802410158,0.7285205095,0.756830067,0.2284772221,0.3646643281,0.2269454835,0.2908159728,0.1536100673,0.3145383237,0.9188471217,0.639174516,0.1089737001,0.8121323788,0.2935341511,0.1308829421,0.8230501856,0.9142634229,0.6968055707,0.3301249947,0.8731427234,0.9327706554,0.4497022432,0.09714554051,0.2523278867,0.320673834,0.6248724951,0.3961288069,0.4775018035,0.4426144148,0.9584261901,0.9318313143,0.5354591123,0.48717101,0.4508871535,0.5497269464,0.7079088792,0.6931920641,0.1259851127,0.9642949776,0.3500581216,0.2808510033,0.3365260697,0.4100752146,0.3720301752,0.2426412282,0.6163838103,0.9588407768,0.8365213043,0.9413971418,0.6792630333,0.6254829096,0.7067101145,0.9203402201,0.1933823418,0.6755041485,0.9317355869,0.07186898536,0.04125905415,0.334908042,0.4392575306,0.009036694672,0.1009502447,0.871223918,0.8535116517,0.7733828446,0.1645459631,0.9593965489,0.3284125078,0.4482385196,0.8317183683,0.6946579301,0.6484642129,0.5988309655,0.7843172373,0.4686132864,0.6573362349,0.8364604824,0.2320484298,0.8418901608,0.7138430326,0.9211081086,0.4099367701,0.9789885477,0.6085537597,0.9082033003,0.5282104429,0.3516997243,0.719976532,0.6128241054,0.9125979734,0.2127315885,0.8430665453,0.3732618314,0.3864936083,0.5004299994,0.8534956615,0.5179469572,0.7671597288,0.4955228212,0.05423668126,0.8905900772,0.03367492977,0.1407406261,0.391073284,0.8174485394,0.6840719373,0.8643577958,0.01919847478,0.5087506793,0.2608488367,9.691649083e-05,0.348404726,0.3939379094,0.5296978028,0.5221903849,0.2506742142,9.688638269e-05,0.3386494621,0.4038612078,9.709723722e-05,0.462608382,0.2948673161,0.9999779962,0.5489992007,0.2335981652,9.68427765e-05,0.3007533474,0.4517315604,9.691044573e-05,0.4059645206,0.3373302165,9.70891475e-05,0.5582357628,0.1981268056,9.680536114e-05,0.2843910593,0.4841417893,0.9999779792,0.481313605,0.2997188149,9.688270156e-05,0.3556562464,0.3777984947,9.701678574e-05,0.5602130162,0.1932714323,9.692269693e-05,0.2697631202,0.5386090328,9.704041634e-05,0.6032510921,0.3280662054,0.9999780021,0.582252576,0.1864999341,9.067537172e-05,0.4253886645,0.3170335753,0.9999780071,0.3533885145,0.4361014083,9.708970693e-05,0.49144066,0.2451665577,9.668477605e-05,0.2913361621,0.432298661,9.688372964e-05,0.3881573755,0.6151733796,9.690618642e-05,0.6206899955,0.4529210753,0.9999779982,0.5922170747,0.2931741243,9.700288268e-05,0.6044588093,0.154444664,9.687440052e-05,0.2418449403,0.5494100745,9.690400494e-05,0.376503022,0.3564189692,9.672219872e-05,0.4259309171,0.4976749351,0.9999780038,0.581917033,0.176827723,9.684061949e-05,0.2778593543,0.4479473779,9.779011807e-05,0.6328092728,0.2979060872,9.699030771e-05,0.4656070674,0.2758106736,0.9999781483,0.3521996546,0.5804619287,0.9999772666,0.4798411919,0.2933233135,0.0001095046937,0.3174605145,0.4058574032,9.685023811e-05,0.540857377,0.4731899571,9.59252328e-05,0.2303911486,0.5435053892,0.0001057669805,0.5319119325,0.2015313587,0.9999781081,0.6223417211,0.4697738293,9.786847249e-05,0.4948277463,0.3728242369,9.686180436e-05,0.4316808026,0.6531046032,9.712014322e-05,0.3725684922,0.3567789522,9.712987856e-05,0.2616292365,0.4636754926,9.728692539e-05,0.679019443,0.3780242452,0,0.4162762223,0.4934387598,0.9999779726,0.6050723566,0.15710507,9.696199372e-05,0.2671916086,0.6290961143,9.703728587e-05,0.6408293399,0.2393000666,0.6003824699,0.5124153315,0.2272679554,9.707840685e-05,0.2696151052,0.4562078831,0.9999780452,0.6150552751,0.3308301141,9.700571281e-05,0.6333531537,0.5049251351,9.696277966e-05,0.4076254196,0.3319773451,9.696587086e-05,0.3606150469,0.5286487683,9.691709835e-05,0.4883612642,0.5023133402,9.691388463e-05,0.5342296217,0.3640188184,0.9999781043,0.4976361752,0.5020912893,9.997227467e-05,0.3230856482,0.4045581196,9.724118107e-05,0.6247101513,0.1377915372,9.114420315e-05,0.5127718725,0.2178799205,9.669033344e-05,0.2275177181,0.5198775045,0.0001038585736,0.4266597112,0.429223785,0,0.4592375384,0.5983527779,0.9999779866,0.6288885459,0.2374015702,0,0.3412291196,0.5184894909,0.9999779694,0.4342514192,0.3640589814,9.400933821e-05,0.288107835,0.6766650526,0,0.2628680913,0.4623482726,9.715628856e-05,0.5557113403,0.3657615324,0.61941532,0.5395798459,0.1993984967,9.690213823e-05,0.6571590812,0.2518803465,9.714650859e-05,0.3340124454,0.3857298934,9.690440756e-05,0.4472888172,0.2846960042,0.9999780387,0.456052864,0.6255895763,9.697038074e-05,0.5276105497,0.4925837074,9.987533049e-05,0.3232581103,0.5518418728,9.670040011e-05,0.4035233986,0.4529912787,0.999977189,0.6792408165,0.3873731434,0.9999873122,0.2469068806,0.5674659237,0.4959850015,0.5718216436,0.1654841483,9.662273794e-05,0.467924731,0.4162252069,9.688172565e-05,0.6647101102,0.4839452883,9.708644231e-05,0.5577977878,0.2969541812,0.000102435604,0.2968375411,0.4220932817,0.7599273575,0.5163623151,0.2319503395,0,0.4463223011,0.5378792464,0,0.3622001716,0.469868489,0.9999779601,0.5651791071,0.4477204507,9.686617578e-05,0.3846607973,0.3381368495,0.9999779862,0.6227313927,0.1340315562,9.70232012e-05,0.5643217325,0.1714500245,8.972627312e-05,0.557260703,0.4091774598,9.671424419e-05,0.5297990459,0.5342399157,0.9999779988,0.6438194336,0.2472700667,2.56494856e-05,0.3503242457,0.4936460886,9.687606693e-05,0.4116086318,0.6906696814,9.753923201e-05,0.4436242468,0.4265728784,9.524466502e-05,0.7088170174,0.3532971422,0.0001053759259,0.246384816,0.4669518093,0.0001091816492,0.3156450951,0.4004764931,0.0001444629168,0.3589288461,0.5638935907)
