mCurrentIter=100
mCounterStuck=0
mYPrev=-36.9754055
mParameters.n_iterations=100
mParameters.n_inner_iterations=1000
mParameters.n_init_samples=100
mParameters.n_iter_relearn=1
mParameters.init_method=1
mParameters.surr_name=sGaussianProcessML
mParameters.sigma_s=1
mParameters.noise=1
mParameters.alpha=1
mParameters.beta=1
mParameters.sc_type=SC_MTL
mParameters.l_type=L_EMPIRICAL
mParameters.l_all=0
mParameters.epsilon=0
mParameters.force_jump=20
mParameters.kernel.name=kMaternARD5
mParameters.kernel.hp_mean=[1](1)
mParameters.kernel.hp_std=[1](10)
mParameters.mean.name=mConst
mParameters.mean.coef_mean=[1](1)
mParameters.mean.coef_std=[1](1000)
mParameters.crit_name=cEI
mParameters.crit_params=[0]()
mY=[200](-48.98180647,16.13307149,22.03126246,2.278157735,-6.142276415,20.89353976,-16.89172244,-2.710985629,-37.73461533,-44.67904022,-39.36020605,-27.26295116,38.52926036,111.0328115,0.980560012,10.192274,542.6931206,-8.088978124,-39.15757863,106.2943294,-13.92743186,-3.78075702,-16.90851256,20.95695757,-34.63375215,138.1150677,226.2822863,8.04493708,-15.5034002,-24.32974516,-22.5951735,13.72034192,532.8039988,49.20641141,-45.44054281,29.08938332,1134.553413,-8.578655531,-43.72526896,-44.85650826,2823.874887,-47.30563614,-14.124768,23.59161073,55.22884764,-39.61476004,115.2434163,2715.63231,-6.071921414,-15.63042649,-6.649756199,-43.35868362,5.565261669,8.220271437,4.879917015,149.2731158,27.11163502,20.80597999,-21.13500858,36.47551774,5.762085301,-48.24747955,-46.31839575,-8.587971724,-44.99820923,-38.51951379,-31.98087484,-14.14644527,4.807580557,230.789189,10.16594159,3.203676911,24.97079835,74.91706072,-18.7103252,-5.584826115,-44.84970608,33.18495162,-22.59580181,42.6027604,25.67856802,20.97996098,-14.64858883,47.57519807,19.29993585,-32.98329781,26.22555259,-12.16162671,13.6509881,-20.85903976,-41.57358041,392.1463219,6.677616008,48.52854279,-30.29798273,810.7412771,-0.4166578487,-3.215589146,-31.40095028,11.20682432,-39.58407062,-36.83818213,-45.63050098,-38.72739686,-40.1449852,-37.39507864,-38.86759932,-40.63198219,-16.48599912,-45.68572832,-46.87970388,-19.50576495,-35.60391463,-39.10766245,-41.64896697,-35.93466651,-45.03829197,-28.24987346,-39.31858021,-40.24008375,-35.13024094,-47.44501469,-41.53292934,-43.72206028,-45.11323958,-38.6028443,-33.35569568,-45.41424266,-44.72312196,-38.89981111,-36.44940491,-29.37353038,-25.70076802,-35.3115087,-47.34060748,-38.28953603,-11.76070682,-39.5019812,-45.18502594,-31.49837834,-47.75541238,-33.36501373,-44.13872293,-38.65374315,-33.94645804,-46.67595713,-33.72086882,-41.73230646,-38.80521204,-46.09327652,-34.06421815,-44.86499195,-42.64931066,-45.76988169,-31.46894465,-34.86486744,-43.65141343,-38.76600098,-18.81064175,-42.38593372,-41.64017855,-40.84063718,-39.99326243,-42.94345819,-46.72420553,-45.34768568,-42.14187747,-32.11249655,-44.00618544,-26.74201322,-30.52317176,-46.63621538,-45.66583087,-43.87461419,-32.72514878,-34.0913294,-41.20397186,-45.95403133,-44.10406913,-30.37040325,-26.21075484,-39.85537495,-47.35703288,-26.18528782,-41.67569261,-41.22816536,-26.47144402,-44.27540904,-44.55413071,-41.86795955,-47.49863352,-37.93285719,-46.4470373,-34.46209971,-29.78563332,-45.65721395,-39.70799969,-46.00688157,-43.35720668,-36.9754055)
mX=[200,3](0.738135328,0.5731852865,0.04714294961,0.786145158,0.3356500204,0.2216275332,0.3309429393,0.7264080325,0.8545590064,0.3811932347,0.3876329637,0.8461197671,0.5051635555,0.3443315555,0.2491989237,0.08865974814,0.9408065784,0.0225396386,0.5851901041,0.08169963393,0.6668591388,0.6467470065,0.8566688187,0.3202691027,0.471727614,0.6619009634,0.275675554,0.9504123296,0.4630906475,0.3903501173,0.3621289646,0.6265223031,0.3682997541,0.8751534727,0.5525385773,0.6356613084,0.2865928828,0.9794676493,0.714239259,0.6536044104,0.06992212947,0.4013748877,0.9657738489,0.7816226762,0.6860144961,0.1035032281,0.8804624758,0.5384694319,0.04069843415,0.1896527246,0.1559103572,0.05730652377,0.739895491,0.5979924332,0.120310797,0.2789103783,0.5832031144,0.3944588319,0.1983078104,0.2615583814,0.7442911941,0.6989259358,0.6240233457,0.2928176626,0.5082868712,0.7892114514,0.7241558799,0.645509948,0.6553840788,0.9170614377,0.5128567527,0.9324788883,0.9818710767,0.5315477613,0.5639493758,0.1575394037,0.07858417382,0.3462892262,0.5519828377,0.2040944545,0.208922976,0.602195233,0.1151816462,0.490898237,0.8320274411,0.8084424754,0.1024436083,0.5255476567,0.1694555802,0.5515458192,0.5703400907,0.2989299929,0.3546645413,0.4812157318,0.351410277,0.9077566749,0.6785429086,0.2459961982,0.09497646158,0.8033590837,0.04046981608,0.4711601977,0.2017570978,0.3298373314,0.4294021354,0.8542768459,0.2121517186,0.9872560777,0.1967763934,0.1263674396,0.1429785212,0.6201894575,0.8208767831,0.3899393559,0.4529385034,0.6035249604,0.1781731753,0.4413001815,0.5912240494,0.2806792454,0.4180374853,0.01407998488,0.08665416618,0.7182789443,0.4905792,0.4645503281,0.06149095535,0.4395775902,0.7392152362,0.665901587,0.9594844768,0.5027297795,9.055277333e-05,0.9139842377,0.9409990276,0.4240505488,0.6505926971,0.1177995102,0.2352769108,0.2682716294,0.1921532925,0.899157359,0.09414480978,0.06177854649,0.5164074881,0.7944275028,0.5469449719,0.9963949118,0.7520050339,0.5206603942,0.6313330307,0.3739634529,0.8019792868,0.5420394643,0.4270120431,0.3065392606,0.09444084577,0.1484251112,0.4115306985,0.1745536842,0.1012281001,0.8850429956,0.2505388385,0.7020789879,0.7525544138,0.2774728325,0.4086739418,0.05022497886,0.5950950225,0.9019043437,0.7439806013,0.9058414166,0.9696432287,0.1200698421,0.43496962,0.7741874552,0.1808095535,0.3526836866,0.9821984819,0.6799091209,0.4669746202,0.8779976357,0.4844847227,0.1693318336,0.3688513006,0.4476895252,0.3467989258,0.4426519127,0.3187701027,0.9722246487,0.5415847777,0.7637000468,0.02288335897,0.3927283533,0.5174740256,0.7912426409,0.4762421307,0.5724919539,0.1139745117,0.23621756,0.4370172932,0.8455957015,0.1542182361,0.7274751962,0.8818299461,0.02916810135,0.8629535425,0.5650492661,0.2867597643,0.1348077211,0.01313019902,0.5885843992,0.8314053392,0.8207929114,0.5649473034,0.8278138731,0.3762679803,0.9912112853,0.1668226381,0.1491034198,0.8972251575,0.003716670563,0.8114122543,0.2515035657,0.7068667618,0.4964758242,0.0363911383,0.7968591593,0.6911078239,0.6309045859,0.01952578108,0.7639019038,0.8483509077,0.8716165581,0.3298654423,0.7619534493,0.2109717231,0.261884831,0.865837758,0.8982838044,0.2105423947,0.0574652335,0.97201182,0.4075477456,0.488639729,0.9259495087,0.7523109185,0.6126962929,0.6943799569,0.03732798166,0.8145834747,0.9540554532,0.7011605993,0.5272108478,0.9192574655,0.2424478478,0.3090419019,0.6408785098,0.302911898,0.3135475654,0.9687827735,0.5384489795,0.2271226073,0.7701984354,0.7710133074,0.9315099346,0.295216103,0.9492446012,0.6701197257,0.6004307374,0.9290968799,0.4137588582,0.4548465689,0.6114194868,0.1389367257,0.2301431456,0.3162086555,0.8369006217,0.6157588776,0.07853854094,0.7401723502,0.9921984812,0.1838726168,0.7106559945,0.03868552453,0.8600815334,0.0001138752676,0.2559649725,0.1399098885,0.4536050071,0.07398595216,0.9343171913,0.177881569,0.8140358823,0.2268622035,0.6827939599,0.3729531312,0.6893574823,0.9207452813,0.3328638984,9.701566815e-05,0.487436224,0.2287549451,9.783210063e-05,0.3699088935,0.3326049499,0.9999847837,0.5220293045,0.2127951298,9.691839095e-05,0.4750533237,0.242501037,9.695173363e-05,0.570521684,0.1646974304,9.698536404e-05,0.3488857598,0.350933084,9.698943413e-05,0.5716906959,0.4693712423,0.9999781673,0.4793692166,0.2804372325,0.9999781265,0.2898927741,0.4819859386,1,0.6057860495,0.1660726736,9.696676487e-05,0.4939714531,0.3618369395,0.9999781042,0.3581318782,0.3586871342,0.0001096924225,0.424691281,0.273719917,0.9999780111,0.6061378291,0.4341439886,9.042895484e-05,0.5629782034,0.170275824,9.690209872e-05,0.4310183009,0.5950171861,0.9999783125,0.5690110958,0.2825683775,0.9999782125,0.3437855598,0.5795065029,9.685192053e-05,0.3098461745,0.3922193867,0.9999782329,0.6565552536,0.1543912586,9.68868407e-05,0.5681091235,0.5173481023,9.67891218e-05,0.4774049139,0.4103552459,9.694156635e-05,0.2699827596,0.5048069284,0.9999780261,0.5146624993,0.1983049179,9.75450708e-05,0.547779235,0.2851599774,9.686755152e-05,0.6423716261,0.1379724634,9.698800511e-05,0.3861499686,0.3087770982,0.9999781971,0.5468524192,0.3705448929,9.633739965e-05,0.4486679687,0.4861988081,9.688840478e-05,0.5005576861,0.2037100247,0.9999781122,0.6825944279,0.2630972604,9.707341769e-05,0.6616810161,0.4611149133,0.9999780387,0.3999111879,0.6518387032,0.9999686429,0.4385377736,0.2977139282,0.9999781675,0.5804788,0.1411809513,9.679021645e-05,0.6403081528,0.2305023596,0.9999833072,0.3036011133,0.4265915639,0.9999781354,0.5626991745,0.474221887,9.688040328e-05,0.5369728232,0.3608214294,9.676047951e-05,0.515674434,0.591074359,9.688479416e-05,0.4173434125,0.408054406,9.68789471e-05,0.2085253493,0.6142363828,9.688429768e-05,0.3359899237,0.5230628489,1,0.6765519955,0.1206960828,0.9999861932,0.6822520835,0.3711160474,0.9999782346,0.5636023017,0.2347067702,9.69894119e-05,0.4377677015,0.2597083908,9.691331261e-05,0.5972380906,0.1178159029,0.9999781263,0.4385707251,0.505476218,0.9999781018,0.5322185572,0.3529296873,9.685681806e-05,0.3220664592,0.3640757508,9.686255702e-05,0.5045045023,0.4453688829,9.669207011e-05,0.5787859526,0.2895483539,0.999969688,0.5455174796,0.1711985916,9.683392607e-05,0.3782842336,0.6397107513,0.9999780351,0.6253587086,0.4883947129,9.68963854e-05,0.440786615,0.5125632503,1,0.6613867597,0.2022854326,0.9999780556,0.2496035239,0.5717975013,0.9999781897,0.4556292578,0.3855597464,0.9999780768,0.4823996686,0.2451896839,9.681315156e-05,0.2673494791,0.4762626539,9.973914144e-05,0.5396732601,0.1843058273,9.681923627e-05,0.5639166736,0.3914835332,9.679392946e-05,0.4181238856,0.3752885935,1,0.616114428,0.1154478116,0.9999780655,0.5079049031,0.466799492,9.721173314e-05,0.6911015745,0.1417778999,0.9999781559,0.59121861,0.3171736575,9.700282607e-05,0.7173365083,0.3025611471,9.66776486e-05,0.5894716055,0.5500225312,9.491933853e-05,0.3726032957,0.4819136478,9.696378206e-05,0.5025558932,0.3090045827,0.9999781271,0.6021319229,0.2271683477,0.0001022260528,0.364222477,0.3173005427,0.999978138,0.4010345745,0.5408744167,9.699354499e-05,0.5884229751,0.2205913477,9.68544256e-05,0.4813249838,0.4493430762,0.9999780516,0.569918153,0.3931175039,0.999978034,0.4042865612,0.329793694,9.68247646e-05,0.2643809734,0.6847479175,9.682244565e-05,0.2496786565,0.5240951897,0.8179890914,0.5588939729,0.1436872072,9.708036289e-05,0.6928349413,0.4393316616,9.012871597e-05,0.3733870368,0.558321757,0.0001119606278,0.6050595446,0.1057977591,9.703371332e-05,0.489578892,0.643362452,0.4878497836,0.4876036457,0.2178268486,9.772778982e-05,0.547761329,0.3957027514,9.714471458e-05,0.4935972726,0.5096220268,9.693766804e-05,0.3802768119,0.4313388481,9.687840069e-05,0.2832797095,0.4098260605,0.9999779895,0.5363321611,0.297120142,0.9999817836,0.6827509827,0.1030906663,0.9999785311,0.7176408153,0.2789143731,9.714315182e-05,0.5017224795,0.3189117149,9.707104836e-05,0.6310487035,0.2027370484,0.9999780452,0.5922293431,0.2044399997,0.9999780412,0.4983534531,0.428837029,0.99998439,0.564922949,0.5191223769)
