mCurrentIter=100
mCounterStuck=0
mYPrev=-43.62029249
mParameters.n_iterations=100
mParameters.n_inner_iterations=1000
mParameters.n_init_samples=100
mParameters.n_iter_relearn=1
mParameters.init_method=1
mParameters.surr_name=sGaussianProcessML
mParameters.sigma_s=1
mParameters.noise=1
mParameters.alpha=1
mParameters.beta=1
mParameters.sc_type=SC_MTL
mParameters.l_type=L_EMPIRICAL
mParameters.l_all=0
mParameters.epsilon=0
mParameters.force_jump=20
mParameters.kernel.name=kMaternARD5
mParameters.kernel.hp_mean=[1](1)
mParameters.kernel.hp_std=[1](10)
mParameters.mean.name=mConst
mParameters.mean.coef_mean=[1](1)
mParameters.mean.coef_std=[1](1000)
mParameters.crit_name=cEI
mParameters.crit_params=[0]()
mY=[200](67.66758737,11.83651945,122.9320136,1946.912109,-30.23871697,16.19306623,1236.170418,-46.87051138,-0.7091763335,530.7213971,-0.3686671825,106.7422024,156.0261413,-46.20934075,-50.47451709,-5.198877592,53.90891386,946.7363001,13.48884856,-10.59786676,11.69232506,-7.78469479,-49.55729595,-15.17686172,-1.775928519,-34.43851225,266.8567421,16.22476975,218.205271,6.55095238,-41.47108584,182.9163353,21.83257942,26.25880126,-36.46710012,37.18275915,-31.83063294,2.222810288,-45.46439703,2741.081844,14.70296881,10.24448826,20.522668,-27.12571132,8.590616593,-42.4765181,1397.742828,98.84293213,-31.35186827,337.3262255,451.8637134,-41.17360162,-4.496784057,-28.09326751,-51.57502525,-16.42440033,-48.77310793,5.842351759,30.35161578,2578.013427,23.89560074,13.2466526,-6.988358994,5.811624789,988.2185476,5.30821653,-6.107755904,-18.24713215,9.295246132,-24.87935898,46.18553834,595.4810457,-35.98481003,-27.27567064,17.90394349,22.40530577,0.6653547481,-7.98237078,-30.34934208,-26.14904639,-4.76778569,31.53617371,20.24781584,-42.76456071,26.35877662,-33.61957431,-8.376409813,26.93023563,288.9818572,14.65330758,10.06700681,34.50256734,22.8562588,-28.36037517,147.8312783,-44.04692135,27.93105435,28.15534717,20.51806982,-50.42534714,-49.0236193,-47.31693512,-49.18146403,-42.49115242,-20.9107313,-46.76486075,-43.1425484,-37.84750885,-47.1345862,-37.69480373,-49.00554229,-47.03838439,-16.44104597,-47.43064222,-50.27466626,-44.5516807,-46.41387007,-28.14755551,-48.87018018,-45.75723978,-48.16703848,-44.56316084,-15.87660971,-41.9240912,-43.47370773,-48.08376886,-36.35531901,-40.67305298,-44.95339794,-49.21527663,-49.84811424,-47.220247,-43.05911129,-44.33566567,-40.49765511,-20.5663309,-30.44912855,-43.66135669,-45.10968917,-33.43970076,-23.52489322,-35.16701558,-49.83452916,-44.2219825,-49.33414727,-47.38917707,-45.53084688,-43.5489426,-37.39558478,-40.32825414,-48.76804914,-44.65684387,-23.32565277,-37.23375472,-48.38841198,-48.44455431,-45.9804471,-48.2808136,-24.64255085,-9.356944178,-43.71915103,-44.87361412,-45.83874776,-46.60906078,-44.28563993,-45.32207896,-40.85959046,-33.68231532,-51.34229243,-52.65436641,-44.86484908,-49.7751524,-39.89832623,-19.55798611,-45.49010233,-37.43264544,-50.66014489,-48.85173947,-46.83713114,-38.91191031,-29.44788769,-49.7227513,-41.70243575,-47.21159386,-41.65539818,-40.42701019,-49.04904857,-43.26357271,-48.47975306,-38.53576709,-46.11901843,-35.86760796,-52.65989446,-32.51713835,-38.40334929,-50.19108167,-50.64483574,-40.84037314,-46.3047371,-43.62029249)
mX=[200,3](0.1469274417,0.01489733393,0.5576637751,0.5762058147,0.1123175784,0.8704954724,0.3307444462,0.3934940548,0.08350236868,0.1175093089,0.1762748767,0.07801593767,0.2127946932,0.3086210372,0.6360443722,0.2994312763,0.7188055918,0.851861654,0.726286549,0.1951542253,0.1120489413,0.6483392103,0.5437467821,0.4732790725,0.6287666061,0.3448486783,0.826034442,0.6173986155,0.002747524967,0.3552622409,0.1998044505,0.1578437657,0.537341282,0.4987170351,0.09850699988,0.4618503002,0.7325475051,0.02408704081,0.4837809109,0.5843141613,0.4600507704,0.2494328996,0.08876544249,0.4195385133,0.4481439035,0.3497495311,0.7078201983,0.7196104439,0.1878423438,0.3101182591,0.2122777367,0.8442533865,0.20201541,0.150537732,0.9626422033,0.7983815321,0.8065980711,0.4060007419,0.5580276371,0.7601152775,0.1331180613,0.2900259853,0.9025190917,0.6553137188,0.2796004922,0.4041278812,0.6998990989,0.485228413,0.2871843391,0.997543792,0.4002732105,0.5479833158,0.06279496842,0.08989369866,0.6877071118,0.02472184078,0.3609214396,0.3248514283,0.7468179781,0.06126801065,0.4176929311,0.9194390458,0.9642441604,0.3401896772,0.6084274041,0.07424300861,0.4242356911,0.4631257779,0.9203041909,0.3747150425,0.04700222515,0.6087143845,0.4539725549,0.2311455688,0.1045272314,0.3845135742,0.1082334648,0.8050116099,0.8313962308,0.9256011565,0.8489144241,0.8671141988,0.7827344154,0.4220849404,0.3024694427,0.9379100571,0.7490138046,0.9874558456,0.3780617019,0.674690635,0.4951732464,0.4393554471,0.8953732707,0.432831512,0.5429831675,0.5161876342,0.1060208882,0.4806987262,0.121497463,0.01415455223,0.05354315132,0.9554884153,0.1263575322,0.3522647474,0.7731770374,0.7821425958,0.9095838295,0.9417620873,0.6611593381,0.3047537272,0.760287177,0.1347377044,0.7049352083,0.9386184842,0.2778066042,0.9463132865,0.5815307324,0.3389902191,0.4279144733,0.32268247,0.00616029934,0.6852291786,0.2528546605,0.2982784893,0.006330666491,0.5293712112,0.6214795342,0.8670303818,0.3362841232,0.09414979369,0.8358556935,0.2694539673,0.1620945921,0.5552370174,0.5063993361,0.5672228265,0.164887048,0.3802151242,0.8150054641,0.203396725,0.6899465041,0.5152295847,0.5608842929,0.5655309501,0.2687757911,0.8210612102,0.8106241409,0.3647628702,0.3264260298,0.5357617021,0.1792184,0.4113534147,0.7833615682,0.7420107277,0.7138271373,0.4539462722,0.9931392669,0.6355872991,0.1382666817,0.02349599541,0.76564512,0.1631103626,0.9542021301,0.3686144543,0.3772086362,0.9123692791,0.9527555653,0.8549743635,0.04163932617,0.8122886674,0.8654062272,0.6402461543,0.3957917885,0.05907560134,0.2358340409,0.7503584922,0.8717867873,0.6163890821,0.267703048,0.1449974092,0.7341637079,0.6654388462,0.4904902187,0.7282308454,0.5324083786,0.04351635447,0.7087052808,0.2733559284,0.4391369512,0.6970953327,0.2224369597,0.9011602043,0.9372954635,0.5989999221,0.2294707268,0.1472111808,0.7770265567,0.444580318,0.2239772464,0.2535638189,0.650317366,0.5770360003,0.3801480071,0.9114211867,0.6734729598,0.2424719852,0.9947612073,0.2027720209,0.09993919838,0.8395302658,0.5895928121,0.3142785972,0.1888763691,0.5029837069,0.288378563,0.7342617059,0.3174720629,0.1288529869,0.6439723853,0.5924382992,0.8033246297,0.4707853815,0.7989122961,0.4501530465,0.6668070897,0.9671060647,0.5145792459,0.88394214,0.7569609594,0.9742942705,0.6237549963,0.1960708698,0.8558640274,0.8263760563,0.8838892136,0.07353897807,0.7201299356,0.2511767795,0.6799910768,0.2358505489,0.6022183269,0.1594854305,0.3581257707,0.9786815038,0.01541666649,0.03854151054,0.3918574233,0.8860917968,0.219640885,0.8935996454,0.03283672345,0.6304593549,0.8441024157,0.9827981556,0.9795334424,0.7755932706,0.8717224219,0.2411291839,0.5286544681,0.8993186923,0.7528866913,0.05899781488,0.1749133504,0.2823987937,0.1861518207,0.5062515423,0.5702226516,0.03499431663,0.4794498533,0.6917711825,0.9416871692,0.7969157361,0.9833432846,0.6536968757,0.4489830794,0.5939673691,0.9249733797,0.5211727851,0.6117511871,0.06034062815,9.691184953e-05,0.4858386005,0.2928469123,9.703515873e-05,0.5869825612,0.1982326339,9.703200027e-05,0.4475101054,0.3488365215,0.9999779804,0.5985228656,0.1847157385,0.9999779906,0.4377008109,0.3598494461,9.699763327e-05,0.5239697001,0.2412447562,0.0042006817,0.6394523233,0.160516584,0.9999779861,0.5346398636,0.2234659836,9.706891187e-05,0.4617921887,0.2978635336,0.9999767472,0.6654314891,0.1569422768,9.716598493e-05,0.4059620429,0.4254397505,9.700915195e-05,0.5212328879,0.2392967587,0.9999779941,0.4497535025,0.3125813219,9.673191956e-05,0.3883409606,0.50333582,9.686713432e-05,0.5371108186,0.377053935,9.692245073e-05,0.6270458463,0.1625395686,9.697633033e-05,0.423550499,0.3418124632,0.9999774716,0.7443087643,0.2031627614,0.8439322899,0.5499088569,0.2042215122,9.702470235e-05,0.5013267795,0.2474579259,9.721940111e-05,0.4835283595,0.463028017,9.762761932e-05,0.6195228864,0.3265067654,1,0.4204873187,0.4224085336,9.877873186e-05,0.654063256,0.1436306623,0.9999779933,0.5952152101,0.1701248038,0.2787589468,0.4989159874,0.2427286027,0.9999781361,0.6568599079,0.3922571092,9.705271003e-05,0.3860823708,0.5718061001,9.890533235e-05,0.4383842401,0.3102306581,0.213014751,0.5611864666,0.2014463653,9.718116428e-05,0.5282632289,0.4053998078,9.696902735e-05,0.3735617833,0.4243904234,0.9214376894,0.6261641973,0.2705241554,9.701739089e-05,0.5007520469,0.5160415033,0.9999764517,0.6532348729,0.131459783,9.971189794e-05,0.2806907523,0.7032943895,0.993178377,0.503939276,0.246199727,9.742690965e-05,0.4375014934,0.3112209874,9.689969169e-05,0.619762533,0.2493650603,0.9999789824,0.5558691469,0.5113664207,9.703249194e-05,0.7758306645,0.2029820283,9.654565224e-05,0.680284244,0.3917791627,9.703579774e-05,0.5328544595,0.3569414776,9.683857077e-05,0.3514842622,0.5006950143,0.3372409358,0.5530753153,0.1902262934,9.71842195e-05,0.4082794895,0.376978605,0,0.5871173845,0.1836361453,0.1567119297,0.4569120146,0.268034531,0.9999780604,0.5290579889,0.4051625786,9.686518312e-05,0.4456585201,0.576023873,9.673303466e-05,0.5047989893,0.4557540217,0.3358267932,0.6627489007,0.1240595554,0.9999780899,0.5875430856,0.6246408883,0.9999780418,0.6869217541,0.2559789737,9.696054097e-05,0.5670195277,0.2979386957,0.815331097,0.5911706191,0.1661379462,0.8229512394,0.5086882837,0.2417618714,9.712794531e-05,0.4140867207,0.3844681345,0.9999780677,0.7302589772,0.4632301657,0.9999780231,0.368997534,0.6516090112,9.695841749e-05,0.5498589807,0.4851028111,9.70356778e-05,0.4697825224,0.2702780751,0,0.6182764392,0.2184772167,9.773514155e-05,0.3607680088,0.4822865011,0.6424794238,0.418898018,0.330909084,9.723801282e-05,0.5986556221,0.3842586132,0.9999762028,0.6553160931,0.1332915533,0.9194108121,0.4505545495,0.4769689309,9.70305162e-05,0.4789680756,0.3981505422,0.5808966961,0.5429280375,0.3078955802,9.668153749e-05,0.4730785316,0.5285905621,0.479946196,0.5579809328,0.1893867158,9.696894298e-05,0.6838928671,0.1181945596,0.9999785238,0.7937115107,0.2067256453,0.1509775544,0.5057554812,0.2321942423,0.9999779879,0.6003600852,0.4281857763,9.69685606e-05,0.4740661968,0.3962182349,0.5006912491,0.6188517282,0.216361813,9.72773145e-05,0.3857382375,0.4015731331,9.680763763e-05,0.3329689067,0.5593006276,9.696059449e-05,0.7200677813,0.381642508,9.104285558e-05,0.5281604489,0.3238419315,7.912181349e-05,0.4399303523,0.2913217852,0.4932623864,0.5963032679,0.1562079064,9.097263719e-05,0.5625905907,0.5037317165,0.8139458261,0.4654627075,0.2706498379,9.674066662e-05,0.4453265452,0.4746383218,9.707429023e-05,0.6376801486,0.2784141727,0.3942110973,0.5923962602,0.1617959533,0.9999780212,0.6511776638,0.3206128993,9.422989115e-05,0.5729865246,0.4148796354,9.674938478e-05,0.4502260101,0.6129319895,0.5995212372,0.5037586475,0.3633532659,0.7849347547,0.3886396251,0.4470150533,9.704032904e-05,0.6795427573,0.1921414021,9.705877788e-05,0.4751077354,0.4228104446,0.6632053506,0.5380252435,0.213225541,0.9999780165,0.6503402754,0.1292598487,9.622721406e-05,0.5299209011,0.2185076879,9.699655061e-05,0.4218410437,0.3242317847)
