mCurrentIter=100
mCounterStuck=0
mYPrev=-63.52027165
mParameters.n_iterations=100
mParameters.n_inner_iterations=1000
mParameters.n_init_samples=100
mParameters.n_iter_relearn=1
mParameters.init_method=1
mParameters.surr_name=sGaussianProcessML
mParameters.sigma_s=1
mParameters.noise=1
mParameters.alpha=1
mParameters.beta=1
mParameters.sc_type=SC_MTL
mParameters.l_type=L_EMPIRICAL
mParameters.l_all=0
mParameters.epsilon=0
mParameters.force_jump=20
mParameters.kernel.name=kMaternARD5
mParameters.kernel.hp_mean=[1](1)
mParameters.kernel.hp_std=[1](10)
mParameters.mean.name=mConst
mParameters.mean.coef_mean=[1](1)
mParameters.mean.coef_std=[1](1000)
mParameters.crit_name=cEI
mParameters.crit_params=[0]()
mY=[200](-8.256704618,-7.444713943,-16.64860463,-38.19524608,-28.76294588,7.006347106,-41.15428006,-6.189935572,-62.42396116,-4.880424516,1713.968055,2.916191539,-58.42975612,8.9189945,5.670841972,-54.69118891,622.6866752,8.780277962,-1.335361577,6.448989902,-3.122608115,-17.77477053,4.882832237,17.46031969,-58.85442423,554.5755144,7.774572837,15.00637516,93.64487565,0.151208109,-33.84004676,-53.33850174,265.725941,771.2869624,13.66823232,-56.17610546,93.19374905,14.4279598,-0.4784322695,6.628391402,-20.79451881,33.99076888,3.767610224,-41.66319243,1.916120735,-59.28498743,-41.82724752,6.750525931,-33.95986455,-11.79306553,-2.933644457,893.8359404,1875.850942,-0.3733251502,-49.1781757,-2.796563835,-10.59644186,217.9963164,-54.70250187,12.16342025,-55.94542466,-19.72687604,20.86940185,-4.755896813,-28.08515299,2.116314992,-59.76995148,81.08812951,1392.217304,670.9061577,-16.8184387,-56.54460594,-48.9365891,-3.661317847,-37.4158131,2089.857845,138.4563315,-15.0842021,-55.08915893,-46.00288154,-41.97067868,22.27247498,-43.53129841,-24.66597912,-61.87121946,-42.52775609,-42.5466577,8.336469839,-25.1478578,-8.471318625,-47.29108938,162.6156453,9.323840725,1206.614298,-33.19372421,-49.9430184,-21.21418269,-9.876733052,20.26108323,2985.700776,-62.33145828,-57.92470856,-62.33641258,-48.1606207,-61.0877391,-56.64260127,-39.61388037,-61.37034032,-56.81474054,-60.13503095,-55.59154917,-62.20109839,-59.3980487,-23.69468273,-54.51181062,-56.06199035,-61.93595379,-60.48727342,-53.07062542,-59.15353896,-49.37652477,-59.11119595,-59.0364755,-47.73306967,-61.4799379,-61.36945019,-58.25728705,-54.39498217,-59.34165,-53.32744863,-53.00642347,-59.39866241,-56.03523389,-56.66887843,-20.24474031,-60.06152042,-59.92326345,-61.08255444,-57.0347857,-57.98029804,-57.4113484,-63.33740119,-60.59715776,-59.39283115,-63.6595769,-49.56636983,-58.35025633,-61.01617695,-50.34635,-59.52190923,-44.85315872,-35.67914594,-34.14364688,-56.19495372,-55.49808506,-63.16151407,-59.31153234,-53.58925484,-59.97650028,-59.44014584,-58.4885372,-63.51353973,-60.01292545,-55.7736026,-46.69042717,-60.72193324,-62.00490104,-55.50217619,-59.53542307,-58.77773407,-56.57042864,-55.70056088,-64.49139861,-51.76615061,-29.33548926,-60.50479823,-55.70454833,-28.9709004,-58.39747448,-59.19300175,-61.81129647,-60.74001927,-50.91476376,-58.97289954,-51.31529745,-62.57436264,-48.09628749,-57.63267825,-57.68894994,-61.08896712,-60.03751601,-63.52191446,-62.19442829,-37.21822919,-59.18944529,-59.54539639,-60.03226526,-57.59938507,-19.00969877,-63.52027165)
mX=[200,3](0.1319191036,0.7551011452,0.7631226589,0.7643778851,0.2465425332,0.6783451843,0.2847540606,0.5318778131,0.05529950074,0.2333676469,0.4097920359,0.2631643645,0.2011965422,0.7824438651,0.5225302363,0.4755482502,0.07611934686,0.7029478059,0.2438925728,0.3056052501,0.4127096646,0.8455559219,0.4494270902,0.8516466453,0.3701242657,0.5223803736,0.4091130549,0.4371762082,0.9294067384,0.4522525981,0.2755595501,0.04043361021,0.1683449059,0.0468911706,0.4335527649,0.9354136658,0.1795996769,0.5091134821,0.5050494751,0.5796556553,0.8937458061,0.7855745227,0.6354172988,0.09368596972,0.7294148858,0.3436430886,0.3631830579,0.4367784014,0.6078766189,0.3419750762,0.06288050173,0.1617833532,0.8337097197,0.8281789155,0.05362547094,0.8279023925,0.7527116692,0.6860371739,0.3271504282,0.3086724921,0.1586243331,0.7369462054,0.8143732393,0.07342871381,0.2138903007,0.8374133962,0.4284693275,0.961622323,0.5617839222,0.8859956248,0.2923002703,0.9881122489,0.4046565395,0.6508415454,0.08116426763,0.9615436721,0.4670663371,0.008229009849,0.6126562905,0.6837357009,0.9191610973,0.8282372872,0.997562771,0.6599308767,0.2920983458,0.4181987511,0.07870786167,0.02872203497,0.7047924314,0.8456947225,0.3585794485,0.2625435812,0.7114105452,0.0678386181,0.3173048574,0.4766262413,0.3149919528,0.06250526902,0.386578051,0.8757352125,0.1994743322,0.2200661196,0.8560726036,0.250370775,0.5895980796,0.5910928408,0.6773691042,0.2456776175,0.4909181466,0.2852153336,0.2371338811,0.6919298052,0.2316996738,0.9726162479,0.9132930815,0.8153092486,0.7961621883,0.9090537274,0.3935589947,0.9224180999,0.5819823325,0.2747517315,0.7430841711,0.8960081807,0.1246550798,0.6329517754,0.4604066158,0.08119897681,0.8786503188,0.4856640663,0.3748443248,0.328592059,0.9381499301,0.9448534274,0.573910228,0.3848821926,0.6325518186,0.2167687205,0.8014491711,0.6067986492,0.5945537521,0.742183262,0.01947481995,0.8963968263,0.7303122284,0.4250626616,0.2572193023,0.6574052412,0.8539281476,0.6269972293,0.670230003,0.931889469,0.5358865935,0.7245768327,0.1587200806,0.2080861765,0.703828424,0.2017768302,0.03579135553,0.008291969837,0.05283395814,0.9004612173,0.8321369234,0.5986981936,0.4974643497,0.810864155,0.9133801161,0.6060483977,0.7165149538,0.7468132891,0.7702294453,0.3681904809,0.03446096638,0.4623701683,0.09341459536,0.458696928,0.3122678782,0.7757274445,0.004874175447,0.9453061801,0.2591018223,0.3860560692,0.3984787661,0.9951152791,0.8681056832,0.199185234,0.7835455554,0.6947886111,0.9907698098,0.5064816764,0.9504982506,0.2756730262,0.6696472139,0.3528642306,0.3776418929,0.921139161,0.9084258162,0.6936860687,0.2690848784,0.5557542578,0.120043114,0.1806806091,0.1460240098,0.3616530049,0.3069074672,0.2297799642,0.04827285938,0.7970594987,0.1374968941,0.2850179886,0.9805540046,0.8814810262,0.1337866489,0.5308811383,0.5178860021,0.1166934737,0.3296824474,0.6600038325,0.4871288775,0.9720047066,0.3380685781,0.6184618359,0.4469065722,0.7930743166,0.1733091974,0.08233429612,0.100217507,0.1004751291,0.2291599163,0.1815813271,0.2914264267,0.1467539745,0.7763017512,0.6876276227,0.3353439479,0.5619497906,0.5163937133,0.1049928214,0.7220150799,0.3399282578,0.419157691,0.5474698916,0.6497848135,0.7595595956,0.9800305779,0.8031391644,0.8624416021,0.6278291329,0.5496959361,0.5417884033,0.8417621118,0.4212126967,0.5177652695,0.5750491365,0.3505843801,0.118015659,0.718363254,0.4498495478,0.2152457496,0.4828775279,0.6649683962,0.1997014362,0.977665774,0.02341287444,0.4588981428,0.6143331607,0.7399819392,0.03784093537,0.1790092933,0.8889224499,0.9541611,0.6468800119,0.01262930606,0.01113186097,0.1113460436,0.3400482111,0.3952058008,0.4915254231,0.9637594004,0.6245556035,0.1623431095,0.1520026954,0.9454182374,0.8035499754,0.1482375738,0.1216760523,0.5806866841,0.5513729335,0.5697991723,0.8724216031,0.1831269611,0.5564096587,0.4717779734,0.8620435212,0.5294060933,0.7681089236,0.9568033518,0.6499178524,0.02259927703,0.09319939707,0.0001292216336,0.5921226622,0.2372497681,0.00020645407,0.6338278872,0.1896325377,9.013887152e-05,0.5316486559,0.3159010083,0.9999922989,0.5791048012,0.2753593397,9.69042387e-05,0.482412253,0.3650823096,0.0001051918371,0.6585214289,0.1641477941,0.9999779871,0.5132955357,0.3554923827,9.703146029e-05,0.5758167719,0.2517349135,0.8086170841,0.646175187,0.1797189541,9.698877519e-05,0.4529589573,0.3897614601,9.702243239e-05,0.6760945943,0.1459335435,8.969320768e-05,0.5493333169,0.2866062642,0.0001056813167,0.4408237218,0.4033106247,0.9999780005,0.4598109541,0.4195211081,0.9653725045,0.6317286136,0.2014296689,0.000100037836,0.649935487,0.1685014209,9.083622816e-05,0.5446289763,0.290761378,9.690690282e-05,0.4862029679,0.3462045764,9.702063209e-05,0.7007539265,0.1221085727,9.689144135e-05,0.4035012822,0.4934715072,0.9999863958,0.6041371663,0.2409317604,9.69628794e-05,0.4410132702,0.3799979125,0,0.6142758565,0.1967499655,0.9999781127,0.6543695383,0.3474040199,9.398375523e-05,0.5700615827,0.2569051778,9.675792184e-05,0.5085787713,0.3327056085,9.702187605e-05,0.397569535,0.439621285,0.8547077216,0.6688061328,0.1563260408,0.7508594356,0.5348655828,0.3025532027,9.709026929e-05,0.6948178391,0.1267677846,9.703493015e-05,0.6827790702,0.2652267649,9.70247625e-05,0.5799029456,0.4000384801,9.720935811e-05,0.4220338528,0.5422724869,9.698338787e-05,0.435511017,0.3795145927,0.9999780903,0.4416097632,0.4703238587,0.3150640243,0.6003867765,0.2072710268,9.148250959e-05,0.5913951771,0.2187908646,9.062871137e-05,0.5160327197,0.3151751605,0.8353532209,0.6664215661,0.1590954218,9.694465895e-05,0.4227330994,0.3863674365,9.693068311e-05,0.6107898916,0.3799343729,0.6066546339,0.5555352177,0.2774316588,9.986755022e-05,0.6334231276,0.1771177569,0.6975056311,0.5056304478,0.3332434728,0.3573417177,0.5828380631,0.2302465744,8.966480017e-05,0.7259305787,0.09939016409,0.6029341195,0.6597382524,0.1562251123,9.075850333e-05,0.5204311322,0.4459297561,9.706349564e-05,0.7107117792,0.2608484583,9.696976421e-05,0.4811734697,0.3397365898,0.9999852919,0.6736438743,0.4064344231,9.703950942e-05,0.6820368911,0.5937456313,9.703646411e-05,0.4370734824,0.7306770785,9.602442627e-05,0.3670083418,0.4383165842,0.8085380355,0.6584332219,0.1717810498,0.04930890833,0.5587492471,0.2739716364,0.6635705538,0.493666224,0.3464517246,9.027177122e-05,0.4462007173,0.5733844497,9.683592781e-05,0.5295477306,0.4454478372,9.99958448e-05,0.6250715603,0.1808820457,9.689177476e-05,0.4307176601,0.3780487025,0.6130004751,0.5834858959,0.2638535818,8.962993757e-05,0.6035790758,0.3230647038,9.920503128e-05,0.6420428295,0.1684031668,0.9999780024,0.7001687399,0.2715092987,9.679512083e-05,0.5122110448,0.3165984033,0.3680916389,0.5890658485,0.2270035112,0.4428882308,0.6804810206,0.1443068759,9.578954102e-05,0.4579113339,0.4713692831,0.6530170777,0.4880625859,0.3561054126,0.0001004610858,0.4003852172,0.4027591656,9.686633411e-05,0.6037960961,0.4339559121,0.4264264224,0.5691010386,0.2592831539,9.68315577e-05,0.4885187617,0.5804762458,0.9999771708,0.6679529644,0.6356797831,9.700653004e-05,0.4921202805,0.3359248843,9.679406547e-05,0.3469181354,0.4962350018,0.9999780036,0.476303782,0.5388640215,9.97542943e-05,0.6247172814,0.3170592807,9.550723614e-05,0.6123174292,0.1965676746,0.6274360878,0.5429184113,0.300010833,9.674489498e-05,0.4928336008,0.4383746206,0.830670039,0.693112335,0.1312261631,9.678624154e-05,0.4402924679,0.3690318812,9.727415325e-05,0.7056497053,0.2100475876,0.445490298,0.5766005706,0.2487135719,9.658001727e-05,0.6418634429,0.5037353953,0.7899445058,0.5576522964,0.3952597554,9.679840631e-05,0.3839708501,0.4191560084,8.768723652e-05,0.5300423048,0.2999553681,0.5975456315,0.4763012978,0.3604636753,0.450911743,0.5843127485,0.2245649215,0.4552914558,0.6219951945,0.2119140435,0.9999780683,0.7135577696,0.4850716157,9.707434787e-05,0.5926869614,0.363025773,9.697530214e-05,0.4950638019,0.4739150886,9.697776373e-05,0.4689594883,0.3505542396,0.00010558326,0.6600417911,0.1411995121,0.9999780961,0.4903980781,0.7199743666,0.5584622789,0.5476855719,0.3006904037)
