mCurrentIter=100
mCounterStuck=0
mYPrev=-36.22303234
mParameters.n_iterations=100
mParameters.n_inner_iterations=1000
mParameters.n_init_samples=100
mParameters.n_iter_relearn=1
mParameters.init_method=1
mParameters.surr_name=sGaussianProcessML
mParameters.sigma_s=1
mParameters.noise=1
mParameters.alpha=1
mParameters.beta=1
mParameters.sc_type=SC_MTL
mParameters.l_type=L_EMPIRICAL
mParameters.l_all=0
mParameters.epsilon=0
mParameters.force_jump=20
mParameters.kernel.name=kMaternARD5
mParameters.kernel.hp_mean=[1](1)
mParameters.kernel.hp_std=[1](10)
mParameters.mean.name=mConst
mParameters.mean.coef_mean=[1](1)
mParameters.mean.coef_std=[1](1000)
mParameters.crit_name=cEI
mParameters.crit_params=[0]()
mY=[200](-15.29353576,-10.41418057,313.2136191,2.705223834,-2.858987906,-18.93011323,-34.98182548,1939.996504,12.27507871,16.94516301,295.8642648,3.91144477,10.62270706,655.9989788,-28.65391694,-37.34831931,1253.975167,215.8704671,-3.007840806,20.69817185,267.1599503,-19.65343621,3.468924943,12.66084303,87.53442463,14.21054798,22.25015156,-12.0734252,-47.14960626,36.63119647,29.87496346,-36.50810759,-14.36869693,-3.557709085,-37.95776251,-19.45254201,11.71577423,-12.04158816,3.795956091,-12.95284504,-32.78579976,12.70474219,4.369592376,-22.28402402,1.710249895,1123.680586,-17.78008557,-17.00171886,-23.81593422,-33.74334522,2.432730941,-20.01110606,5.210203924,23.59061994,-40.87737859,12.76153341,55.07849832,-17.08635811,117.9765807,-44.52906893,32.58050803,-8.668232478,-13.84484967,-15.58556208,1.711690578,-41.93603292,2801.051538,1070.18838,15.24220421,-13.98502369,-30.59310306,38.97504993,55.19145829,17.4809476,261.5765423,54.96997223,49.16935167,32.2936081,869.6302854,32.89783926,13.44508244,-33.39662776,28.44029979,-11.78682649,17.25257846,173.6219255,-43.49705344,681.2897662,-1.611672425,-4.252299402,40.41598974,26.87300158,25.55488531,-38.65317667,249.4302668,5.263910805,-10.87804629,1248.642899,-39.33078827,2811.58978,-40.22065502,-35.39910041,-37.94844704,-40.6814008,-44.058938,-35.2880472,-38.03069967,-33.82358722,-37.82837255,-35.41263193,-41.31223109,-13.92740092,-36.67183153,-42.28016079,-36.1646792,-38.95045038,-44.21187123,-40.99119296,-34.09933503,-33.59511657,-37.34887788,-39.16971718,-34.6294006,-39.80818569,-40.28633712,-34.10941786,-34.91240304,-5.377374727,-37.69353911,-41.5144092,-43.25967421,-38.27810556,-40.6196965,-28.3245567,-38.27210915,-23.74192052,-34.7032086,-34.38960506,-38.77381926,-42.00599673,-30.38237923,-38.4828546,-42.24804955,-42.49889972,-38.03165368,-37.47780126,-8.271539706,-36.04134491,-39.20443388,-29.80988211,-44.43320999,-38.32816664,-39.69760174,-33.62169243,-37.20198836,-32.02904264,-38.41405772,-41.92034682,-35.72759176,-27.96556234,-43.56778924,-39.30285911,-34.12196681,-42.20443292,-40.97025619,-38.22639423,-35.41755584,-40.22556238,-31.97395651,-43.95898579,-30.01349482,-28.33899145,-30.61773544,-37.13381937,-36.86899318,-42.04026568,-17.73582092,-44.22508879,-44.33346048,-34.00548637,-39.57706508,-29.91932502,-39.31154316,-37.72474635,-38.28273583,-45.37217942,-32.75356607,-14.7821609,-41.56810409,-37.58109193,-36.86168331,-44.82403987,-39.85877664,-41.21324803,-37.74901758,-27.74397168,-41.32520788,-39.89854132,-43.70615737,-36.22303234)
mX=[200,3](0.6800166121,0.4107641272,0.2636695682,0.816792914,0.8483623942,0.1512448639,0.7422076194,0.0139666651,0.3901233814,0.2613286221,0.7151708985,0.7698697034,0.4440828684,0.03799688357,0.7724829342,0.7018448164,0.6079893685,0.7007526435,0.00834818973,0.2967663936,0.4504611744,0.9515574523,0.09945282141,0.1414453586,0.1732640068,0.9308147917,0.5018973256,0.1661717289,0.9699774595,0.3258478183,0.233578547,0.06259863378,0.3456071278,0.7122909255,0.72675166,0.7913731652,0.5903284733,0.4752949216,0.07886619321,0.7369204312,0.1518247766,0.2224823418,0.6611334063,0.6509138436,0.5728674549,0.6780810999,0.5940319383,0.533305178,0.3860100954,0.3040831014,0.01237864087,0.7709901154,0.2352671914,0.2457390411,0.4055290444,0.884258117,0.1360970069,0.6488156082,0.9409424976,0.6664465789,0.8001936386,0.3162405242,0.1636858257,0.3345907405,0.7513632516,0.4924926376,0.8733211035,0.9106898845,0.3107823184,0.1924065562,0.5508864156,0.8953181428,0.50256911,0.3630580697,0.1720565291,0.9354526979,0.2867195061,0.9228045665,0.7610824916,0.1849194942,0.9684258074,0.105908403,0.8260841838,0.3003210646,0.3905800142,0.4919529609,0.4388117006,0.1806178821,0.9261863963,0.8446910002,0.7294660276,0.1692579821,0.488458523,0.09275790507,0.5404901427,0.5645668695,0.9017975045,0.4451533297,0.747752863,0.2889946719,0.1920864516,0.8308568738,0.7590452565,0.3854764239,0.4645650421,0.1288014787,0.5614643649,0.6963353659,0.1420615268,0.2290983204,0.9195372635,0.3639298988,0.8382185438,0.06110361109,0.6368914622,0.8632118089,0.598952641,0.8423493022,0.7884107335,0.5587969856,0.556951131,0.4211462759,0.6498120845,0.228350013,0.171492026,0.4239655737,0.5183084463,0.3996417867,0.8794146333,0.1174951038,0.6639056912,0.6002629611,0.03253671047,0.6143990999,0.806529129,0.6939760401,0.3200888634,0.02373564947,0.7915180734,0.4337643488,0.2147283144,0.3754900192,0.5276791326,0.7349932063,0.2158500888,0.3741200698,0.7174370171,0.491236914,0.6780263884,0.4196005874,0.2058093164,0.9013634681,0.3319468726,0.1521612852,0.7796258146,0.3533730416,0.4351906053,0.7994694216,0.720238185,0.6255772224,0.464633891,0.9728843903,0.0446575416,0.5881459138,0.3863850412,0.8902065392,0.7383739921,0.8530525715,0.2924311085,0.0493124063,0.5135186332,0.2453093804,0.8097047938,0.28743615,0.05776000284,0.2198116465,0.2779170579,0.5898379816,0.4562044881,0.3761833842,0.6516352119,0.9580507946,0.7886540765,0.3013392766,0.1132637785,0.6190165726,0.524515803,0.8128248816,0.03381444277,0.5446293138,0.7448256595,0.5899738862,0.4650977968,0.2729998338,0.8664054253,0.8270619533,0.6334232698,0.2970441769,0.8353756878,0.05429247983,0.0864487892,0.3193735412,0.2046484984,0.119194988,0.487859782,0.4024998641,0.2031697014,0.9735339822,0.3411342426,0.5275974617,0.3478564247,0.5335672579,0.6362673401,0.8635975468,0.9919762835,0.8201514099,0.9645488983,0.5080262435,0.04809728665,0.08063928249,0.8594728872,0.7535334145,0.07503656909,0.3578879559,0.1054587063,0.02296516325,0.6900983637,0.004633108422,0.6065192722,0.9848335611,0.9090957573,0.5774584434,0.7697651771,0.9444040347,0.01004613805,0.2521774954,0.09614149391,0.9187881869,0.1398504469,0.5445741688,0.5314604034,0.8966748095,0.6537682901,0.2502551605,0.6487342323,0.4792717188,0.4132573239,0.6818174303,0.950142731,0.4225074357,0.1242802409,0.6705962336,0.9453230646,0.4845926023,0.9353074163,0.2700003119,0.0004727557092,0.4452908584,0.7850500613,0.5705162969,0.258004954,0.8561997876,0.1492280085,0.2358030949,0.4705449411,0.8777630292,0.401586424,0.9888922676,0.2408932051,0.6294984601,0.1339234777,0.9726429016,0.814997444,0.6179972647,0.02352314547,0.9925749327,0.887590769,0.3391615913,0.9843358492,0.9215464214,0.5150225758,0.1880129038,0.3573635773,0.07026945443,0.3610404841,0.3226903768,0.2641803572,0.8868175607,0.568587052,0.7007031858,0.6891668481,0.4568422361,0.08014047772,0.1941414082,0.9925452652,0.6288022835,0.1200378979,0.06961848348,0.1033003096,0.05246138145,9.69862037e-05,0.5435682511,0.2464819624,9.70361529e-05,0.4506775975,0.3229603984,0.06384976075,0.6233771914,0.1926428695,0.6680247351,0.4745821162,0.3106851372,0.6969358708,0.6343632232,0.1922369967,9.680663537e-05,0.3959820855,0.3675846723,9.694340089e-05,0.5311749139,0.248913339,0.9999821892,0.5009048591,0.2986419422,9.710744554e-05,0.6573872162,0.1764094203,9.685523268e-05,0.3843138487,0.3840542274,0.9999681946,0.6115655931,0.2040731539,0.9999779895,0.4078710477,0.3680081585,0.0001054154785,0.5161753934,0.2569227438,9.686983647e-05,0.375326011,0.5439782902,0.9999779657,0.6951536404,0.1810569909,0.02391440282,0.5659386243,0.2027980735,9.698534262e-05,0.4549706328,0.4866224945,0.9310816045,0.5540845582,0.2894546453,0.0001044657522,0.4650817053,0.3043298228,9.697579493e-05,0.700050271,0.1661170856,0.0001139970728,0.3152308971,0.6012344473,9.719400434e-05,0.3524889529,0.4279846011,0.9999781427,0.4934915175,0.5068719687,0.9999792928,0.5649346821,0.2122562462,0.9999781284,0.5828420729,0.3937896226,0.9999780068,0.7016314468,0.2574502386,0.0001129364937,0.4899536819,0.2872007887,0.9999780893,0.3759335623,0.3966485812,9.704823922e-05,0.6421148554,0.3059477082,9.808820628e-05,0.4427428916,0.5547705154,0,0.5281615528,0.4404692436,0.9999780984,0.6668511415,0.1500207833,0.0001020397361,0.3092992413,0.5181815795,0.999984512,0.4590790081,0.5829904513,0.4581437044,0.5574094366,0.2067746174,9.707454015e-05,0.2781482747,0.7050237509,9.687354704e-05,0.4306410503,0.3392301431,0.9999787927,0.6864882111,0.3722257645,0.0001014701149,0.5853931914,0.1864696646,0,0.5324397763,0.4802159038,9.707689964e-05,0.7224776457,0.2115960867,0.9999784834,0.52928413,0.2490743706,9.68557981e-05,0.3833062011,0.4636736416,9.694916101e-05,0.5612807938,0.3502494276,1,0.5631208473,0.4564718503,9.68658825e-05,0.3928159327,0.6084411545,0.999978102,0.2849599615,0.7365090448,0.9999780574,0.6965543993,0.1476689786,0.9999793395,0.552716619,0.2283203252,0.9999789912,0.4797052272,0.310848956,0,0.4482787271,0.4303484771,9.181522303e-05,0.6463548679,0.2817812724,9.680598037e-05,0.5038995667,0.5434473467,9.684843486e-05,0.6542886143,0.4350804461,9.694194841e-05,0.3530076355,0.4045398802,0.9999780089,0.7169410144,0.2446772718,0.0001061268726,0.2881499146,0.5598523201,0.3724402729,0.575891135,0.1873785436,0.0001014270308,0.4971576615,0.2628057814,0.9999781213,0.4329599442,0.5196342806,9.706459832e-05,0.5109011509,0.3842896568,0.3237959817,0.6202333828,0.1551850492,0.9999781308,0.6341832196,0.4774860659,9.023324841e-05,0.3384331265,0.4878231384,0.9999846813,0.5613818949,0.3544529168,9.010568946e-05,0.5641806196,0.5131138465,9.694098951e-05,0.4368543854,0.6182078094,0.5101292524,0.5273359291,0.2389340386,9.707027805e-05,0.4218805159,0.332298305,9.695203688e-05,0.4388227662,0.4873879509,0.9999781179,0.5474446208,0.593007096,0.9999781956,0.7287391468,0.3936403138,9.69969577e-05,0.7143119931,0.1458558161,9.702937962e-05,0.6519862825,0.3415841943,0.9979596167,0.4969084499,0.4244944535,0.9999890011,0.595843218,0.1918383208,0.9999779461,0.360754486,0.6150352965,9.714263884e-05,0.5264126115,0.4112817938,9.697277359e-05,0.420349047,0.5112040681,9.677866734e-05,0.6208593578,0.5044536213,0.9999582352,0.635900331,0.257663268,0.9999780205,0.7452644857,0.1932842392,0.4098862062,0.5190347882,0.2444925574,9.707173059e-05,0.3456464994,0.4204410451,0.6089653744,0.4743670602,0.2930097671,9.720299299e-05,0.4620102508,0.440542547,0.0001101107309,0.2763601502,0.6299026242,9.684971131e-05,0.3857428149,0.7647487027,0.5055522377,0.588444529,0.1798019495,9.710524829e-05,0.6485334402,0.2519085049,9.66763854e-05,0.4878968349,0.584370557,0.425959425,0.5653843285,0.338991443,9.941941551e-05,0.3028724076,0.5202564139,0.8934678332,0.5275889217,0.4765832923,0.5404115698,0.4224705237,0.3390513078,9.703122374e-05,0.7112388715,0.4178757128,0.3748024192,0.5480861302,0.2158338138,0.999977971,0.6204402195,0.1653870756,9.666602769e-05,0.4135297744,0.5193472613,0.999978003,0.6816158664,0.3177741466)
