mCurrentIter=100
mCounterStuck=1
mYPrev=-46.79436091
mParameters.n_iterations=100
mParameters.n_inner_iterations=1000
mParameters.n_init_samples=100
mParameters.n_iter_relearn=1
mParameters.init_method=1
mParameters.surr_name=sGaussianProcessML
mParameters.sigma_s=1
mParameters.noise=1
mParameters.alpha=1
mParameters.beta=1
mParameters.sc_type=SC_MTL
mParameters.l_type=L_EMPIRICAL
mParameters.l_all=0
mParameters.epsilon=0
mParameters.force_jump=20
mParameters.kernel.name=kMaternARD5
mParameters.kernel.hp_mean=[1](1)
mParameters.kernel.hp_std=[1](10)
mParameters.mean.name=mConst
mParameters.mean.coef_mean=[1](1)
mParameters.mean.coef_std=[1](1000)
mParameters.crit_name=cEI
mParameters.crit_params=[0]()
mY=[200](-36.40532478,14.86403495,2.358265794,-47.50439531,57.09829737,12.02145044,-39.69153296,-44.26321723,-30.26856673,20.54528453,1490.040028,-28.42125544,-10.93734849,6.10976838,-0.1578429278,-15.19115895,-29.69925812,-27.89146616,-12.12468874,914.107103,-34.93897461,38.12620636,-15.51549348,-34.24476194,63.19412132,98.20464952,6.186355632,-27.51322704,-29.41714531,-38.40677215,20.93201668,1087.940102,-23.341576,5.746845565,-39.46150198,-20.62639665,-21.91849157,-33.80339922,17.83984002,11.03926583,-15.67430184,22.8924545,-42.44686831,35.9520808,-22.19994627,3.201484256,3.038339962,-31.53963113,-40.42619923,-0.9675512233,-37.02777103,-43.26672903,32.01113389,108.6783224,27.84463328,-38.6417933,23.66104538,8.028259484,-1.392731351,9.042524344,586.6217826,20.61189554,-14.04783551,-47.07481263,17.64106573,29.40673466,2.087854513,-24.62009412,171.1705166,100.6941716,-21.27105338,-38.8048871,-4.50995864,18.07936805,10.37166068,98.48049139,17.84483241,18.07955185,-43.79092075,1358.885194,8.538746701,-21.29958083,-46.88763061,6.159582612,-45.12405397,36.08007232,-18.30988674,25.25624207,41.81013939,-43.83978208,1153.423327,-16.80219643,12.80031395,-14.57403947,12.49693831,-43.31834574,-48.70677651,-40.6492417,1161.296646,116.5203989,-35.95198574,-38.00342627,-33.30494959,-39.21690375,-47.87084981,-34.86091182,-46.47309701,-40.56300862,-37.99554555,-29.79639791,-46.26758322,-39.21983556,-46.28451991,-41.30157489,-32.96440042,-38.55427279,-45.28855102,-39.45469118,-41.28593221,-47.50753008,-38.40337429,-34.20018129,-43.77974118,-42.20885142,-34.07827334,-40.94782341,-43.76923647,-47.97259595,-36.26310568,-36.43103019,-34.87861618,-47.64376376,-36.48525517,-41.51338125,-32.59236314,-41.68397068,-48.28302846,-45.49772978,-47.11854981,-31.30566199,-39.79109986,-44.571164,-45.79436368,-45.6859323,-46.22672771,-40.90713593,-33.81095953,-41.98691597,-45.97977269,-47.81791736,-43.35837863,-37.42722416,-33.50900571,-40.43411923,-40.08677901,-44.81884631,-30.15084813,-37.79520997,-46.81038628,-47.89811853,-45.80360032,-38.49596064,-46.24321791,-36.56698388,-38.77861672,-47.78148225,-45.04898498,-34.43901716,-43.96450204,-35.6046218,-42.05605598,-39.20277924,-47.64651637,-45.31621648,-44.70081942,-43.69736662,-42.80895291,-41.21912892,-41.19619203,-42.35820936,-47.08672409,-48.23246941,-32.28762396,-34.47534008,-44.40531972,-36.26231605,-42.45547788,-45.70746778,-46.59565313,-29.33292504,-35.96037434,-47.06773573,-45.68876475,-44.66236402,-48.12619956,-45.07499807,-41.38453089,-37.68798921,-47.61490047,-46.79436091)
mX=[200,3](0.03244281393,0.2435488256,0.6255523598,0.4781869457,0.3804344868,0.2293186388,0.9028844004,0.6655503254,0.8191645401,0.5745638584,0.4084369967,0.4777462363,0.1084728447,0.04517833031,0.3954698146,0.3512405871,0.9421373588,0.2553574849,0.4902964027,0.1952180898,0.5604652847,0.8977983002,0.5008267914,0.5389064843,0.5515784231,0.6469034038,0.5279102846,0.4430284643,0.6788488334,0.8966630409,0.8016110634,0.07515452588,0.1326205017,0.4683661897,0.4555827051,0.6805388798,0.4512915525,0.06630956876,0.4813962617,0.6657730408,0.1299335107,0.9127807725,0.01622589909,0.4485820504,0.8334117144,0.9124526721,0.2961013488,0.3681269063,0.6057282894,0.2698820699,0.7092366271,0.02463832949,0.5598900054,0.181617932,0.6194572696,0.8198454278,0.1182870771,0.6355669724,0.2139663458,0.1041841013,0.1668964386,0.607867527,0.213696676,0.3473138176,0.7922926334,0.94407783,0.1828439139,0.1684632914,0.4479479599,0.5144610883,0.08717212854,0.6536366777,0.2433971375,0.987440033,0.9806428625,0.2790437744,0.1516630459,0.3180095183,0.08243405759,0.8267362979,0.6435644035,0.1754941416,0.357843562,0.6971227668,0.07317249327,0.4296306122,0.6601045349,0.9216749406,0.6595854692,0.3836696638,0.7394403569,0.4114236258,0.9700600225,0.3711017285,0.1055873851,0.1544866421,0.7134470593,0.2866667293,0.7520139358,0.8696248275,0.919420296,0.2058082058,0.8298565569,0.4926800096,0.5976656785,0.2844019648,0.752630749,0.3340245326,0.1494372461,0.3756328483,0.7301430502,0.7287705181,0.7199070706,0.03145702681,0.3824807396,0.7006719361,0.8660982103,0.2999612227,0.8467106842,0.6737810192,0.540819882,0.4684565905,0.1683706696,0.6763442238,0.8080370961,0.8517876104,0.7484443864,0.5947304042,0.1745677134,0.06991538983,0.273477494,0.2952648828,0.3983280952,0.7327303021,0.01333158455,0.5947762142,0.8923213636,0.08131619766,0.416842666,0.8354715803,0.6106137182,0.7591446413,0.698461397,0.05437057426,0.8533293596,0.5689257897,0.04135817684,0.7762650632,0.8797369511,0.2650263427,0.1555734292,0.2519835476,0.6324379433,0.8732551586,0.6355344911,0.1927736746,0.5235840241,0.7824364164,0.9209137554,0.6224419615,0.9594664283,0.004048783816,0.6882426539,0.8662474247,0.8447147827,0.2162234869,0.5438344454,0.3271030722,0.2279082859,0.09745678302,0.9933022927,0.7630036488,0.9251305029,0.2714093312,0.5803075977,0.5375356331,0.8284829437,0.3389064804,0.1313146855,0.4156296356,0.1981069915,0.02447675492,0.2448707264,0.1243950468,0.9310859653,0.6089196089,0.4002620544,0.3653646498,0.7888886839,0.9435824391,0.4362305802,0.4532952673,0.9956392155,0.8872634633,0.7464746273,0.3123228706,0.6849109229,0.9362889925,0.4335335756,0.3425588542,0.2878543993,0.5024107354,0.7470648459,0.3068341954,0.797359906,0.0335489808,0.3426660422,0.04018465162,0.3107588076,0.2310466697,0.1142016568,0.0536807564,0.7681533635,0.2358254735,0.2052789787,0.5489019521,0.5310534318,0.8585002398,0.06672827499,0.002784035767,0.577235954,0.0286090038,0.3683543829,0.7602058153,0.779167246,0.7044765298,0.01260573013,0.3798717902,0.1396614319,0.2332555354,0.9568525165,0.845803902,0.1479380635,0.9684742713,0.9888204252,0.5862913576,0.4385808265,0.8302488592,0.1880203407,0.07296375986,0.2668275953,0.3040629585,0.90998247,0.3224300592,0.7206883035,0.4916099338,0.780565686,0.5129849668,0.4698245119,0.9647986461,0.5272560281,0.8881193524,0.8841894706,0.3389214035,0.5039871456,0.05979114855,0.9788732962,0.7202038257,0.6905757679,0.7760747707,0.420616327,0.2037919178,0.9961745144,0.3587211254,0.093758627,0.9676614597,0.8050647008,0.484419663,0.3245407031,0.5701189482,0.3031793191,0.1103015171,0.147739569,0.9543732751,0.004806015082,0.7944540204,0.6571139273,0.9069554894,0.5863095386,0.6482534668,0.6168621123,0.7145155129,0.5657309495,0.6296183269,0.8756537354,0.9326311552,0.4790600746,0.558340584,0.8174887887,0.4858128242,0.4020566754,0.4255793005,0.2289293325,0.5109827531,0.9789657158,0.179153385,0.09500215306,0.2527800786,0.3942569531,0.1254224481,9.708494971e-05,0.4417865933,0.3645132912,9.699521076e-05,0.3806822269,0.4141761719,8.211173424e-05,0.5109209979,0.3035946948,9.761578381e-05,0.3442154776,0.4443193525,0.9999849149,0.534209048,0.3028630931,9.703392688e-05,0.4632437762,0.3481009123,0.9910479255,0.4731304621,0.3578384994,9.647892715e-05,0.3273097453,0.4656042342,9.700030726e-05,0.4224534728,0.3859363955,9.709870432e-05,0.676045313,0.1564837851,1,0.5384886639,0.2818706291,0.9999781142,0.3235758399,0.4683799007,1,0.6128444296,0.277687715,9.688014844e-05,0.411848337,0.530106115,0.0001070085446,0.5524376582,0.2666951603,0.9999779888,0.677498986,0.1565386979,0.999977982,0.4326234079,0.3912527692,9.69655604e-05,0.5282395946,0.4398675951,0.9999780902,0.3313247879,0.5746623851,0.9999779923,0.5081925117,0.3373757936,9.705919601e-05,0.2963848642,0.4749317776,0.0001052103661,0.5483517318,0.2686274951,0.9999779327,0.3987398206,0.4206264716,0.9999709879,0.6401041045,0.2285859847,9.710386834e-05,0.4546363891,0.3416891522,9.697729462e-05,0.4731522032,0.5097741643,0.9999787752,0.3566183365,0.5481608771,0.9999852962,0.5566168687,0.3742971579,9.78127604e-05,0.3721636286,0.4114446813,0.9999777508,0.199752093,0.6179068267,0.999978004,0.2710754272,0.4980827196,1,0.4731321457,0.4488003748,9.708282917e-05,0.5783630963,0.3842782398,9.066453319e-05,0.3568823742,0.5585375258,9.71012369e-05,0.6683268351,0.139702883,0.9999780226,0.6701506362,0.1398132585,0.9999832151,0.5713226392,0.261423098,0.9999779891,0.4877484665,0.3387692982,0.9999781502,0.4205908796,0.4853253543,9.472497716e-05,0.5568300683,0.569210905,0.9999780233,0.3618632122,0.6105195971,0.9999700681,0.4383801794,0.391603103,0.9999780726,0.5456322362,0.471692239,0.9550306155,0.5756886852,0.2469181905,1,0.6034243612,0.3247991185,9.69369797e-05,0.2993208048,0.5259411216,0.3197082512,0.5045933866,0.2957425922,9.779293659e-05,0.4554030141,0.4583224818,0.999978119,0.4179319693,0.5119407046,0.9999780657,0.5335379551,0.3992981984,0.9387635371,0.3682127936,0.4363801502,0.9999780174,0.6863138514,0.21574601,9.957564524e-05,0.6199040214,0.2365784828,0.551821291,0.4400155416,0.3693888487,9.341820305e-05,0.4026732814,0.5649731021,0.9999782243,0.5453557307,0.4992731962,0.9999780379,0.1736539008,0.7010138218,0.9999782672,0.2517490825,0.5532886568,0.9999781424,0.5756280123,0.3581236535,0.9999780689,0.4887125163,0.4308638481,0.9999780622,0.4212582532,0.5165456922,9.705478492e-05,0.5456001075,0.4496014163,1,0.5201794608,0.3011102229,9.700815756e-05,0.302257641,0.4529888116,0.9999737305,0.3262102761,0.6229154422,0.9999781294,0.5063296046,0.393233368,0.3783983641,0.4295356007,0.4553327999,0.9999779939,0.5843522974,0.5931361518,0.9999841249,0.4282094419,0.5631591101,9.702317371e-05,0.1430526329,0.588050109,0.9999762387,0.6615941901,0.1304178687,0.430618964,0.4827862383,0.3220845048,0.9999773544,0.4807814234,0.4862433802,0.999976231,0.5887314931,0.2275744711,0.9999775484,0.6221922849,0.3041603618,0.9999782084,0.5945220484,0.4294406268,0.9999781101,0.3664040105,0.455378673,0.402108659,0.4136879031,0.3917590902,9.020025599e-05,0.2922623649,0.5615518515,0.1401342651,0.4446181984,0.5088938334,0.9999780394,0.5512848373,0.3538070229,0.999978134,0.4921509187,0.432171084,0.1202195998,0.6544878378,0.1341280327,0.9999773269,0.2557357093,0.5088370367,0.9999780546,0.5504143442,0.5033134087,0.2938944013,0.5578991302,0.2477067682,0.3588880672,0.5151299329,0.3932531237,0.9999781836,0.4135559456,0.5155815091,0.9999742523,0.6151702737,0.1934983192,9.694371655e-05,0.1819716502,0.6962417028,0.9999780214,0.7070343148,0.2010583158,0.9999853015,0.5514886674,0.2763859583,0.9999779865,0.4758670709,0.3532386728,0.9999764893,0.6166605862,0.3217957241,1,0.461879589,0.4495664007,0.2793379641,0.3742119389,0.5006102354,0.9999780208,0.426195326,0.5989457263,0.9999781104,0.2647113055,0.6170426879,1,0.5485899295,0.4157262703,0.9999781232,0.4842984841,0.5006175625)
