mCurrentIter=100
mCounterStuck=0
mYPrev=-40.4381018
mParameters.n_iterations=100
mParameters.n_inner_iterations=1000
mParameters.n_init_samples=100
mParameters.n_iter_relearn=1
mParameters.init_method=1
mParameters.surr_name=sGaussianProcessML
mParameters.sigma_s=1
mParameters.noise=1
mParameters.alpha=1
mParameters.beta=1
mParameters.sc_type=SC_MTL
mParameters.l_type=L_EMPIRICAL
mParameters.l_all=0
mParameters.epsilon=0
mParameters.force_jump=20
mParameters.kernel.name=kMaternARD5
mParameters.kernel.hp_mean=[1](1)
mParameters.kernel.hp_std=[1](10)
mParameters.mean.name=mConst
mParameters.mean.coef_mean=[1](1)
mParameters.mean.coef_std=[1](1000)
mParameters.crit_name=cEI
mParameters.crit_params=[0]()
mY=[200](-22.87475948,-27.71130562,-39.33836271,-3.513102876,23.71187863,-44.4856408,-13.41861188,0.7192522898,-13.51216617,14.52143088,-24.45927067,326.3717269,-40.59524328,-8.539313563,46.10602811,-42.59604776,25.09982335,-26.44394523,-19.75546743,-21.44648752,144.6611931,-4.745049071,1001.340684,34.99507838,-23.58998457,-9.644967894,1119.403112,40.07528119,-14.7168391,-18.44931031,-32.68508509,-41.34784317,17.63753044,-30.18877084,21.65055699,47.66731723,-19.95198787,6.898683655,-33.57080301,37.0460762,585.6036509,1039.286823,22.9420907,-3.166088588,0.06757639842,175.9062289,-28.34136688,-18.71349757,19.72020818,-43.59646906,-6.320091282,-28.25599559,643.4185535,609.6120215,18.32185961,-14.03128261,-33.91292515,-26.95555196,26.05846396,-27.78490506,-27.1437473,1582.337624,-14.95677956,-9.296055449,373.2335658,-11.54234832,14.81060191,28.3170301,19.03208959,-27.45135022,30.39113352,48.52008868,11.64877476,28.26325995,-11.09359122,-5.900079754,-12.40664905,11.61139198,31.36027561,-17.90116831,1693.641225,5.147662024,-4.71441541,-19.99899823,-17.65597806,21.45525463,-39.58970971,1513.632306,9.698263029,54.15449473,-20.23016441,-21.78676467,-4.968880847,-21.46622681,-13.71263264,-10.21868399,-35.32739336,33.84836487,33.21908278,42.66499482,-46.09214125,-44.97984522,-43.72205559,-47.5107317,-45.45380272,-39.31707069,-47.35326492,-48.40103873,-42.78172682,-35.43398721,-45.02968221,-37.37424778,-42.16589168,-24.15035592,-44.81385835,-37.59989685,-42.94152971,-38.40029135,-38.18176267,-39.92847232,-44.92935312,-35.36354349,-41.31984723,-42.21710605,-44.46842549,-31.3104572,-45.13437549,-40.03708121,-45.00554386,-42.9517007,-42.41946413,-17.7718386,-41.5181118,-43.25200925,-36.96969273,-44.93602464,-35.41553391,-46.64781739,-44.4231799,-36.42029611,-45.94543071,-42.94002519,-42.40652497,-31.22442846,-40.85653518,-43.13532769,-42.86093214,-44.36923664,-38.15442835,-37.09929449,-44.21506685,-43.09864481,-42.34067054,-41.76411034,-45.48471669,-40.18444597,-37.92500593,-44.36983874,-35.57469644,-33.44228183,-43.67005067,-40.81972869,-42.43316702,-44.57525529,-41.95273439,-33.76786953,-43.92641153,-47.42987085,-45.27296698,-35.42393608,-38.02850345,-42.94094119,-45.23962553,-46.45943411,-39.90063098,-45.22485056,-39.68061384,-44.2191765,-43.54645695,-46.14229709,-41.81749712,-44.54390548,-43.66167152,-30.56245659,-45.61026352,-46.02498361,-42.45311625,-39.06255375,-26.34875302,-40.30872183,-44.28857222,-40.5763347,-45.47339442,-34.0603791,-48.11141101,-40.18244384,-45.16855852,-43.34577192,-45.95211993,-40.4381018)
mX=[200,3](0.1979630066,0.662720966,0.541841257,0.160430968,0.6976747588,0.02419644949,0.5991875255,0.2856574196,0.4769146088,0.6215673052,0.805379285,0.5511178343,0.01785936883,0.7396296991,0.8436397512,0.7924815817,0.5783452666,0.106132166,0.811601004,0.4254826151,0.1626449649,0.3240852106,0.8792996979,0.149559259,0.2957258713,0.2746472924,0.7674831868,0.009050500419,0.4775241361,0.8833168049,0.2565046781,0.1460118765,0.6296844401,0.20579263,0.1892504068,0.1952142668,0.6984473542,0.5980598505,0.4355642089,0.6430303235,0.8351055643,0.0539378994,0.02701494714,0.9493986357,0.8329937202,0.8001590502,0.5491487855,0.08421017565,0.68145203,0.2941630486,0.268458656,0.2883918072,0.7063552721,0.3567610359,0.1242568028,0.6177045349,0.6196175566,0.7568726394,0.3534014922,0.3156444688,0.976144274,0.2018435805,0.3228867544,0.7631725599,0.2347634914,0.4297119709,0.1437746145,0.3063718176,0.01558936651,0.1587466587,0.07075267889,0.4626928314,0.5228901579,0.1905588335,0.500315788,0.4528423585,0.7550859114,0.5712653032,0.3848603196,0.1011812978,0.1523906272,0.7877929757,0.858038932,0.9170804135,0.9218566505,0.4190758373,0.7332448559,0.2759853532,0.6551371935,0.602595512,0.4159039643,0.5243676257,0.03032092014,0.9519919174,0.5550409485,0.446301432,0.7169403868,0.925760037,0.537413218,0.8839151981,0.3848006471,0.3439800573,0.3690262231,0.3744345313,0.9425882872,0.06873435609,0.9748886843,0.8153695668,0.8794276041,0.4425039932,0.7003363965,0.5601829579,0.408663368,0.8685095214,0.3074976481,0.6702288753,0.3005611319,0.8388902755,0.8157838257,0.9271991506,0.7747669413,0.1285472698,0.217689893,0.6593067291,0.06103352487,0.2007128458,0.4360743168,0.7438973264,0.8545994039,0.1076716357,0.462492627,0.7969323415,0.7379544194,0.7940564425,0.6349380324,0.9831173337,0.1169971182,0.3776760309,0.8414566251,0.5882462175,0.5947267303,0.3791937321,0.7220908374,0.4973017669,0.2220151705,0.9612797972,0.1792027007,0.6151031043,0.4859310473,0.5171663262,0.6602920468,0.04702632028,0.7590082414,0.2446417707,0.6303466576,0.5262426749,0.7291388664,0.03216043242,0.2811223787,0.9111286798,0.02954560491,0.2918901331,0.5419209652,0.9562911162,0.2510338657,0.8668491965,0.368722866,0.7409076772,0.4422243829,0.6821289158,0.2255576911,0.6773675718,0.4913616544,0.6603939847,0.3427234803,0.3121653549,0.9662020937,0.07263964159,0.4503267822,0.2395519244,0.9404015401,0.7176326064,0.3662486793,0.1100256535,0.158283193,0.07562670385,0.0857082055,0.7811377377,0.06560167237,0.1701921984,0.6458708554,0.6812895316,0.3912442044,0.2509147099,0.1329623941,0.2148776405,0.609531143,0.6935042821,0.4754550346,0.9390800755,0.1112312909,0.8980740601,0.9011825395,0.7794549247,0.5356632625,0.1660009731,0.3874718631,0.4209300075,0.1744797072,0.5624430216,0.1323140434,0.2432774792,0.9860668075,0.5071958621,0.8616512698,0.9528727903,0.580149575,0.5338426741,0.8755175921,0.3500014633,0.3977213447,0.9708971568,0.6012692196,0.0863206243,0.657134138,0.4933629635,0.8255002844,0.4117346346,0.8252594372,0.7793286518,0.4818004281,0.5187040207,0.3446405844,0.8953771973,0.8551206055,0.01190042946,0.9933058458,0.5519052437,0.2234714253,0.7220555804,0.3388334826,0.1390734478,0.09221069354,0.5798678816,0.897159802,0.2415011559,0.4603816768,0.4368714793,0.8036152888,0.1837579868,0.2156892927,0.3969738328,0.3123218343,0.5660627409,0.679126089,0.7067699292,0.9834745018,0.1218543877,0.2310336552,0.2694650985,0.584507793,0.9093140122,0.001226370439,0.1875678039,0.403985881,0.9129806549,0.2762213032,0.04600732429,0.9986397518,0.007232331363,0.03723801707,0.09438634881,0.640140797,0.7440928412,0.3393579553,0.3302785595,0.4811795677,0.5105129883,0.7877543683,0.09055635417,0.5027608217,0.04812648669,0.9393567669,0.3246300151,0.4040498623,0.05644000244,0.05139194572,0.7168445496,0.9968602825,0.6276715154,0.4576759795,0.9600387404,0.7606089438,0.9391235254,0.6325769224,0.8877880257,0.8262623324,0.2622146607,0.8490171859,0.9093344972,0.7644947458,0.5542276824,0.2629876783,0.05044596097,0.4568371175,0.3850333085,0.7054282102,0.6146415853,0.1888039775,0.7685468791,0.511333733,0.3171029863,9.710786903e-05,0.387117193,0.4578087196,0.4484013269,0.6290843866,0.1716029823,0.4820385811,0.4938974054,0.3396342859,0.3438586763,0.3807904151,0.4650913983,0.9999700443,0.5741227521,0.2377165484,0.9999864626,0.4398025823,0.4037042471,9.707576088e-05,0.3403683901,0.5165283505,9.701847485e-05,0.6350118335,0.1670557836,9.131852889e-05,0.5201601214,0.3194010432,0.9999780159,0.3502525508,0.5173102906,9.709915276e-05,0.4287901293,0.3975498771,0.999977986,0.6572085769,0.1429584294,0.9999825551,0.5305593851,0.2865353726,0.0001052439273,0.5789087414,0.2325914857,0.9999779771,0.6562962973,0.1380550737,0.9999779776,0.4807947418,0.3486271475,9.700158829e-05,0.3835385668,0.4271120734,9.703371537e-05,0.6500217211,0.141813799,9.692356976e-05,0.3234877949,0.5645823527,9.700300682e-05,0.4929101258,0.3481678981,0.9999761517,0.5721567362,0.2304732584,0.9999838008,0.4107514586,0.4311171858,9.647647141e-05,0.3251139756,0.4748902717,9.365478459e-05,0.5554195599,0.2713381534,9.710245109e-05,0.4185296668,0.3950969888,0.9999780667,0.6011009586,0.1920899308,0.9999779955,0.507391502,0.312353093,0.9999780104,0.2940512924,0.5714695038,0,0.4549594293,0.5208139915,9.695887643e-05,0.5292754353,0.395071039,0.9999771167,0.6663143329,0.1186525767,9.718054589e-05,0.3372892147,0.4537734804,9.755808854e-05,0.6413951953,0.1469926485,0.6279179926,0.449554415,0.3646748957,0.5970390442,0.5543630658,0.2434097412,9.871080516e-05,0.3208827018,0.6126632167,0.2539881365,0.3989023891,0.4023857564,9.691392559e-05,0.2860381166,0.5057942995,0.9999836508,0.5227061928,0.2966956606,0.9999779716,0.4011514224,0.4462556838,0.07124829715,0.5416261318,0.2841047124,9.724344455e-05,0.5056372658,0.4597595175,0.9999772816,0.6020974425,0.1854544293,0.2072539685,0.4510958545,0.3515638539,0,0.4294527991,0.5706984944,0.2400494422,0.6498773407,0.1211457599,9.699270559e-05,0.3433651251,0.4441331397,0.9999924555,0.5765464537,0.3369006649,0.3497479734,0.5792298095,0.2071633122,9.690920043e-05,0.2657560797,0.5319308023,0.4900148277,0.4647986676,0.335804093,9.726260365e-05,0.5778988368,0.3809537762,0.9999826812,0.6640439421,0.1071841908,9.693437553e-05,0.3846384097,0.4088955719,0.9999780249,0.4618102801,0.5173968025,0.9999780687,0.69172931,0.2193561207,0.5471606965,0.5725837792,0.2100284551,0.958150677,0.4667158779,0.356475434,9.698395515e-05,0.4970329869,0.4652347527,0.0001034404068,0.3151963386,0.477826198,0.2192714971,0.5019322491,0.3038578791,9.685460308e-05,0.2645288704,0.6304445343,0.9999780073,0.5686817811,0.2164817794,0.4363291984,0.3952173443,0.4073174363,0.6167598579,0.3466563561,0.4696761321,0.08693828177,0.6398214479,0.1335576604,9.719432142e-05,0.4188141697,0.5809980081,0.9999952389,0.5853633122,0.328220702,0.3589212535,0.443218125,0.3626747574,0.8183378537,0.4994865049,0.4121179495,9.11690741e-05,0.5894115876,0.2474607952,9.69813304e-05,0.354072514,0.4383875905,9.682720121e-05,0.5723614694,0.4078587242,9.703953021e-05,0.4515587719,0.4791524914,0.9999779881,0.6012925921,0.1672374144,0.7843985814,0.5086911089,0.2836372503,9.699713685e-05,0.2703910417,0.523018379,0.2507267686,0.4445008466,0.3560565418,0.4593568119,0.5929834353,0.1765306277,0.8457658862,0.3214150221,0.5004842362,0.8031780017,0.5193573443,0.2746686022,0.3706342816,0.4099946428,0.3931342644,0.9999779905,0.5275712579,0.3901228107,9.705044184e-05,0.5156623901,0.5110461438,9.709799256e-05,0.7128839938,0.1844920052,0.9887878414,0.6573603709,0.09808589633,0.3071136925,0.4915208246,0.3139292049,0.999977962,0.6152917178,0.2772026618,9.720949488e-05,0.3573372316,0.4347197695,9.699937246e-05,0.3746172023,0.620699218,0.5299161593,0.4616844006,0.4236671185,9.732280221e-05,0.5848490846,0.3363294239,9.69731734e-05,0.3851532207,0.5002410199,0.6415995164,0.5918091782,0.1729802915,0.6833819455,0.4764337592,0.3200303294,9.687418892e-05,0.2489229148,0.5476778281)
