mCurrentIter=100
mCounterStuck=0
mYPrev=-48.21422125
mParameters.n_iterations=100
mParameters.n_inner_iterations=1000
mParameters.n_init_samples=100
mParameters.n_iter_relearn=1
mParameters.init_method=1
mParameters.surr_name=sGaussianProcessML
mParameters.sigma_s=1
mParameters.noise=1
mParameters.alpha=1
mParameters.beta=1
mParameters.sc_type=SC_MTL
mParameters.l_type=L_EMPIRICAL
mParameters.l_all=0
mParameters.epsilon=0
mParameters.force_jump=20
mParameters.kernel.name=kMaternARD5
mParameters.kernel.hp_mean=[1](1)
mParameters.kernel.hp_std=[1](10)
mParameters.mean.name=mConst
mParameters.mean.coef_mean=[1](1)
mParameters.mean.coef_std=[1](1000)
mParameters.crit_name=cEI
mParameters.crit_params=[0]()
mY=[200](-21.57968483,785.3372225,45.53602336,-17.15566988,-47.60315189,26.64395823,22.80160008,-6.384701673,981.0267995,299.0198172,-30.06125628,3247.165195,-12.73030848,-7.386773771,-28.3237979,10.74470203,-40.30849856,-30.87665385,201.6900921,-40.79805577,525.7704567,-7.33112007,-40.29684638,95.82160642,-44.37712063,-13.20459872,-10.56550424,-28.9123397,-15.673057,5.669622999,43.80439806,-46.91644687,-15.66281047,22.04429316,1.666844447,259.461913,28.97029412,3433.782619,22.34616879,-27.84343283,-9.840746218,-35.23701615,-38.09952888,-18.00514562,23.99200775,19.89879723,19.36849258,-7.684919369,-39.26641975,25.1449113,-16.94677888,-14.67334528,-23.18782799,-27.85035185,-32.76004194,-41.6142205,404.6001594,-40.25111032,0.04173257982,13.17569527,34.11785076,-36.97250696,42.14747563,4.990014266,-35.9456846,-23.28305076,-22.45891276,25.18550209,48.13965109,13.41942401,-12.64995998,15.35593486,-13.60134567,22.49742783,440.8321373,-24.88309756,2.294933246,-45.6226272,-38.00088993,-20.45025279,31.24721174,42.52433461,-38.62511796,-50.12644117,28.91345321,3.356623881,18.23288903,-21.39411386,39.21268768,-48.88679704,22.57558572,476.7886119,7.995018728,52.82428038,3222.707999,-44.17618855,-10.68905165,-7.490714746,-7.462716083,42.36089193,-43.0697286,-32.80294292,-22.6914364,-39.86190633,-38.16003741,-47.4732173,-35.66194563,-24.03801441,-29.14282159,-44.7677408,-46.86236891,-35.61799699,-47.09134555,-38.46781149,-46.86932829,-45.93698225,-34.42343003,-39.75528729,-45.29754162,-34.21251896,-40.07013738,-46.9347233,-38.82762971,-39.64398943,-45.13989999,-20.98531006,-28.37287749,-25.44171257,-33.77305843,-45.42356418,-45.35090891,-43.65440253,-48.04269357,-35.98709093,-40.34568912,-46.00924822,-46.22219931,-43.38279936,-23.80438691,-33.78306527,-36.18217643,-15.51295072,-37.3611013,-34.62933028,-40.91555302,-48.82185152,-39.97026609,-46.77116906,-44.74028212,-40.08608265,-43.08761641,-44.11222916,-30.04463036,-46.86212453,-34.10751385,-42.50091518,-44.18863982,-42.62007964,-34.88753086,-47.54332086,-39.65230842,-31.25177308,-46.11780705,-46.08043387,-34.63390502,-40.59224229,-38.87006741,-34.57436996,-38.58163567,-33.47092053,-12.67704266,-44.63328341,-47.38318758,-46.63799053,-47.46807225,-45.03674466,-36.33913564,-45.00389669,-29.08657752,-32.19754678,-41.16674634,-39.95301386,-31.64530519,-43.2055363,-46.0112028,-43.4390651,-42.30017813,-47.82041399,-50.82954267,-32.07090684,-29.53201356,-40.16113465,-44.58837307,-40.81177061,-41.72238656,-31.12167955,-49.94133803,-25.19309853,-45.18367367,-48.21422125)
mX=[200,3](0.4549479224,0.01740719885,0.6134085417,0.4977543985,0.02264202348,0.2421716058,0.3416574875,0.946692967,0.8554854135,0.232631285,0.7639151225,0.4066909662,0.2472892736,0.4677078795,0.3913339934,0.2101283198,0.9810223584,0.4742577033,0.9724552626,0.9741887569,0.4211941126,0.5630873825,0.8390694105,0.1178789734,0.8296327113,0.1543309211,0.1372923891,0.3678601041,0.3801191421,0.03014466077,0.399113744,0.7015232254,0.3048944556,0.02174730182,0.0947442947,0.01824831378,0.9850115996,0.2139841493,0.7806599145,0.6214585028,0.1774982886,0.8177808677,0.08834716534,0.409073515,0.6745000026,0.7523103374,0.9266325984,0.2861543197,0.1690799331,0.5855978697,0.3846932943,0.5287679768,0.2507277502,0.6818985729,0.3300104494,0.2334197378,0.2003471728,0.2670926626,0.5463444307,0.4911064427,0.07748360102,0.3450462234,0.02697964863,0.5497612562,0.03362048037,0.5348168834,0.1726251054,0.2031593006,0.5040622783,0.0963490261,0.07091602063,0.3722859722,0.4065959298,0.3589525899,0.5797013731,0.3552084965,0.7943109334,0.4114963765,0.3821022646,0.1114612922,0.7984143676,0.4296859562,0.7202388667,0.1416516974,0.6037627963,0.4924501279,0.7482081488,0.03129984709,0.5777125452,0.8211002429,0.6381689875,0.789970357,0.9792538762,0.9297883767,0.5963567465,0.1559694691,0.14187445,0.5662015734,0.6989057974,0.6177551603,0.661125457,0.906288555,0.1132587467,0.182476902,0.3611649561,0.5320626143,0.299302348,0.1294817603,0.844912522,0.5085187426,0.9830789705,0.6404292674,0.05541548771,0.0009986451804,0.4858640643,0.6043936512,0.9193276313,0.3152701657,0.6287048518,0.5528859037,0.9571979761,0.8259386688,0.3450736597,0.1839031901,0.268655145,0.6500227676,0.6997710209,0.5124923397,0.5884796633,0.1512117649,0.1459278607,0.7535159872,0.1020925221,0.8922292823,0.7177276581,0.7354730208,0.9662220659,0.2909622903,0.131279357,0.7115883141,0.8456589456,0.576421176,0.7464481793,0.6301798853,0.7870752782,0.6709866054,0.1879097578,0.9342930596,0.8095282,0.8696422794,0.1257224408,0.3618530653,0.2789376991,0.006045473795,0.08845538106,0.7668270265,0.5818770647,0.06928270179,0.6059386772,0.2969999162,0.2757541088,0.7022463551,0.7408053228,0.323962584,0.661750126,0.4302331278,0.5202162438,0.2144521717,0.01112421794,0.3138977358,0.08342516717,0.705136684,0.3083304477,0.5974873548,0.8159357468,0.8722273248,0.3535916609,0.05222029144,0.6467526621,0.835404165,0.6643909057,0.2886653241,0.2510957078,0.2227474795,0.6121056034,0.4305359403,0.9155243518,0.9313885501,0.8901543767,0.473487865,0.7581729657,0.7275735698,0.2551721413,0.650315509,0.3327969128,0.7118267808,0.6838307518,0.5634904023,0.4444100511,0.6966068645,0.5227325805,0.8917006471,0.9522101086,0.6281850882,0.2003331494,0.7709630473,0.9906372205,0.5502013521,0.9117210782,0.5439122015,0.9094774666,0.1389135312,0.7798071709,0.5061366508,0.3759392763,0.9257473087,0.4673528823,0.8137918172,0.2366112629,0.7712138931,0.4460194242,0.9583159158,0.04607747209,0.1947910909,0.1675218992,0.3003239873,0.7360981617,0.2682532583,0.5113702101,0.8601543751,0.4824937698,0.7983533178,0.4320939201,0.322388771,0.5928365191,0.4720885147,0.2227408884,0.6864789034,0.2276607498,0.7386873838,0.7650594032,0.4548822032,0.05593679259,0.8751206157,0.4133146258,0.07980504477,0.375094741,0.5316929754,0.1711074368,0.7297370188,0.3919859366,0.4413065982,0.2750261417,0.9980565383,0.06435414707,0.8807404369,0.3313435058,0.8710703312,0.9900426901,0.1611677774,0.948441718,0.8571261701,0.6374420563,0.6414226328,0.8698471253,0.8561314611,0.9301256605,0.9692720066,0.5524075795,0.3138960583,0.8082978404,0.04147045911,0.9697003152,0.2830200435,0.1272963076,0.1992724908,0.8315906449,0.903302305,0.4551480249,0.6500343077,0.4207917645,0.09117448058,0.3277370831,0.006621860531,0.04315843862,0.9433272328,0.4815160387,0.5192074768,0.4139428738,0.2436073511,0.8032594603,0.6751298938,0.8473224228,0.106818275,0.06229995666,0.1036203958,0.4627750616,0.1955852629,0.8886247838,0.8841769975,9.70230964e-05,0.3238297292,0.4092871072,9.727547372e-05,0.4554979099,0.265910343,0.999978143,0.2902805105,0.4438886544,0.999978115,0.4656216536,0.2428786322,9.708892722e-05,0.3636159065,0.3567421242,9.693708886e-05,0.3057345927,0.506066057,9.759864655e-05,0.5547905914,0.1691308482,0.9999780247,0.2088758124,0.5564485475,0.9999781169,0.369892218,0.3467545681,0.9999782226,0.5174610296,0.1957781586,9.687948304e-05,0.4126482187,0.5008960422,9.667768625e-05,0.4711956948,0.2702944696,0.9999781908,0.5106450585,0.4153210874,9.055618092e-05,0.1936867916,0.5842327016,0.9999780449,0.5957386746,0.2548554928,9.699892336e-05,0.2936821443,0.443095236,9.709142148e-05,0.6026365463,0.1171298385,1,0.3655721546,0.5117543614,0.9999780567,0.5406049042,0.1614295747,0.9803692826,0.41766076,0.2945927634,9.008617091e-05,0.4523844856,0.5607147261,9.685536389e-05,0.4350579467,0.4116524347,9.698064743e-05,0.5789207876,0.2454137348,0.999978224,0.6298955455,0.4267834676,9.697367842e-05,0.2555941301,0.5333129507,1,0.3095454682,0.4013545574,9.658654674e-05,0.4779550673,0.2076828537,0.9999780258,0.1754524239,0.623432379,0.999978113,0.4494252928,0.6269608397,9.722744304e-05,0.4665130658,0.4695614942,0.9999850841,0.6098262652,0.1088059796,0.9999780662,0.5045816809,0.1907204887,0.9999781163,0.5256239671,0.3498173128,9.685066817e-05,0.3779752625,0.3392695158,0.9999782243,0.6501903939,0.2342397773,0.9999845841,0.4851362622,0.4726887907,9.68203834e-05,0.3448359411,0.5363143346,9.694943219e-05,0.5162275286,0.3366425368,0.9999780239,0.2534668754,0.5043829831,9.668163904e-05,0.1731366021,0.6232192299,9.697645444e-05,0.6340176101,0.1995930127,0.9999780467,0.4031423585,0.7593913205,0.9999780777,0.4592606627,0.2424491867,9.693791162e-05,0.5169623511,0.576608096,0.9999782063,0.5884333818,0.4774233306,9.691365047e-05,0.3764864527,0.4493978742,0.9999782365,0.6432305838,0.3489124971,0.9999697132,0.5555714234,0.1511609452,1,0.4426944323,0.4091216353,0.9999781416,0.4011914149,0.5484454933,9.686873648e-05,0.5243966379,0.4403446623,9.686711372e-05,0.2660742554,0.4497261797,9.693742807e-05,0.520136561,0.1731772662,0.9999781541,0.5628719203,0.2709057856,9.700592137e-05,0.3402850162,0.3577164685,9.899869931e-05,0.3294998112,0.5830226175,0.9999780045,0.4167160627,0.4737297538,9.714310845e-05,0.4987507313,0.336410843,0.9999806817,0.702091357,0.2100632355,8.981677052e-05,0.3961314475,0.4930060824,1,0.5446340673,0.5382449329,0.9999775019,0.6879093998,0.4438709826,0.9999781096,0.5293127055,0.1750947738,0.9999781454,0.4718402757,0.3567118156,9.688520293e-05,0.4276066534,0.6228471785,9.904947472e-05,0.2066820362,0.5488616427,8.996613601e-05,0.5596938541,0.487507914,0.9999701788,0.4363271318,0.2635660643,9.700932111e-05,0.5903389709,0.2826563262,0.9999781383,0.3023051597,0.5717571065,9.690414435e-05,0.3674991429,0.7693041655,0.9999907453,0.628676284,0.1068308067,0.9999780963,0.5913320246,0.2046017799,0.9999781649,0.5579182999,0.3924128922,9.72327251e-05,0.4164407261,0.420989885,9.687231842e-05,0.2693060836,0.4755606812,0.1409248334,0.5665315205,0.1407214,9.696940031e-05,0.4260502377,0.5208046815,0.9999781358,0.5196385305,0.649248142,9.693716311e-05,0.1700155549,0.6491964049,0.9999779244,0.3971300294,0.4022168575,0.9999783143,0.6548276146,0.3164945213,9.709073082e-05,0.4154486642,0.2914851954,0.9999771861,0.5170709993,0.1781460319,0.9999780241,0.5089757502,0.4643519951,9.718169602e-05,0.5341398412,0.396853396,9.679577229e-05,0.2838999476,0.5789630766,0.9999780008,0.5373521673,0.2845690058,0.5692224062,0.3582417721,0.4866864341,9.68727267e-05,0.6856419648,0.1960133872,9.895574453e-05,0.6619523683,0.4516101757,0.9999780194,0.4316611598,0.560504347,0.9999782313,0.6111464009,0.1928065136,9.807200366e-05,0.3090327182,0.3965415116,9.598592404e-05,0.4939115256,0.5164178343,0.3637797823,0.4790824174,0.2057750539,0.4696876125,0.461539828,0.4181951662,0.9999781475,0.1775703622,0.6530019329,0.999978085,0.5825233424,0.3760395622,8.988278015e-05,0.3365812578,0.4970383639)
