mCurrentIter=100
mCounterStuck=2
mYPrev=-23.32516375
mParameters.n_iterations=100
mParameters.n_inner_iterations=1000
mParameters.n_init_samples=100
mParameters.n_iter_relearn=1
mParameters.init_method=1
mParameters.surr_name=sGaussianProcessML
mParameters.sigma_s=1
mParameters.noise=1
mParameters.alpha=1
mParameters.beta=1
mParameters.sc_type=SC_MTL
mParameters.l_type=L_EMPIRICAL
mParameters.l_all=0
mParameters.epsilon=0
mParameters.force_jump=20
mParameters.kernel.name=kMaternARD5
mParameters.kernel.hp_mean=[1](1)
mParameters.kernel.hp_std=[1](10)
mParameters.mean.name=mConst
mParameters.mean.coef_mean=[1](1)
mParameters.mean.coef_std=[1](1000)
mParameters.crit_name=cEI
mParameters.crit_params=[0]()
mY=[200](102.5183387,42.94626291,64.08441929,8.129790026,1.175096863,2.988284164,8.659621207,48.19815359,3.705931769,40.44460534,1436.202826,208.9412127,-3.73831328,33.62861721,1494.222709,52.95592827,1673.560394,31.64022542,-15.19698533,-2.952277436,852.5470395,32.63340982,-21.22219827,-6.256226933,31.88263225,8.864812434,-22.2366326,7.855038364,18.300457,-2.476194568,23.38330332,55.89782308,-25.59227888,34.81980681,-1.123992588,39.88161514,-8.651640566,14.36529,14.0441241,46.35415078,-12.45594913,308.2872714,0.5491988304,347.1670595,-4.846129103,15.42855066,-13.9157069,48.5071412,9.196486376,1463.294338,55.90241789,3.86350412,30.70353976,52.79922401,1234.25373,-2.208814805,-6.317877331,-1.726225614,22.72243591,32.52682964,25.79550021,130.6624735,541.3679315,51.15125742,32.95435874,45.30526245,41.753751,49.10582703,23.93844286,46.30168662,30.61411145,269.7752993,60.27094807,-17.59223966,-12.14957358,9.711000333,41.06135322,2.877895111,-16.10594357,70.27234019,53.65406005,31.87607781,-1.264303668,36.98661372,-15.14576689,-11.80561687,17.06301451,2657.004613,4.828133328,30.88358361,31.11136369,36.37940527,79.84095759,-6.774308798,84.00520331,515.7927781,34.14221872,11.19741314,45.17708169,-19.99465447,-22.18581824,-23.19228679,-24.36326885,-19.41796791,-25.7183249,-19.62030635,-25.26854711,-22.67586692,-19.8595604,-21.27509112,-22.66298451,-14.44057088,-23.85130079,-12.73642639,-13.14782261,-23.90798758,-20.64478224,-24.16957851,3.923954899,-22.07909284,-12.31064977,-22.57278767,-19.09612948,-22.99422839,-13.28405788,-17.51320597,3.286724025,-25.40720758,-20.0244816,-10.98911506,-23.26339752,-24.11314228,-17.92799622,-22.41191833,-8.728866805,-20.49112045,-22.24056861,-24.01663395,-24.21937955,-17.15389979,-14.07302221,-17.00307405,-13.18492489,-8.425349278,-23.00134867,-13.45867643,-0.8107592071,-23.07380186,-19.24228069,-12.90584414,-23.12912355,-8.402090811,-25.18718538,-21.25792702,-24.24456096,-18.38165233,-13.6720076,-24.84465119,-20.60125921,-25.34733789,-26.16192564,-16.9403436,-23.68630067,-23.71231657,-24.24459179,-22.28604222,-22.18523006,-11.92902538,-1.893936046,-24.81163592,-21.39553913,-5.680235994,-21.59081308,-14.74036757,-21.5323019,-24.35614717,-24.00643811,-12.78884884,-22.8903837,-15.99850755,-23.05411884,-8.103688035,-20.10992975,-23.47557509,-17.32928119,18.67808752,-9.925568787,-23.87926826,-24.14542458,-22.35647832,-25.4352127,-21.95405733,-23.60714318,-23.71327695,-24.38966895,-25.51746766,-20.55387981,-23.93961375,-23.57026267,-23.32516375)
mX=[200,3](0.9183102467,0.2314487519,0.4781298014,0.2498913606,0.1024027623,0.9330609083,0.1514741941,0.7761856376,0.9743154524,0.3084618496,0.7386111415,0.5974423069,0.5571489417,0.4316809381,0.204960956,0.6382393234,0.7230682246,0.5805737823,0.1453220395,0.8294558702,0.09041009418,0.4445109079,0.5590729585,0.9605120041,0.4232556196,0.5306930914,0.7145125285,0.02980720245,0.5486448992,0.9099128829,0.9050876244,0.03985056594,0.2205006983,0.7155395702,0.1639300087,0.393945809,0.4661946385,0.4141164755,0.6815059129,0.34215143,0.7049477935,0.8299631353,0.2863980451,0.2042938755,0.06123916276,0.01439203243,0.7641905907,0.9101394444,0.20298994,0.04362513836,0.1575243336,0.3294012163,0.9107835334,0.5261027413,0.6852801035,0.6974382636,0.2601899104,0.4841125732,0.399037825,0.2925592664,0.3669718387,0.1498736377,0.1766734414,0.3184932285,0.8077504407,0.7459094048,0.2319539649,0.582845199,0.1352266535,0.4071383551,0.3393650618,0.3634339278,0.3818681221,0.281326934,0.3415532428,0.6733409193,0.8336642273,0.1825428071,0.07828842972,0.594148336,0.3184020765,0.7363101691,0.3460145228,0.4208399097,0.1339312416,0.1926874923,0.8198907861,0.257695236,0.2950007533,0.6942124834,0.6549735246,0.3535714931,0.3021376475,0.5257032776,0.8836907,0.8707763132,0.4935330989,0.5706927794,0.1665849601,0.47218148,0.08191910488,0.8329792271,0.2613254037,0.6800570106,0.5690400471,0.7623815076,0.2259169289,0.8963364578,0.04758475831,0.7194683101,0.277704068,0.1089531582,0.1121384494,0.75209544,0.05522558494,0.13108436,0.7743049825,0.3911974457,0.8738265303,0.7981709258,0.06675194626,0.6431262581,0.4639933694,0.8905038564,0.1778599628,0.3584314045,0.8065199516,0.462728787,0.2170812573,0.842908146,0.02793595193,0.4340222572,0.1169198579,0.3027578449,0.666725733,0.6243700796,0.5188649798,0.03750195019,0.9628360608,0.6509300599,0.3394976576,0.5003047481,0.9986859793,0.4809052259,0.9234767854,0.788428757,0.5167711952,0.1998502582,0.3839967199,0.0006656877138,0.8290733021,0.7594662108,0.9582633158,0.226027,0.377585721,0.7371157541,0.7215805037,0.9367697401,0.0890507616,0.6087694713,0.849346704,0.8803395573,0.3344756611,0.2750456853,0.02406222865,0.2105097716,0.6192227453,0.6207688894,0.9797099096,0.5080045315,0.2832308381,0.1888482833,0.2125162268,0.5752338898,0.9460037409,0.4075264592,0.7695773436,0.08107397098,0.5602538664,0.8654095484,0.7841046857,0.9074385489,0.2473846969,0.6945403245,0.1241703031,0.4974642142,0.9369611186,0.01979967545,0.3760813036,0.5775648721,0.4804143801,0.9829727332,0.6122208246,0.8513346821,0.7062551977,0.5156560526,0.0591086398,0.9269807864,0.7051368327,0.864444138,0.782102708,0.0371130684,0.9805763051,0.0169864801,0.8766482178,0.4521730927,0.1964544801,0.8818424737,0.2567159159,0.5539115497,0.6407124113,0.4282003306,0.1457101424,0.430325398,0.1863438382,0.2540948199,0.7537948508,0.9526908389,0.8480036062,0.8609106425,0.666438042,0.1097853453,0.9542801698,0.6026712214,0.4546162551,0.09208446529,0.6749128057,0.6703178366,0.9903569812,0.07977421808,0.7232239321,0.002726251583,0.6337192326,0.6420203469,0.7999551613,0.471833945,0.4408644679,0.6636369889,0.0610503988,0.6195390922,0.8537564174,0.4997858021,0.07429612907,0.7702300229,0.6202212977,0.858168592,0.3777147429,0.262638928,0.502331084,0.2903538156,0.9674931675,0.05872178104,0.4590800093,0.3639959661,0.4195974163,0.1277141794,0.3257194694,0.4068726671,0.5668915213,0.2441432857,0.5385222157,0.598276539,0.09657692801,0.04099152163,0.5429794586,0.8107145585,0.2304689966,0.9894699202,0.9252208533,0.3856961898,0.1617860521,0.9417217908,0.1217757315,0.411713528,0.8982971316,0.653623756,0.7460618307,0.9744654293,0.9914424576,0.5855501061,0.5234549779,0.6391897403,0.5325117853,0.007618120767,0.6054029821,0.8194868287,0.318978189,0.1100758248,0.1786525345,0.7484726252,0.8015518751,0.8318574819,0.7951396075,0.5413909867,0.3544592652,0.1546196094,0.948869272,0.2727816046,0.4406489693,0.3284062718,0.858265792,0.5870812034,0.263125678,0.778483403,0.5804475167,0.2696095289,0.6440491021,0.5184469344,0.3394794484,0.8448270363,0.60404947,0.2400396822,0.3199453573,0.5016801676,0.3692507295,0.8583234479,0.6104157229,0.2328174959,0.6351617235,0.5117680335,0.3444944522,9.781761466e-05,0.4610253009,0.4517388108,0.903810948,0.6242229043,0.2196377015,0.7728524466,0.5255164965,0.321361609,9.710431304e-05,0.4599973028,0.4477656513,0.9999692992,0.6477673552,0.1972833115,0.2418303799,0.5649080585,0.2817418353,0.9131712919,0.5041514347,0.3499272584,0.9999694502,0.648065212,0.1964564695,0.1723772273,0.5440896436,0.2984486065,9.710820323e-05,0.4338400962,0.5087789503,0.1290704521,0.494913643,0.372814572,0.9999779952,0.4724483553,0.4011911725,0.4335117243,0.6234725374,0.2224790023,0.9999698871,0.6490489445,0.193981999,0.0416307333,0.5803041744,0.2720135979,0.0001021736204,0.4336348125,0.53143274,9.694453898e-05,0.495489511,0.3714838414,0.9999643989,0.5641734488,0.2647205997,0.3064909534,0.6618283659,0.1995577617,0.9779983043,0.4591368713,0.5247273204,0.5070193105,0.5501324215,0.2834316646,0.7484035936,0.4758094596,0.3744034205,0.9301598499,0.5366204353,0.3034591661,0.1621019509,0.4343438317,0.4410506696,0.5204298182,0.4608526685,0.3954441952,9.697399903e-05,0.3882277996,0.5466055464,9.692233989e-05,0.4786603631,0.362876411,0.9999781451,0.6959579764,0.1596859702,9.623530138e-05,0.6078301598,0.2481761515,9.659012913e-05,0.4315116522,0.4234934913,0.2166794958,0.5337578811,0.2950766444,0.6413044888,0.5275736778,0.2919015306,9.784645951e-05,0.3910035172,0.5605798101,0.06232011831,0.6898111087,0.1904382391,0.8809259794,0.5690147402,0.2435398512,0.8282492413,0.4686684886,0.3566593216,9.70587342e-05,0.7071815397,0.3869680693,9.709794444e-05,0.4440411394,0.4101338239,0.9999813777,0.5785308607,0.2363326377,0.8727028258,0.4216363171,0.4938436513,0.1646230534,0.5225374995,0.3120966059,9.704139205e-05,0.5483451066,0.484326292,0.9999775948,0.5813682078,0.234640432,9.703096601e-05,0.4611734261,0.3852318781,0.9999779886,0.7006177272,0.1592096285,0.4115536728,0.5772823032,0.2516564471,9.767667911e-05,0.4022779636,0.4713831466,0.5367591096,0.5048630514,0.3166347387,0.08852377218,0.6534678021,0.2147275829,9.693599336e-05,0.3905177728,0.5947616619,0.5207683535,0.4630641547,0.3674310681,9.703389261e-05,0.5841810829,0.4085280636,0.623397123,0.5637838991,0.2557940845,0.3968494464,0.5252503431,0.3003594984,9.692754775e-05,0.520710524,0.5336271868,0.4499783588,0.4416195785,0.4025673611,0.6338672258,0.5376085298,0.2812104959,0.4200609205,0.6113719901,0.2219583059,9.69563294e-05,0.4181479636,0.4414249618,9.705462068e-05,0.4952703829,0.3496736659,0.2182584419,0.702451322,0.1770765718,0.9999780031,0.5316945447,0.5513914484,0.637371464,0.5412937015,0.2797983003,9.700525095e-05,0.3983578997,0.4800894996,0.0001001943749,0.7293700855,0.3797109907,0.6574579046,0.4563461417,0.379929413,0.999977583,0.6055769993,0.2118523122,9.703875113e-05,0.5587525653,0.4345427206,0.310386184,0.502303238,0.3291938432,0.6140252074,0.5549527255,0.2586583119,9.680208749e-05,0.3667422926,0.6021759151,0.5329642979,0.4408464907,0.4101594747,0.9999770424,0.6146636865,0.2064428343,9.69995441e-05,0.4635029313,0.3845446487,0.9999779915,0.6801078914,0.3703735284,9.096045174e-05,0.6100252692,0.266070569,0.721677966,0.5051483753,0.3200473188,9.696308937e-05,0.5312617688,0.519432836,0.9999779739,0.3930278078,0.5991098864,0.9999781247,0.6998539567,0.1598987083,0.2743716517,0.5570714464,0.2776943684,0.5721018156,0.5826839112,0.2349712283,9.625803273e-05,0.4227843754,0.4403200932,0.50748015,0.4847298946,0.3460806229,9.729937361e-05,0.5712474949,0.3830520145,0.5140500211,0.4489876862,0.4013247161,0.4424244667,0.6088575303,0.2275268047,0.6480824858,0.5247966176,0.2986716573,0.5784595234,0.595295338,0.2305764096,0.0001055244327,0.4036020672,0.474870375,0.2319437368,0.4888896535,0.3475915337,0.511314598,0.5589344305,0.436648029,0.6518547894,0.5281507534,0.297214915)
