mCurrentIter=100
mCounterStuck=0
mYPrev=-40.60348555
mParameters.n_iterations=100
mParameters.n_inner_iterations=1000
mParameters.n_init_samples=100
mParameters.n_iter_relearn=1
mParameters.init_method=1
mParameters.surr_name=sGaussianProcessML
mParameters.sigma_s=1
mParameters.noise=1
mParameters.alpha=1
mParameters.beta=1
mParameters.sc_type=SC_MTL
mParameters.l_type=L_EMPIRICAL
mParameters.l_all=0
mParameters.epsilon=0
mParameters.force_jump=20
mParameters.kernel.name=kMaternARD5
mParameters.kernel.hp_mean=[1](1)
mParameters.kernel.hp_std=[1](10)
mParameters.mean.name=mConst
mParameters.mean.coef_mean=[1](1)
mParameters.mean.coef_std=[1](1000)
mParameters.crit_name=cEI
mParameters.crit_params=[0]()
mY=[200](3.970180099,17.4565377,2908.273933,85.23427016,124.4922606,27.15144035,16.20548601,21.85186412,-34.87256863,-11.07287069,-27.0803945,-42.19890266,-40.51754108,-24.95359223,7.127481725,2217.511451,-35.47491192,1.691231875,25.59600634,-11.52609799,-10.12254931,12.8971742,-24.89852477,2280.443811,-3.683092432,-22.60224203,-34.51480806,290.1304723,475.9347624,-12.8169917,10.7745036,146.7349655,1640.938668,-26.27113106,-24.50904817,-30.70966203,16.56682619,53.25547545,-27.07343719,-11.06329234,155.1314441,0.8018227421,-27.24481107,-17.08824174,1537.38217,-15.27264385,-36.62416464,-17.85836877,32.77719081,-20.00588073,1762.256394,18.95872639,-37.19273947,-26.62665164,24.28500076,26.31794781,47.74703146,15.55189358,-41.72200319,-26.82815002,-12.54621952,-4.407122626,7.816006859,62.3545107,-26.8954641,30.61692081,-17.22808628,3007.367719,-37.95764348,10.48689287,32.34209111,-26.06193393,2.330330273,-19.94218518,-33.82765218,-8.767793838,24.59899423,-9.258283772,17.58837684,-2.212532512,-13.43853106,-17.72511621,15.19869295,29.34920858,-7.786779749,-40.07165572,43.83358421,18.45469223,-8.395966568,-12.03624455,1427.907216,36.21963063,-33.00221457,7.324721613,493.6883582,47.45074415,-15.20378821,-0.7322040389,4.842651389,20.29512589,-23.46938532,-36.62431352,-37.02896195,-20.98642109,-33.06114812,-31.97938287,-32.22909117,-40.65980558,-40.14507229,-15.74300691,-21.67481778,-41.46774239,-33.08983327,-30.77142061,-35.98557057,-30.91970403,-33.29179801,-33.58513187,-37.93540507,-27.61681299,-37.41891912,-34.98188873,-9.039231354,-30.18684681,-29.2223329,-38.23697493,-36.83228894,-32.2179405,-30.14141668,-38.30046125,-33.11121792,-18.07797567,-30.0422735,-30.70703149,-32.49358272,-33.58644107,-23.80960472,-42.991221,-37.05372547,-22.18793106,-33.48475864,-28.65702946,-40.23774509,-39.37568428,-32.30741138,-30.98351351,-25.45127328,-38.83496226,-42.35589122,-33.59180707,-36.71970432,-32.69594698,-39.55479289,-30.1140378,-15.70125315,-29.61570546,-31.73851045,-39.86913228,-34.97275092,-27.01600269,-26.95801716,-33.76659094,-10.17500219,-26.42405225,-41.14755514,-39.71146141,-27.29112355,-39.71996473,-13.66564156,-24.10257001,-27.52930617,-11.9763815,-34.42501305,-41.31243775,-40.55994454,-31.11906318,-42.5603705,-35.85897543,-33.47544626,-32.16881939,-39.88417165,-33.46240679,-42.11030517,-39.09720874,-29.9983061,-18.97772788,-27.85227111,-39.66996002,-29.48958213,-40.74699278,-33.66151402,-37.05221334,-28.11187203,-36.11478938,-32.39285198,-33.17115923,-43.3659534,-39.12152413,-29.40334115,-40.60348555)
mX=[200,3](0.2380675289,0.5079578525,0.8375666483,0.4429931671,0.9361766999,0.03760776209,0.09359901,0.07456142862,0.02148597729,0.9451004946,0.1141709534,0.43019253,0.8719018988,0.2148842353,0.3130335594,0.085378733,0.4117354617,0.9698951257,0.6211914721,0.9649116426,0.1504730578,0.02074670518,0.9231737587,0.6337122162,0.2212744685,0.6437906059,0.1377217062,0.2892244561,0.3748658081,0.7818642641,0.6045778545,0.3220706323,0.4131534483,0.7843521845,0.5792019857,0.2634773385,0.4993261208,0.4049207039,0.5242535617,0.5406359489,0.6129523479,0.6044334012,0.1977618111,0.3861976446,0.8778882343,0.1424097401,0.08648494728,0.08350323167,0.3399246491,0.2857781013,0.5159600721,0.1250847301,0.2456855131,0.3875999787,0.3747520037,0.01750663502,0.9844626904,0.04575937452,0.8147875049,0.2124172096,0.6819955671,0.007223533995,0.619964361,0.8007086409,0.04300262233,0.5378678165,0.2930960115,0.6741802491,0.5078869411,0.1047646665,0.03112464139,0.1165608195,0.05858259057,0.8458358496,0.3356154439,0.9538018261,0.3002128988,0.5487182021,0.03545319904,0.4302470448,0.5747364168,0.6456396751,0.1751741212,0.2412148248,0.8423726814,0.3451016588,0.05833002352,0.6337642336,0.4792742705,0.2512570877,0.3835326646,0.5225968161,0.04956386438,0.7370548246,0.05292649153,0.4024007731,0.3402436334,0.1688609192,0.09045817392,0.8609273029,0.456252959,0.6692766945,0.4183484948,0.1886787727,0.6815891898,0.5855274263,0.7187601804,0.1483426097,0.5692739848,0.7003865416,0.8598400865,0.2585799124,0.2330194806,0.3266855936,0.071394542,0.5912993114,0.5692496278,0.1142428438,0.7498763396,0.5578070357,0.7468969875,0.2954874718,0.1835450756,0.2770809694,0.79950199,0.6268787484,0.9391766374,0.4990857726,0.6499347348,0.6592743131,0.1566780321,0.7161770369,0.5597961303,0.2790880844,0.01656876212,0.3927708002,0.4843718442,0.7367530798,0.7928641735,0.4468553275,0.3637559276,0.4052600572,0.7388501352,0.4812978406,0.2697154143,0.9747404488,0.6722990848,0.3123128878,0.7514101718,0.1749579082,0.5987988943,0.198946954,0.06303264805,0.773371924,0.6319489142,0.9092799349,0.3620936475,0.5103598615,0.3564761783,0.201138582,0.6969094022,0.07376478869,0.3501432093,0.06888722448,0.9780796894,0.7651960421,0.8566470559,0.8299674116,0.2407834379,0.208090705,0.3491483409,0.4213605433,0.3934468063,0.9254111444,0.8581815412,0.586452828,0.392647877,0.5730075324,0.5326859707,0.2080437223,0.719737925,0.1493783603,0.7581744336,0.9958690383,0.3618109467,0.8163788614,0.7020870651,0.3172912475,0.8919805573,5.734613864e-05,0.9868444291,0.957046276,0.9765666118,0.3596294134,0.4917201775,0.9664563259,0.8073743683,0.9175298161,0.9847623169,0.7752788731,0.4446123602,0.6994098485,0.1283129641,0.000685356122,0.4706143962,0.5683201924,0.2278158638,0.06109478081,0.9039174033,0.4598008404,0.1335483414,0.6681079251,0.943734596,0.3055183276,0.2541516552,0.4636757438,0.886145922,0.09513372656,0.8607337768,0.6760718772,0.6221513826,0.6520479611,0.4625438512,0.6584566791,0.3725280649,0.6615808243,0.5590651542,0.7644119046,0.6193449865,0.9140952297,0.727322529,0.8254038413,0.8217812166,0.4213395158,0.5271375744,0.8836504267,0.6931136075,0.7538181252,0.8675306972,0.2899579528,0.7256205799,0.1320176581,0.5952855823,0.9131246446,0.787133466,0.1231584098,0.9042371267,0.9472894772,0.2933134852,0.9215655935,0.4614968748,0.9929061584,0.151411922,0.7619435652,0.5821438461,0.1699937794,0.422437397,0.4782485482,0.3206324147,0.9974678768,0.7785309625,0.4395721061,0.7243799327,0.8492621685,0.8398558765,0.2692667291,0.7944509181,0.5009417661,0.5448272024,0.7417131938,0.4857954703,0.02637273704,0.1966014516,0.8906650451,0.8304108057,0.9348289459,0.1870361544,0.6005254048,0.2367323545,0.4597477492,0.6868154507,0.8000810466,0.2139825624,0.221709506,0.1641142556,0.5330288891,0.9552051226,0.8893562869,0.8124581373,0.1088849599,0.7098496709,0.5120399605,0.8729319746,0.2701687741,0.0178089275,0.8983918385,0.1018050032,0.1798793896,0.3308312174,0.3056663197,0.9999779873,0.4114538942,0.3713331947,9.709000541e-05,0.4420397895,0.3728359227,0.8792191482,0.6688521339,0.2667977261,0.9999780019,0.395553839,0.3820564415,0.0001029214036,0.6348628771,0.3058882247,9.72764972e-05,0.2864317695,0.6218255065,9.689583101e-05,0.4665069761,0.3550781412,1,0.6114318039,0.2723256495,0.9999780383,0.5273295991,0.4663945032,0.9999780835,0.3497045692,0.421286153,0.9999780968,0.284777881,0.6236245238,0.9447945396,0.5269555286,0.3187366383,0.9506061859,0.6964999517,0.2197667391,9.687111802e-05,0.3855917897,0.4243488521,9.697738736e-05,0.5704819341,0.4231936903,9.679069258e-05,0.6773554885,0.2589774257,0.999982081,0.4711738673,0.317178,9.690950161e-05,0.2399160658,0.5568564104,0.9999780827,0.5339482105,0.5023088361,9.693864225e-05,0.3444683996,0.6648663837,9.957447495e-05,0.5277926518,0.3101944587,0.9999780394,0.6802015264,0.3240017745,0.9999781215,0.2515018166,0.5237829004,9.698779529e-05,0.3770964194,0.4294541471,1,0.4746434283,0.3175488259,1,0.6526017004,0.1959363324,9.692201561e-05,0.5186661672,0.4915089445,9.658776728e-05,0.6647128428,0.2195449871,9.724040491e-05,0.6562321321,0.374477471,0.9999780578,0.6032830549,0.433193267,0.9999780195,0.4405345908,0.5635542558,0.9999779938,0.3711355652,0.3987884253,9.088601515e-05,0.5316776001,0.3074874782,0.9999780479,0.7136280759,0.2521275464,9.670907677e-05,0.4542016638,0.5942165978,0.0001051767198,0.3282651634,0.4884794921,9.697321065e-05,0.2813612153,0.699814307,0.9886040423,0.5658692486,0.306922339,9.727675527e-05,0.5136358613,0.4440221358,0.9999760663,0.3270470207,0.6625093345,0.9999781418,0.6066314206,0.5190173975,0.2499032223,0.4236748762,0.3538467198,0.9999779981,0.6108676403,0.3580617802,0.9999746191,0.6317211053,0.1906681627,9.109815278e-05,0.6640133702,0.2102620211,9.719688022e-05,0.2085629376,0.5853664921,9.69484617e-05,0.7067324477,0.3347445023,0.9999781147,0.4788052727,0.4448510476,0.9960784889,0.5613719696,0.265904823,9.690244905e-05,0.5150015011,0.5542170544,9.760613169e-05,0.3562715614,0.5551482186,8.984438914e-05,0.6121103954,0.4477558479,0.9999762607,0.6563005459,0.1792481503,0.9999780265,0.7113932229,0.3092379676,0.9999780684,0.2230385349,0.596593367,0.2050614151,0.5658650473,0.2855405764,9.699966303e-05,0.3514776819,0.4456215579,0.9999779699,0.5288193864,0.3891138746,0.9999780988,0.4758130075,0.5450053842,9.714035388e-05,0.4189348132,0.6518755069,0.656803361,0.4300679052,0.3372308848,0.9999780496,0.6468058083,0.4572237381,0.999977937,0.3087420072,0.4606045726,0.9999780071,0.7427288259,0.2017389355,0.2434767613,0.4880652482,0.4481851848,1,0.5862606051,0.2359948562,9.687678017e-05,0.6708413273,0.1954135027,0.4710676074,0.5752090451,0.3497049953,0.9999981235,0.6889651717,0.661130971,9.565165027e-05,0.5567496579,0.6208860021,0.9999780287,0.3840016235,0.6161641396,9.6712821e-05,0.2253701109,0.7809698073,0.9857827757,0.5713884757,0.5436781402,0.3862742824,0.4611050147,0.4770352142,0.9999806213,0.5972445554,0.30943833,9.862361188e-05,0.5975818731,0.4834159616,0.5164391263,0.5216285072,0.3902786993,9.684027701e-05,0.3388908094,0.55704745,0.233310238,0.4015108,0.373957811,0.9999785427,0.6801222152,0.3835871357,0.9961251035,0.5168799615,0.2845570851,0.3707297243,0.6150772138,0.2487986869,0.5797317235,0.4554576216,0.504980222,0.2780752994,0.5694210804,0.3584679738,9.682895929e-05,0.2041119394,0.6231486688,0.9999780949,0.2962038141,0.6967296069,0.3288402922,0.7181832171,0.2695119882,0.9999779312,0.5105071857,0.4143044983,0.999978113,0.6468086173,0.5275526268,0.9966951616,0.6289136198,0.1910576415,0.0001095173925,0.2838292787,0.5036353362,9.731286154e-05,0.4730437776,0.5270795197,0.5632557547,0.4706851247,0.3123984462,0.9999779981,0.6884574552,0.1561330657,9.727900207e-05,0.3604945421,0.611562203,0.9999779818,0.5095076039,0.5785753936,0.6168425026,0.4225607973,0.4623165097,0.5071577155,0.5708035199,0.4511573649,0.3266039612,0.3713150501,0.4011820203,0.9999794215,0.6217027436,0.2622789755)
