mCurrentIter=100
mCounterStuck=1
mYPrev=-49.32679513
mParameters.n_iterations=100
mParameters.n_inner_iterations=1000
mParameters.n_init_samples=100
mParameters.n_iter_relearn=1
mParameters.init_method=1
mParameters.surr_name=sGaussianProcessML
mParameters.sigma_s=1
mParameters.noise=1
mParameters.alpha=1
mParameters.beta=1
mParameters.sc_type=SC_MTL
mParameters.l_type=L_EMPIRICAL
mParameters.l_all=0
mParameters.epsilon=0
mParameters.force_jump=20
mParameters.kernel.name=kMaternARD5
mParameters.kernel.hp_mean=[1](1)
mParameters.kernel.hp_std=[1](10)
mParameters.mean.name=mConst
mParameters.mean.coef_mean=[1](1)
mParameters.mean.coef_std=[1](1000)
mParameters.crit_name=cEI
mParameters.crit_params=[0]()
mY=[200](-6.410287626,39.87843336,-48.95045483,4.970594334,2755.431836,24.9054825,-2.793686727,-41.4437165,-25.0699339,-44.86144896,-17.50659925,2.453590064,-25.71971436,1.216131166,-18.5365969,-17.77139791,9.274788269,-39.35723313,1099.381737,-41.29062604,-41.77890016,57.43687197,480.6259336,-28.25037294,212.5261577,2269.809377,8.932628904,-0.5979015767,-45.26228374,-34.12910786,-0.1038089656,-2.957076705,-26.97142151,9.756620545,325.7577986,26.38485787,-12.5353095,33.99802229,51.6054682,-38.51372914,3.44492854,0.6194745567,1.892565434,12.8451634,-43.39183346,1.696408299,-16.15423063,260.1741454,10.91238096,100.6388295,-37.22113162,-33.1515306,-36.43682345,-28.13335441,20.2659351,-29.0402773,9.534520132,3.195984885,-10.68841535,0.3454444389,-21.93156449,-45.57252441,-34.32559391,-12.79677704,-22.69654668,-39.27557243,-6.233872038,6.09561399,27.22602675,22.38889068,47.69396117,1171.024471,17.38403282,-7.126152906,-13.19983254,19.57575651,-19.28415814,-37.09213129,18.599554,198.939039,-35.12463545,23.66244552,17.33797983,-0.2767968915,23.5612801,-39.67729908,24.26427064,8.513024211,247.2471124,24.13114656,-40.71266372,72.75257835,-15.60483873,-20.93541534,37.43906847,16.08148022,635.5657934,-47.00008996,17.36906673,-27.73636533,-46.9684226,-48.30214108,-49.78000881,-42.18665578,-43.0043183,-49.61237399,-48.78499631,-46.76096048,-39.45871162,-38.16731558,-50.37444455,-42.50941804,-47.27919154,-30.77569435,-35.45962498,-19.65830647,-48.15509359,-44.87272413,-50.08338815,-42.18186837,-35.49591516,-50.48158531,-45.30062712,-45.97135175,-46.84789243,-46.25207664,-41.12097116,-39.09926833,-48.51177795,-37.34727003,-25.17660652,-50.44228325,-43.36844976,-48.71728878,-45.6735034,-27.97121327,-41.38405666,-29.28151298,-37.98171416,-44.73760685,-40.41307653,-48.81114784,-50.80303065,-43.41128001,-29.97952163,-44.71419343,-34.45142483,-38.94866667,-45.93649086,-44.96219307,-51.3696956,-39.85469201,-46.78912978,-49.81033011,-42.75234098,-40.71789902,-48.03220281,-48.81786245,-47.33083002,-38.35587224,-17.06362503,-49.88631614,-44.55219349,-49.71920968,-29.54703049,-44.53860996,-30.3065924,-42.60011017,-25.47120499,-43.55054219,-43.40709208,-51.91515689,-47.2931875,-36.4209326,-46.96234182,-49.30751095,-34.58558014,-44.85552141,-47.3439942,-31.80628414,-47.1109386,-44.75200486,-33.23909973,-51.09292803,-44.30097241,-43.69435658,-27.99375425,-47.08846396,-47.64940967,-51.66178249,-51.75964689,-42.87439591,-43.52189816,-46.8414104,-40.36386645,-40.95432545,-42.5234693,-39.64584292,-49.65496392,-49.32679513)
mX=[200,3](0.1228216507,0.8418715089,0.1416004392,0.7392741814,0.7185389614,0.9997182137,0.5026235507,0.2819714636,0.4635211802,0.1583483556,0.2464093701,0.8861025577,0.6506182969,0.1016228402,0.02030943019,0.8524026558,0.8293390843,0.8581750651,0.04886906191,0.7815591234,0.619681255,0.9692365747,0.4787758072,0.5349491688,0.6215704236,0.3611169819,0.7209507211,0.5827618159,0.5464730754,0.2527633657,0.438760091,0.07233573819,0.6074677729,0.09952839426,0.1284977597,0.3915256751,0.2256610173,0.1192562376,0.6829863575,0.3574950981,0.5335355419,0.831216709,0.2179042876,0.09454229874,0.7334393483,0.3490353666,0.6974906361,0.5936106222,0.05008240422,0.9008914585,0.4561115391,0.6456923428,0.6513277764,0.2433525498,0.7938346016,0.1937048263,0.1043774509,0.2614434291,0.563825534,0.4826315984,0.8074659498,0.3288431861,0.4702539694,0.9330390238,0.167903102,0.4091119306,0.8469051925,0.4460828983,0.002916389727,0.5915750528,0.2270214513,0.4146271312,0.945778786,0.1529765195,0.3052860227,0.2973979301,0.08601051877,0.07824652526,0.5686379287,0.5506242562,0.8750972552,0.1089090943,0.7664437139,0.6639661708,0.9122660333,0.4602767896,0.5043961793,0.7282067934,0.5948063153,0.5643661353,0.3247762119,0.869435474,0.38652108,0.2041702886,0.727275405,0.6919017752,0.5307650939,0.2507821808,0.7059289533,0.872654529,0.7461221773,0.8090647247,0.4053629562,0.182349635,0.1943525937,0.2428106306,0.7088971384,0.9040289726,0.8272438522,0.141408143,0.7644036585,0.382325338,0.6116807306,0.9835586364,0.7185286423,0.9422725623,0.9521735253,0.865139958,0.661657906,0.3124461309,0.6708570185,0.5764850354,0.8421643057,0.4284127937,0.3441562271,0.8614188132,0.4571928914,0.8956282755,0.1614500454,0.6130207351,0.7350372108,0.8256038768,0.4147876736,0.4287249913,0.5857937905,0.3392601944,0.03544220812,0.5444624837,0.4919254894,0.3359822154,0.2866152358,0.1866558501,0.01663659566,0.3524910879,0.7437504834,0.9310306315,0.1362730589,0.4445357536,0.1773803633,0.2688939911,0.6813466359,0.5179580177,0.1542970849,0.5775895763,0.5012858814,0.6397723894,0.7870827351,0.3020263407,0.4445676836,0.4655352764,0.4373996019,0.2378141583,0.7518025306,0.2317221436,0.3337844941,0.6939003147,0.2646689399,0.6722617341,0.1131824282,0.3943302236,0.8943450744,0.5269321449,0.8840720713,0.4303074137,0.7699998067,0.1375686962,0.7802683918,0.6318389078,0.6809198225,0.775152651,0.5441381847,0.3577606272,0.290065785,0.7048303984,0.6020382737,0.09300948974,0.5148988601,0.672484742,0.08043135373,0.5552567713,0.3727221572,0.7920734183,0.3128569879,0.75883229,0.1833093388,0.6684642277,0.4076535953,0.6218039357,0.1664482635,0.8033647846,0.5243338527,0.4823325172,0.8323995275,0.6540891272,0.9059608941,0.6292474564,0.9607902377,0.1774484828,0.9275104048,0.6459517471,0.303958388,0.9146440423,0.9224040868,0.89784175,0.02397903382,0.2195909302,0.9817216163,0.4154963702,0.9378566099,0.02707936464,0.4865228382,0.1218651545,0.9532158427,0.772212451,0.5528968014,0.4709986418,0.9640461958,0.1167420372,0.8809522591,0.7940846762,0.1729986992,0.9966313828,0.647098815,0.4267578564,0.1996839333,0.5213674005,0.9198715246,0.774962465,0.384747759,0.05709924306,0.9725490179,0.6307639014,0.4999731066,0.01393230876,0.8183261709,0.81200902,0.1361593907,0.2758936889,0.9421522244,0.3975368967,0.8534146134,0.01985038846,0.0703548209,0.009023623152,0.974970965,0.3652213927,0.5804138805,0.2012230899,0.604209226,0.9886348587,0.3261358453,0.2875313665,0.8758342359,0.5716954419,0.8399873081,0.06760531599,0.3459010158,0.06906299031,0.999767512,0.03305521374,0.2785655498,0.4921880593,0.2702185979,0.08101960394,0.2941525218,0.2209776051,0.03194272111,0.05696168752,0.7549932472,0.2358050336,0.2088152635,0.3719827594,0.3784383485,0.9780356265,0.7409644003,0.9290528566,0.9530658441,0.04740983773,0.005258752611,0.3106313105,0.06581332789,0.1445012817,0.4575011144,0.3645610874,0.8161259719,0.04320519665,0.518503964,0.2593787056,0.2162126332,0.711016239,9.692433267e-05,0.3854954089,0.3931494948,9.692429327e-05,0.3830694093,0.3926111506,9.689293112e-05,0.2591609874,0.5241845408,0.9999780695,0.4618455351,0.3577261656,8.97333137e-05,0.5298725299,0.3257917982,9.716826719e-05,0.346347511,0.4115566261,9.694705891e-05,0.2494363305,0.5342616465,9.692166484e-05,0.3714955617,0.3887383183,0.9999695945,0.4384395258,0.3663753954,9.701001968e-05,0.604326619,0.2661821886,9.688054851e-05,0.3094824084,0.4473623298,9.70178713e-05,0.4696718895,0.3323225699,9.695260381e-05,0.2293805684,0.5536002269,0.9999779292,0.3811624073,0.4007223064,9.688261241e-05,0.6413714417,0.36383647,0.9999773113,0.248438566,0.559614256,0.0001042374961,0.3208270017,0.4167927744,0.9999842847,0.5519509903,0.2860946346,9.677677517e-05,0.4085093355,0.4999829058,9.688442764e-05,0.4453200147,0.3347368602,9.46987306e-05,0.6427769913,0.2058191884,9.783656575e-05,0.2817509873,0.4570148277,9.702962637e-05,0.5139117713,0.4335220807,0.9999772509,0.533872432,0.3098237342,7.885937464e-05,0.3345323311,0.5770488607,9.708689475e-05,0.3477976155,0.3873451818,0.999978455,0.6462566693,0.2107262571,9.666294085e-05,0.5441487344,0.263786133,4.915136923e-05,0.2329768268,0.4962279798,0.9143170425,0.3819465393,0.3974113175,9.707255948e-05,0.7225293311,0.3055671548,9.675053809e-05,0.3965182215,0.504629234,9.911035668e-05,0.2062732236,0.588220695,0.000134900808,0.3151213871,0.4129104252,0.9999780032,0.5423144409,0.3843115159,9.674149803e-05,0.5208673945,0.6453275646,9.691974798e-05,0.4345070065,0.3362012653,0.9999781122,0.3231191726,0.5403138155,9.693929793e-05,0.5986270412,0.4465304131,0.9999810769,0.6138608809,0.2241887872,9.688189112e-05,0.3286455941,0.6255315699,9.692758634e-05,0.4587427168,0.4723790991,3.388058493e-05,0.2818062997,0.4541092916,9.700331007e-05,0.377047654,0.3660855812,0.9999781078,0.7200979579,0.3317283976,0.9999804235,0.5161993117,0.2989095924,9.946303186e-05,0.6423097287,0.1934104774,8.586528567e-05,0.5326752751,0.2800944301,8.964643427e-05,0.1990610425,0.5354666689,0.9999779777,0.488739,0.430225688,9.686947639e-05,0.3487887153,0.5023493626,9.686861485e-05,0.5239883927,0.5390852488,0.6290411181,0.3523580854,0.398715811,0.0005678062966,0.2515133555,0.4756579285,9.728636439e-05,0.5546629531,0.3729466445,9.32641127e-05,0.21603209,0.6157535017,9.888884469e-05,0.3129723017,0.4114621077,9.627829391e-05,0.3667935219,0.543218794,0.6058423091,0.4508336711,0.3301031226,0.9999781451,0.6727091874,0.1894070207,0.9999867773,0.2131466104,0.5766609095,9.707358125e-05,0.4405233601,0.442485763,0.9999780214,0.5894885552,0.3375339234,6.391584059e-05,0.2883747592,0.444238731,0.0009929231529,0.6771942723,0.4427724446,0.877120445,0.3949773814,0.4667261417,0.0001102173889,0.3818261785,0.6831162862,9.694892674e-05,0.4020151091,0.3530660799,0.9999991245,0.5574532536,0.6566743457,0.9999782107,0.5368249228,0.4450696652,9.71636849e-05,0.4796903079,0.5379787487,9.686368654e-05,0.3264951714,0.5044810458,0.6033207907,0.3520544478,0.391232035,0.000109336313,0.5732822457,0.2380139831,9.760020221e-05,0.4851827986,0.4086127629,0.0001051380403,0.2496592244,0.4755075157,0.9999851348,0.3824379304,0.5602077715,0.95354336,0.5650463954,0.2505387716,0.693377422,0.478559686,0.3134834348,9.706975157e-05,0.6798901173,0.175824907,9.69463952e-05,0.3188952035,0.4027521791,9.606521199e-05,0.306471488,0.5932699634,0.0002886322712,0.5870099306,0.5467412766,9.70129009e-05,0.3897700607,0.4691583341,0.3771367913,0.5791857263,0.3368296804,0.9999711682,0.5883793808,0.2353077326,0.9999778778,0.7384331807,0.2646814093,0.5860564831,0.4094512552,0.3590059009,9.689982173e-05,0.2159453724,0.5050826308,0.0001450411978,0.3303605514,0.4853179638,0.5877835962,0.4708076317,0.4435854097,0.9999780422,0.6029051962,0.4015279825,0.001144678483,0.42624624,0.5705790813,0,0.312279398,0.4093407854,9.597765946e-05,0.4943164998,0.2942613962,0.9999780484,0.5308255445,0.5115658266,0.7526325147,0.3136193682,0.4556008093,9.669558779e-05,0.1951814827,0.6164310966,9.701637624e-05,0.4503662511,0.4386007195,0.5441023791,0.5133378407,0.3751805767)
