mCurrentIter=100
mCounterStuck=0
mYPrev=-0.1113012939
mParameters.n_iterations=100
mParameters.n_inner_iterations=1000
mParameters.n_init_samples=100
mParameters.n_iter_relearn=1
mParameters.init_method=1
mParameters.surr_name=sGaussianProcessML
mParameters.sigma_s=1
mParameters.noise=1
mParameters.alpha=1
mParameters.beta=1
mParameters.sc_type=SC_MTL
mParameters.l_type=L_EMPIRICAL
mParameters.l_all=0
mParameters.epsilon=0
mParameters.force_jump=20
mParameters.kernel.name=kMaternARD5
mParameters.kernel.hp_mean=[1](1)
mParameters.kernel.hp_std=[1](10)
mParameters.mean.name=mConst
mParameters.mean.coef_mean=[1](1)
mParameters.mean.coef_std=[1](1000)
mParameters.crit_name=cEI
mParameters.crit_params=[0]()
mY=[200](52.38291622,2594.053875,22.27976872,-19.56154155,12.36892019,0.7215934614,-15.21932581,-5.36508217,25.23860122,63.28717337,9.367501756,3026.031029,28.60336855,281.3923003,187.2156109,-7.180804413,-11.45560725,-23.81579132,55.62088753,769.9516623,4.887597931,-19.49249349,1357.465682,270.2441945,35.52872862,1276.266929,-17.98135026,-11.38841621,319.6105724,685.0000507,12.22271636,55.93989484,3462.293618,-28.29307785,41.10790879,-19.02078202,-18.88749734,-6.550785894,-3.781269679,16.72362658,-14.1597642,-17.23982018,10.30447669,262.5522526,63.27467406,3505.793924,35.00000574,20.22577777,17.86667831,8.696340128,223.8598859,36.86069878,56.65601357,-15.72633207,104.280361,41.50104153,47.74672544,630.2919157,-19.12611701,-2.835746484,14.68970573,43.29056543,-13.71435651,-27.70969824,33.297805,40.64919367,986.5377213,0.627717165,9.16624784,59.75615241,418.5626377,52.36161522,29.05890545,26.5987573,0.3463288031,-14.09884761,-15.2065134,-0.8634202101,17.8229923,-6.961657411,-16.96485448,47.27917912,-20.18030202,-12.83429102,28.65794678,38.42243828,61.67313911,27.33077485,-15.73208948,-21.21891568,-15.43487734,1.596950717,-14.24953473,-3.180689347,36.8439337,44.89500956,6.424366544,1322.988974,-17.45284382,429.8076536,-19.08224321,-19.48201207,-19.95765915,-11.7058739,-2.094642516,-25.73567401,-22.13823765,-22.05080292,-6.167160408,-22.62401965,-2.639875673,-20.93332823,-17.70236774,-15.28088815,-25.33641122,-12.97715723,-16.09256449,-16.90048484,-21.81869391,-1.580401866,-5.074965133,-24.09364855,-20.64366684,-24.23058497,-16.93277825,-7.205475075,-5.713341738,-25.82519185,-11.25300313,-23.45187452,-2.089333807,-19.00397683,-11.13163865,-11.55743863,-21.07219838,-23.13842173,-1.216400303,-17.87850149,-3.121231407,-19.68868103,-23.47748172,-23.14687361,-15.38557165,-20.39163471,-16.41915746,-7.514916883,-25.5850453,-21.07831939,-11.64687038,-8.741630835,-2.319000332,-17.76456461,-22.54841116,-25.31990656,-20.22690355,-24.63643497,-25.88687518,-11.28998726,-7.867227022,-25.44012451,-23.71813006,-21.17685351,-0.9336736922,-17.20967603,-3.659631468,-18.86854161,-13.63358756,-22.94659346,-14.53774189,-18.23889803,-19.2211679,-12.69659372,-0.8464227154,-10.85138949,-27.29504687,-24.47575302,-20.28193666,7.410854502,-20.88241613,-25.29751003,-23.04338143,-24.39098617,-6.785975275,-21.4888165,-19.78046823,-25.74514936,-14.6478922,-11.365503,-0.1398426942,-24.83496572,-27.44780366,-19.86829296,-24.39093324,-20.65855091,-23.15898796,-12.03415513,-28.67935786,-21.26234394,-8.719070832,-0.1113012939)
mX=[200,3](0.307423281,0.8791867435,0.8815682142,0.2917697653,0.0705476367,0.05258694488,0.8060969009,0.8870249882,0.5581659653,0.228479351,0.5590596098,0.5338541356,0.3170827406,0.296486628,0.8446700639,0.2048459483,0.5481882908,0.7254403606,0.8295024052,0.3660091332,0.4481619656,0.3373631686,0.2706730275,0.7432134822,0.362756642,0.5682407884,0.8706982728,0.4540820541,0.1609226835,0.3876061612,0.09714993714,0.8313231181,0.4026926227,0.7096215921,0.04843631605,0.04741818127,0.6446494617,0.003139568288,0.9195584822,0.6203375893,0.3901135213,0.08327470767,0.1876710354,0.06384591445,0.3598516766,3.442669986e-05,0.6799124589,0.5277280377,0.8308614999,0.7405992314,0.1939780152,0.4406862896,0.4845851806,0.5424904335,0.8440819856,0.1303285081,0.4950301503,0.5148048068,0.1832424559,0.1570238802,0.3239296138,0.09738622595,0.768278555,0.9004641644,0.4290976029,0.4381710996,0.1402165354,0.1414795979,0.1098200956,0.5338400692,0.03545845267,0.3772990258,0.1614773236,0.9576783819,0.4887894197,0.761225297,0.1257752066,0.1485373111,0.04680280266,0.2405098172,0.6302593225,0.8190545513,0.4354923612,0.6671711994,0.21966031,0.2062584562,0.2232730377,0.9793842973,0.2668133601,0.129887986,0.6123731313,0.3075405149,0.3479108915,0.2443329566,0.8273948963,0.9379543551,0.4910589338,0.01112905137,0.03596498537,0.4302746597,0.4114206739,0.5187084618,0.9364132304,0.4056111835,0.9810624069,0.1342607362,0.5986055208,0.3684354995,0.3959401537,0.3360779367,0.6453800904,0.2587855847,0.5156062434,0.6925768791,0.3459188507,0.6551580843,0.6210106068,0.2899497574,0.5370742654,0.8306323005,0.08772832913,0.6601784699,0.2308439252,0.3711736421,0.6006199492,0.1674518011,0.9496897831,0.5218125656,0.8015139062,0.1541990108,0.3254335965,0.1759818634,0.7327285637,0.9126098043,0.9645345838,0.5615177016,0.02877487368,0.004778778111,0.7811189668,0.4619630611,0.9490537309,0.7969871415,0.4751104293,0.8692702627,0.9951700509,0.8174751833,0.6824254458,0.5506412765,0.5886164359,0.7763276682,0.234191789,0.1111767025,0.3084355667,0.4878432162,0.8509294,0.7895804711,0.3554959084,0.7260048808,0.994297464,0.881669598,0.5020738766,0.6123182523,0.8905856376,0.05851956139,0.4698662689,0.6552219748,0.9644825701,0.6556711424,0.7485080243,0.6841318804,0.9763299833,0.1198187475,0.2343894112,0.1380540416,0.01495911304,0.4470547599,0.6053480243,0.6398380133,0.2111089803,0.7060442118,0.5097683557,0.1006265515,0.5688141906,0.2659558016,0.8907180068,0.7904832681,0.03001165319,0.3528458946,0.6755740213,0.462000346,0.4500095595,0.5056544039,0.3874885917,0.9715181044,0.2400325398,0.02822732552,0.9995488349,0.2664168265,0.6840756264,0.2273971124,0.09907555501,0.07895636883,0.8019611688,0.07320623966,0.4189318885,0.7829134905,0.58790672,0.1969344825,0.9073602743,0.906713837,0.9621836265,0.190295554,0.2523737022,0.5453479411,0.846872262,0.9215290398,0.6720119107,0.9452419959,0.1150087767,0.525409004,0.7135230578,0.8288060908,0.6051493539,0.1714470066,0.7198272983,0.4752574243,0.7015272582,0.2835670162,0.4051072941,0.2580927365,0.4584218798,0.4269618988,0.3864937571,0.3179642967,0.8726973814,0.1548702903,0.8544571439,0.853994897,0.7701309378,0.06889482488,0.754241854,0.6908250253,0.3229673015,0.7184250679,0.9265833484,0.8124127094,0.5738712778,0.4994487464,0.5976816489,0.7295703132,0.7322538829,0.02513471875,0.06330083159,0.7990807016,0.7533970822,0.6657639643,0.7554312396,0.8900832958,0.2732831357,0.8690225317,0.9543492,0.9247122339,0.9359103137,0.4105913592,0.05786514775,0.6493409411,0.3366533776,0.586844939,0.6321503646,0.3963906975,0.1746371455,0.5793189327,0.2134986175,0.9863800005,0.3405428113,0.7367526349,0.7710358651,0.6180078974,0.5709824492,0.6973869926,0.7681910937,0.4287416268,0.1247443353,0.9890549794,0.182709237,0.9160981685,0.3731713194,0.2740921938,0.9554828029,0.3126076181,0.4789881436,0.8650798221,0.2897525026,0.01194075466,0.1094689385,0.6290066549,0.2086696327,0.5954224338,0.08421549918,0.2933687756,9.692204492e-05,0.4667195192,0.3565114003,0.9999779247,0.5310192779,0.3112453099,9.679901366e-05,0.4247060067,0.3979044497,9.717130643e-05,0.5049907842,0.3020462355,9.596085482e-05,0.7822444068,0.2093875334,9.692918624e-05,0.3117055392,0.5298158573,0.9999850104,0.5584757877,0.4356358401,9.676851624e-05,0.3799414481,0.4234153317,0.999978482,0.7699289772,0.2204746299,9.703891512e-05,0.5327060818,0.4418853716,0.9999710916,0.3154855528,0.5837725043,0.9999825631,0.5641431729,0.280970341,0.9999780494,0.4948019032,0.3726366359,0.9999781134,0.6553041965,0.4770050992,0,0.3264709393,0.5118845086,9.424800414e-05,0.5147841861,0.296460882,0.9999781404,0.7048405923,0.178926442,9.690517231e-05,0.3703187633,0.4088846417,9.689287577e-05,0.5416029699,0.4590153359,9.699328245e-05,0.7772089212,0.2885755845,9.683571066e-05,0.7505291314,0.1629387194,0.0001142717738,0.3361603769,0.5720509728,0.9999781672,0.4966979998,0.4803982446,0.9999748456,0.6087558981,0.2651578437,9.708894856e-05,0.4850420609,0.3468843325,0.9999781416,0.3541449505,0.5850098201,0.9999781998,0.7750675097,0.3081100967,9.702499003e-05,0.4289442157,0.4887371722,8.977249585e-05,0.6712174578,0.4460687173,0.9999845252,0.5426284899,0.3688453872,0.9999850067,0.648344719,0.6690637758,0.0001055993506,0.3259148985,0.4399260488,0.9999849861,0.6877635848,0.5055050281,0.9999758068,0.4423241001,0.3928579155,9.751059034e-05,0.5000759796,0.5489144232,0.99997892,0.6143998234,0.2442175933,9.630838909e-05,0.3773423396,0.7518935833,9.571449356e-05,0.5839000736,0.2829873932,0.9999785669,0.7847549359,0.1712798554,0.9999781341,0.6567709649,0.3701816644,9.682455051e-05,0.5131868835,0.419000799,0.0001056024381,0.2700506786,0.5726572189,0.9999762135,0.4315815529,0.5372855822,0,0.3994971707,0.6086823042,9.524916631e-05,0.6351102291,0.2875714073,9.703080262e-05,0.6004357519,0.6202013569,9.706494951e-05,0.401834481,0.4868241886,0.999978005,0.5632454678,0.5005354844,9.692487188e-05,0.4302111254,0.3508723454,9.704013075e-05,0.7132873179,0.1718500183,0.9999776462,0.3131326808,0.6534731191,9.679885977e-05,0.6036942737,0.4635033252,0.8092983728,0.5394928161,0.2765542368,0.6731147655,0.5557113305,0.3737458938,0.999969702,0.6528196167,0.221938729,0,0.3984242385,0.547019641,0.798743788,0.4642654452,0.4456752687,9.725310601e-05,0.7043813156,0.3699440184,1,0.4525082613,0.6600744679,9.713894455e-05,0.4726541287,0.4698083715,9.695061011e-05,0.2889784636,0.5012407294,0.999969637,0.6452576006,0.3159434492,0.9999779551,0.8035759295,0.2665920374,0.9999781121,0.5663670271,0.5441749914,0.9999779701,0.3461864993,0.52200509,9.743369524e-05,0.2731753994,0.6274872272,0.9999778768,0.6931822712,0.4283315084,0.2955277228,0.5528579124,0.3555507239,9.040713915e-05,0.4211076826,0.6503911293,9.691873597e-05,0.3481676143,0.4182526595,9.699916868e-05,0.5504952346,0.5219408863,0.0001109597761,0.5352129693,0.2648212203,9.707119493e-05,0.7358384213,0.5110120201,9.70906018e-05,0.7061384467,0.2520747143,0.5567281896,0.5197183391,0.4223271281,9.696703256e-05,0.4092245185,0.5532099778,0.9999780578,0.681379047,0.1714794252,0.9999846006,0.3497163395,0.7828649411,0.79247489,0.4786667094,0.3405948476,9.72288542e-05,0.4397204314,0.4534574875,9.691099095e-05,0.2643342283,0.5459014723,0.7250014209,0.5799646972,0.4399644486,0.9999782198,0.686447111,0.5788159355,0.6999926019,0.4019794246,0.4095715988,0.2517050656,0.5985057235,0.3176745078,0.5934646053,0.4177960757,0.5518889552,9.696699088e-05,0.5315473687,0.6002187901,9.63221498e-05,0.3114463381,0.6945043721,0.1466123261,0.7909924862,0.1710339029,9.689831643e-05,0.3401392285,0.4794135282,0.5478106346,0.5063829655,0.4849321458,0.9999765797,0.6519532115,0.2611071398,0.007058459424,0.3670792135,0.5732249155,9.711934011e-05,0.5511031524,0.3943311138,0.999977948,0.6073534735,0.3436328925,9.693292932e-05,0.4107582115,0.3691505038,0.5391543004,0.4198445627,0.4842248927,0.5032910366,0.5888651819,0.4839415057,0.9999780282,0.7388078648,0.3742846637,0.9198980636,0.2554866441,0.6052232226)
