mCurrentIter=100
mCounterStuck=0
mYPrev=-6.413261053
mParameters.n_iterations=100
mParameters.n_inner_iterations=1000
mParameters.n_init_samples=100
mParameters.n_iter_relearn=1
mParameters.init_method=1
mParameters.surr_name=sGaussianProcessML
mParameters.sigma_s=1
mParameters.noise=1
mParameters.alpha=1
mParameters.beta=1
mParameters.sc_type=SC_MTL
mParameters.l_type=L_EMPIRICAL
mParameters.l_all=0
mParameters.epsilon=0
mParameters.force_jump=20
mParameters.kernel.name=kMaternARD5
mParameters.kernel.hp_mean=[1](1)
mParameters.kernel.hp_std=[1](10)
mParameters.mean.name=mConst
mParameters.mean.coef_mean=[1](1)
mParameters.mean.coef_std=[1](1000)
mParameters.crit_name=cEI
mParameters.crit_params=[0]()
mY=[200](-11.66407806,43.96874704,11.14700676,26.27467276,46.4333292,260.3063795,27.07049587,46.14814702,40.34216486,-6.960150876,1012.569904,36.62458153,77.54083984,56.35275582,-8.025477097,5.390826404,57.1494119,-0.7080251179,-5.9108264,-12.88651105,32.03345416,31.29583033,41.0584142,23.59788094,34.92611298,8.258090599,4.774475848,-6.801490876,31.7123251,43.260113,-13.32675561,7.843053844,3703.158922,43.90374582,-14.35450225,27.00050444,172.8567713,47.36853866,-1.385602514,-3.84504304,15.08270245,417.2527398,20.41065843,42.41420095,210.1599018,42.96053521,1506.644075,162.7705086,17.2940652,50.16110919,-9.833494927,48.81851493,48.45309239,0.670764526,36.61610962,37.72889829,71.37699369,11.42228225,50.05990499,314.0084628,109.7586504,15.33965552,19.65964628,56.2555959,25.22450734,17.12472143,58.52457842,114.1699652,1596.195189,0.4685626834,31.87495596,44.62075025,61.49918386,-5.396646445,-3.08504086,2188.176815,35.52476406,68.55138164,21.69208978,252.1262142,8.151683093,41.53349659,64.80612421,65.35613477,35.16784032,12.97619304,27.35184226,1.161908703,23.194361,57.77528594,176.6409255,1.360962672,-11.65162639,20.73284393,66.61367786,21.63239991,1665.078716,-2.008665883,51.15050204,-13.27259524,-8.387936765,-8.83591956,-8.952005413,-9.22932347,-10.4258537,-10.52749503,-11.7818856,-10.04843028,-12.02625693,-7.195894499,-8.855621995,-13.52123475,-7.406002614,4.937364937,-6.127946734,0.9627482818,-14.03673116,-8.177353637,-14.1047949,-9.573936715,-7.515565335,-10.51922651,-10.33464704,-5.303091408,9.469957203,1.148491882,-9.258622898,-10.82344916,-14.54969974,-12.97223488,-8.742501464,-10.78639668,-9.295126663,-11.72889255,-5.955051028,-8.742911387,5.702045755,-15.094451,-3.938765802,-12.20989646,-8.556155304,1.659275092,-4.912955492,-8.719442198,-10.50504257,-2.837200612,-14.12596663,-8.908436948,-4.254011726,-5.228160774,-13.61619454,-9.244218593,1.571754456,-13.01363985,-13.03421062,-7.802707945,-14.19117022,-14.78691045,-9.270327017,9.873443973,-11.0342533,-6.800870707,-11.89606498,-8.8211403,-10.96049943,-8.162783706,-7.363951931,-13.64807217,-14.13163386,1.184526913,-13.67812891,-5.90558888,-13.78303903,9.740645388,-13.14559034,-8.940020643,-9.321336287,-11.81589283,-7.449029406,-13.90041038,-0.2589058613,-11.40492554,-10.77319804,-12.34964893,-4.622269152,-13.4267495,-11.55499652,5.907299885,-11.3508468,5.288582617,-2.461831188,-11.86035955,-11.59740239,-11.69884253,-14.78295234,-13.43359934,-11.20016304,-9.241976651,-8.408028336,-6.413261053)
mX=[200,3](0.6670994177,0.5209629014,0.5134125579,0.1959988325,0.9646639234,0.2687667538,0.6486189082,0.8333644465,0.1089586581,0.9830785377,0.3878598329,0.4963909534,0.867996325,0.7230428224,0.8891316972,0.03185861645,0.3535069518,0.1545867353,0.05413292442,0.3497166033,0.8592401792,0.7769288222,0.9486644501,0.6029531328,0.8260048976,0.2736263187,0.8748887485,0.7877711883,0.4434159974,0.4849268516,0.3508033727,0.07297763848,0.1952934795,0.2855532585,0.3650404429,0.2765114148,0.9475429365,0.2262839074,0.5441692999,0.4102885396,0.6499690759,0.9629950762,0.09050013629,0.621543521,0.06583065944,0.9293366323,0.771940389,0.2858956108,0.3795497734,0.5989037726,0.9799845908,0.2076597218,0.7185457679,0.3260028658,0.8088740658,0.49597132,0.3437760372,0.2321800106,0.4392441498,0.574207358,0.007155469435,0.636855119,0.8148982953,0.7466640422,0.9111591827,0.3100326865,0.6847784776,0.05462373966,0.8442596933,0.24177417,0.1108869841,0.5269819893,0.2295708579,0.3319947083,0.3076983298,0.845592157,0.4679167497,0.6751197331,0.3292136929,0.4283008104,0.7235587815,0.9917015164,0.6176067574,0.2046877398,0.1438188091,0.767576054,0.7343705252,0.5423303482,0.9720611394,0.1677714356,0.3496036157,0.3228933685,0.5315561918,0.6556316223,0.799351961,0.1895385936,0.7347923115,0.01021726123,0.01185862543,0.06500966208,0.8718066111,0.7155976957,0.4302333095,0.5849460385,0.3812750024,0.7554631275,0.6830797847,0.7806869313,0.255085248,0.390120906,0.1302161188,0.4018110248,0.04548329327,0.91491421,0.9629892749,0.5325011585,0.4381014422,0.7019141668,0.4101895042,0.5882138932,0.8788669378,0.8163450488,0.03944502219,0.3619979434,0.1335313139,0.2546041491,0.9381267892,0.5017314238,0.7479118131,0.3326036835,0.03542945525,0.8699612628,0.07700873241,0.5467731223,0.006710143834,0.1514027577,0.9075683712,0.6435966092,0.8993736355,0.2120365229,0.0804219977,0.6082123042,0.2961446247,0.2338293168,0.8377427936,0.5107035159,0.1123786016,0.1181998755,0.08127195292,0.4727319164,0.2178570864,0.4540466185,0.5985173385,0.5952674235,0.6515951046,0.9258148215,0.9706315198,0.9843545137,0.09720547152,0.4297004073,0.7086007339,0.46481711,0.08622586921,0.02405458729,0.7098503967,0.4739567235,0.9350144181,0.4261450102,0.01021714217,0.9279826267,0.8963877989,0.1015605054,0.1224779097,0.7724270106,0.1325760038,0.8947768108,0.7501186936,0.8500207211,0.1620895323,0.3647749225,0.7905234145,0.2845099365,0.3326850782,0.3063723032,0.3025122473,0.7998733538,0.04042925195,0.2338692425,0.4088364689,0.5757154361,0.4018199078,0.9951964301,0.4982294973,0.6729908409,0.7685732361,0.02605517211,0.2488861184,0.398050446,0.1839543411,0.6927912229,0.952055437,0.6303816535,0.4791070299,0.07922656391,0.263264363,0.098205675,0.1244700593,0.8193829837,0.7468219829,0.29276051,0.1763990185,0.1863493531,0.4170196568,0.9155440133,0.8099018269,0.8291531467,0.6171646992,0.005021999795,0.6572128774,0.3874338213,0.6608935697,0.4500247883,0.8819940612,0.5506508316,0.5553947866,0.4666953691,0.1743393299,0.02582466272,0.9059323526,0.85023505,0.6998641469,0.5658505114,0.8679542975,0.9474921713,0.316340027,0.3192414692,0.8333947151,0.5205033044,0.254112854,0.2262978335,0.5002936881,0.7897976494,0.05614333874,0.5309934657,0.9538763211,0.4491693668,0.513453372,0.8472833325,0.9330927803,0.6927201485,0.1510792242,0.5665496523,0.5888422107,0.1444843445,0.6683934122,0.7661635591,0.8262295605,0.2479713634,0.6264417141,0.1982777832,0.6279789651,0.4577358317,0.7565921,0.1798940028,0.6749708631,0.5723737253,0.04440517274,0.4488583437,0.9986215427,0.6192343363,0.2721692379,0.1073081474,0.3516382765,0.3963591415,0.2675392465,0.68483924,0.552733744,0.5688916564,0.5051222823,0.4816370492,0.4881915262,0.8057700125,0.1243267855,0.8839651238,0.9031911535,0.9555668299,0.3721031002,0.6336247976,0.2921825506,0.06145433828,0.143398421,0.7102881694,0.7340495555,0.2131280773,0.1662168924,0.2091969543,0.9866582891,0.7276307067,0.6039583136,0.3700171438,9.002334852e-05,0.5723143777,0.257339111,8.922338102e-05,0.5761110371,0.257751047,9.698516309e-05,0.4723607352,0.3619418073,0.0001040437083,0.6263093194,0.2084916278,9.688303715e-05,0.4533664953,0.382763717,0.1921193021,0.6238645005,0.2090831661,9.69505084e-05,0.4327158365,0.4039541209,0.1839101412,0.5517428329,0.2754330862,0.6639914813,0.6296529506,0.2035283267,0.08792948889,0.6653960207,0.1602286333,8.99357425e-05,0.5099285733,0.3145999321,9.684319635e-05,0.4005654044,0.4460898023,0.9712010393,0.656727228,0.1701443519,9.696298595e-05,0.6560567476,0.5934252241,9.779207602e-05,0.6661813287,0.163446349,0.9948509753,0.5588305435,0.2787152176,9.682746624e-05,0.4122752836,0.4345267639,9.008436935e-05,0.5142666685,0.311868329,9.670469275e-05,0.3752536353,0.479898599,0.01993773247,0.6037476425,0.2259973652,0.9275701747,0.675160985,0.1542709515,0.7809397039,0.5459995243,0.286511097,9.687332139e-05,0.4604806847,0.3732862248,9.067597651e-05,0.6836704559,0.1525239321,0.999978011,0.7056717791,0.5768577495,9.713977052e-05,0.5765278246,0.6249687232,0.879579039,0.6628991875,0.1654184291,0.6687859281,0.4972790828,0.3350333598,9.662991742e-05,0.3591225839,0.5059972252,9.695029233e-05,0.5320760861,0.4544203748,9.025046612e-05,0.5670223826,0.2570160148,9.698278924e-05,0.4219146558,0.4021321703,9.591497674e-05,0.3322521883,0.6235939452,0.7106143661,0.5984596495,0.2292847308,0.33500873,0.6782831913,0.1497948741,9.693220769e-05,0.4969562003,0.3321796688,9.715955579e-05,0.7118418028,0.5147190588,9.029698226e-05,0.3669204942,0.4846684668,0.8013314392,0.4604878644,0.3826524176,9.68108884e-05,0.5061189518,0.5114634874,9.674888103e-05,0.6419750546,0.3569315426,9.683099174e-05,0.5382173148,0.6533244933,0.9377417261,0.6865490104,0.149752426,9.882911816e-05,0.62118525,0.2038671894,9.688340907e-05,0.4062980204,0.4199838475,9.665221982e-05,0.3161881207,0.6837163211,9.665564175e-05,0.3305167371,0.5414729757,9.352830021e-05,0.5243325837,0.2988516868,9.771280824e-05,0.7031694351,0.1459018952,0.9999780391,0.6002064636,0.2585607963,9.663835548e-05,0.5279902772,0.4632901781,9.696874549e-05,0.4539626749,0.3702410829,0.9999780984,0.7007257133,0.4213886051,9.65095798e-05,0.4514109537,0.5368686183,0.5576759633,0.6028461669,0.2232045642,0.7653287821,0.6843066145,0.1483453088,0.5562871126,0.5666397554,0.2706900234,4.373339874e-05,0.3640310051,0.4620136075,0.7033781258,0.4684039364,0.3862392843,0.999977989,0.6550029229,0.6206009439,9.058564919e-05,0.59254434,0.4004251768,9.898838007e-05,0.664938214,0.2620919065,9.055895819e-05,0.3255725069,0.5691526143,9.662603997e-05,0.5509653656,0.5361942834,0.3929925796,0.6206287257,0.1967200898,9.684425415e-05,0.4964683097,0.3274713878,0.3511189081,0.6892360709,0.146601548,9.705309523e-05,0.4074843593,0.446347498,0.6434338612,0.5738160838,0.2911313155,0.0002425557695,0.308309852,0.7118418881,9.705070554e-05,0.5214553085,0.4408058757,9.57748947e-05,0.4524445761,0.627254433,2.071281469e-05,0.3345519717,0.4976225285,9.723232564e-05,0.7275283122,0.5491246616,0.5868934829,0.4445705092,0.4003609469,0.957463866,0.615402471,0.3223324533,9.62227063e-05,0.5844688428,0.2301943293,0.7108875912,0.6297629894,0.1990092786,9.699336478e-05,0.4706536093,0.3479238896,9.673678867e-05,0.4530051027,0.5197485719,9.693429999e-05,0.7113356073,0.3835090706,0.0002964238158,0.3795473147,0.4373132972,0.4584518528,0.5428544825,0.2826598709,1.951101635e-05,0.3325202097,0.555501749,0.99997799,0.7043918156,0.1438804772,0.4050789187,0.6194982691,0.1985479901,9.67286825e-05,0.5522376742,0.4708080372,0.0002448345585,0.5266387145,0.687642378,0.5937093957,0.4454912502,0.4128246206,0.999978041,0.719902256,0.4902021095,9.7073655e-05,0.7130420493,0.1482699487,0.4334873868,0.516346987,0.3174282342,9.682799943e-05,0.371386514,0.4454577975,9.692548271e-05,0.4815356212,0.5461174685,0.6236271063,0.5572082499,0.4086363995,0.4540421847,0.612281404,0.2093047542,9.049986195e-05,0.5763515513,0.3612073884,9.632078113e-05,0.3318746745,0.6117320678,0.00010500691,0.4277118136,0.3858887368,9.697651519e-05,0.5716265107,0.5426553613)
