mCurrentIter=100
mCounterStuck=0
mYPrev=-12.8483474
mParameters.n_iterations=100
mParameters.n_inner_iterations=1000
mParameters.n_init_samples=100
mParameters.n_iter_relearn=1
mParameters.init_method=1
mParameters.surr_name=sGaussianProcessML
mParameters.sigma_s=1
mParameters.noise=1
mParameters.alpha=1
mParameters.beta=1
mParameters.sc_type=SC_MTL
mParameters.l_type=L_EMPIRICAL
mParameters.l_all=0
mParameters.epsilon=0
mParameters.force_jump=20
mParameters.kernel.name=kMaternARD5
mParameters.kernel.hp_mean=[1](1)
mParameters.kernel.hp_std=[1](10)
mParameters.mean.name=mConst
mParameters.mean.coef_mean=[1](1)
mParameters.mean.coef_std=[1](1000)
mParameters.crit_name=cEI
mParameters.crit_params=[0]()
mY=[200](11.60265296,20.33097819,-1.11403978,-19.78855522,-21.60717587,39.31216018,34.25014008,99.29525707,35.05353971,-2.155473656,-2.633082595,41.95476541,-16.04496191,321.7180809,2597.525666,1504.201299,-12.51999288,49.46383178,0.3529893285,-20.41015046,1.305588337,146.7825752,99.67402623,0.2799950289,16.97969184,-10.25898054,65.86621846,-11.42780396,21.65788972,27.13375134,8.954485932,87.18899224,4.791511484,7.517709601,13.93478401,10.8844344,-9.039109207,17.80524953,18.23408026,17.49215608,10.14170704,305.782135,-3.5720596,-16.79674843,-20.55476585,3438.313614,0.8913258067,33.67644383,21.79825079,10.25986816,2338.094248,36.13089747,52.02231667,51.15715018,-5.148610039,24.8050997,8.024342036,-11.84224726,29.78278725,30.24401718,34.34588821,-2.771802714,821.795278,0.4796152727,42.59231504,-12.3813357,7.26946322,15.80541345,11.41097058,3.007527036,2016.29106,38.66932682,0.5367202894,1483.65894,469.4101127,-0.5623262732,-9.650550772,57.60900981,49.57043666,-1.642297431,802.9489603,36.5223224,-10.66052694,1.965078544,-19.33774123,114.4780608,29.33903708,3.134103585,21.61970212,49.14225504,-17.26814243,0.4389730754,1.234020549,2880.842016,22.96951891,-6.981846716,87.63808934,7.443025229,552.8504065,1316.242936,-18.01647297,-9.579367249,-20.96092967,-17.14870813,-17.02052346,-14.02153516,-29.72149996,-24.04029926,-19.92978133,-7.816302361,-28.26208984,-18.97815194,-27.14377779,-17.61937392,-12.21311291,-5.940594027,-17.78763552,-23.02591939,-22.36445831,-18.31083783,-28.83390547,-29.99889271,-9.120368452,-2.632191132,-18.91523148,-23.44791126,-14.02258108,-11.57496837,-11.70793784,-22.16753329,-17.89968533,-17.22188219,-15.81591557,-13.82047251,-26.76122153,-30.37786784,-23.88618738,-17.86574628,4.560370442,-12.76405435,-21.28588866,-11.90635537,-19.96639184,-11.69891821,-5.534815198,-31.674071,-28.69252249,-21.22737659,-16.10053787,-25.77031298,-22.39383781,-13.75003874,-13.80744728,-16.78411027,-5.72441001,-17.56313178,-28.96993969,-12.30545043,-20.06750971,-30.95311041,-11.3563538,-16.08601858,5.210392007,-27.1304671,-29.24419611,-18.00542648,-4.796162115,-16.59407575,-6.437988986,-20.11002196,-17.32148723,-27.56613105,-8.822263351,-25.68103382,-12.96759058,-19.85609484,-15.20726315,-16.39884304,-26.46634196,-17.35199678,-30.05497541,-27.89172678,-16.00294063,-30.59711723,-19.92244201,-20.00577948,-7.270520571,-25.75268936,-23.34578415,-20.84898844,-11.86902318,-26.30194963,-22.98435118,9.266423133,-14.80286132,-14.17817241,-29.36121725,-12.29198699,-31.40193606,-12.8483474)
mX=[200,3](0.6267292109,0.07591827953,0.7929250692,0.4498602098,0.6131432281,0.8567354691,0.8829708945,0.5119872263,0.1622606316,0.1808606192,0.5876427197,0.3736307582,0.5004025616,0.5321995917,0.3445032305,0.1334441371,0.6870907767,0.9278663976,0.2599282705,0.9214276315,0.6811978573,0.146872233,0.2672677235,0.266862334,0.9394834713,0.1591897201,0.9654599659,0.5930462646,0.365208851,0.3608204818,0.05588406004,0.7762517617,0.1198049569,0.3040530032,0.5700035875,0.02303876105,0.7106645787,0.5475311917,0.6298099254,0.4262121024,0.2117827752,0.2241788415,0.4801960107,0.1290858542,0.04491024188,0.4017751834,0.03722029624,0.1925071322,0.1947420901,0.1843567503,0.713250946,0.3314622751,0.9495290614,0.8153356099,0.2782693582,0.1348908947,0.761678428,0.7646174635,0.6386338306,0.3023170334,0.7239406449,0.3860895503,0.3504374413,0.6847492668,0.4461775059,0.09688090174,0.6388000151,0.3267940934,0.2463866092,0.3812575215,0.5607861905,0.7525101803,0.4982503564,0.8990390911,0.3399837522,0.5416862441,0.2331288113,0.6662911613,0.2269052538,0.8807365117,0.9981444555,0.1557127233,0.3968414828,0.7239211564,0.6701305508,0.4375354084,0.8977662232,0.8915881026,0.9641341986,0.1402531155,0.6463028264,0.1987746942,0.5269987279,0.8663083584,0.1672780041,0.4638491375,0.2643905355,0.2879232511,0.828449549,0.004474017022,0.7497476593,0.6430956998,0.6175775093,0.5289759984,0.07068018172,0.2315087411,0.8571769856,0.4028563991,0.5178208076,0.243564272,0.4747210617,0.669039216,0.3786980773,0.879549936,0.8707200189,0.6425167965,0.8393411418,0.4701468734,0.9048085592,0.3213495272,0.8016116621,0.8702196554,0.2309308499,0.3172414709,0.1167834199,0.2771409012,0.5215871486,0.7011996921,0.6130952384,0.4113372999,0.6063465083,0.5681705989,0.7563168718,0.4833603504,0.6012162127,0.4317185409,0.0009052068996,0.05588636473,0.01091874435,0.6793384173,0.6583347493,0.06533327708,0.970216286,0.4180132437,0.03822643162,0.0141854956,0.8852491418,0.5616480375,0.7509289277,0.6977983531,0.5387738157,0.02560678419,0.138568518,0.8322772163,0.9933709475,0.3874834393,0.9195599578,0.860306353,0.958672459,0.8213774765,0.1007348847,0.5503708368,0.9702831529,0.7815558636,0.1745193461,0.6010387032,0.1757902853,0.9107011898,0.900024528,0.3184557788,0.4907814091,0.1797668364,0.3007929098,0.7345078927,0.58422326,0.2584136547,0.9433884671,0.02815826536,0.81167886,0.7870833391,0.8494810101,0.9854194925,0.4551725155,0.954399068,0.3568580373,0.6705944506,0.7906216059,0.1413685435,0.210143867,0.6515886037,0.6601428086,0.7002051661,0.3452269318,0.5983470403,0.9776582384,0.3769844793,0.7115237741,0.2981180991,0.2120553267,0.8416198358,0.3912843919,0.08890399822,0.4564449542,0.8660911696,0.1279909849,0.0564338262,0.5875818179,0.07435149477,0.7222497741,0.632559706,0.7052596314,0.09980994447,0.1261868524,0.8577168226,0.4648253636,0.9808164528,0.09845714787,0.5579484198,0.7454797725,0.7314559363,0.2031520112,0.08159046325,0.7752341413,0.349302062,0.1046702563,0.3652270528,0.4702349528,0.7763532537,0.3933115448,0.7394223513,0.257896339,0.7428219731,0.9525427241,0.9093775548,0.04285519092,0.9156013041,0.8441061344,0.558052822,0.7604521864,0.5334824575,0.6933883477,0.4189993126,0.003775016931,0.9411571245,0.6902817759,0.9356420455,0.3597262416,0.656043986,0.5772376215,0.8134270834,0.8389484923,0.03534318938,0.9275434104,0.5096596089,0.5195523669,0.1060968987,0.225567961,0.2818804355,0.4545218599,0.9364784604,0.5437344787,0.2855719967,0.829184596,0.1555124915,0.4658873699,0.3376656119,0.3167102852,0.9985981062,0.2954778786,0.4349298252,0.2040265099,0.626462122,0.4891018897,0.1627569972,0.7921086288,0.4293148767,0.3245463709,0.2795054336,0.8062278556,0.2918408315,0.08653810499,0.06032610341,0.1125474581,0.4946820805,0.1839400392,0.9881104781,0.4286193542,0.4473122987,0.5765646577,0.04723149586,0.5083015845,0.7897292099,0.8033374811,0.5933387237,0.249527274,0.4072885805,0.01601876364,0.9633165516,0.06658081136,0.2083983064,0.6511132048,0.6193271706,0.2054467687,8.114238998e-05,0.528337463,0.282298041,0.8584648786,0.6451010258,0.1812339395,9.687867837e-05,0.430959858,0.3764139802,0.8443080977,0.5423931414,0.2713401479,0.0001058113001,0.6469801429,0.1848960819,9.679700596e-05,0.3816249756,0.5597815809,9.663849668e-05,0.4058962077,0.4222651472,0.9999780093,0.6680177004,0.156280308,0.0001018199877,0.4848243374,0.3127616201,9.686139989e-05,0.3513449237,0.5962138238,0.9999780469,0.6434604061,0.4154941504,5.894348575e-05,0.4718630765,0.4893846132,0.9999829524,0.5705100211,0.2573538196,0.0001072331575,0.6467766727,0.188627227,0.99997762,0.4887247678,0.3239766352,9.680104954e-05,0.3577323525,0.4077490556,9.688890574e-05,0.4394550394,0.6146824364,9.688801246e-05,0.5496147056,0.4498708996,0.9999779876,0.6812303003,0.1404609255,0.0001044846393,0.2882942271,0.6030157612,9.681798156e-05,0.3878020054,0.5098290173,9.686779909e-05,0.4521534851,0.3389150793,0.9999780336,0.3675145419,0.6115886218,0.9999769565,0.6242533585,0.2250604862,9.695805494e-05,0.5020568366,0.556125189,0.9999781532,0.6884212889,0.4423167591,9.710466121e-05,0.6699320347,0.1547397271,9.678076691e-05,0.591954205,0.2562184056,0.0002768425339,0.3439611505,0.4276703834,1.660437236e-05,0.4752064336,0.6431306999,0.9999780121,0.5221069679,0.4244849007,9.680736485e-05,0.6528845663,0.3908894679,0.9999782112,0.7072347366,0.317338591,0.0001070991412,0.2721409072,0.6276374369,9.687797274e-05,0.351542975,0.5252362801,9.678867659e-05,0.5312110073,0.5042336135,0.9999780183,0.687013495,0.1355650236,0.9999781461,0.3178747773,0.7394327887,9.714526993e-05,0.4271743551,0.3617335215,9.697901617e-05,0.369918061,0.6611608097,0.9999780349,0.4563529368,0.5454932946,0.9999844374,0.599579783,0.2286680601,8.979777459e-05,0.6717987953,0.4843079582,0.9999770728,0.4973449608,0.3112680878,0.000110666264,0.3073120881,0.5533461606,9.675753117e-05,0.4303829388,0.4794294855,9.684938977e-05,0.5046284168,0.5866973786,0.9999780839,0.6151746272,0.5107735056,5.541979342e-05,0.252444386,0.6395469247,9.689468812e-05,0.5117031163,0.4193233752,0.0001155163347,0.6140734432,0.2369544471,0.3549938299,0.6815185808,0.1318507763,0.9999781485,0.7017610072,0.220294142,0.9999780386,0.489030639,0.6823530682,9.688975348e-05,0.3389896152,0.4079807913,9.685853133e-05,0.3965756653,0.5518422613,0.9999781571,0.7205312856,0.3813586564,9.681796513e-05,0.3783278513,0.6657771137,8.67711562e-06,0.2983356548,0.5571728077,0.9999780732,0.4915708655,0.3927536144,8.878361675e-05,0.6293519203,0.3198533681,0.9999649321,0.3022174279,0.6086458492,9.046401853e-05,0.469273027,0.526284781,9.678766506e-05,0.3548211695,0.480092835,0.9999888612,0.6247666507,0.1937421052,9.552154747e-05,0.4940463573,0.3008578108,9.680504524e-05,0.5254253661,0.6246038456,0.999978114,0.7461060867,0.4807036098,9.665705055e-05,0.5804187955,0.5016933545,9.620084223e-05,0.266651035,0.7045513838,9.699458918e-05,0.3945367111,0.5830885114,9.726776853e-05,0.7165024058,0.2208275361,0.7280113172,0.4580672324,0.5018868406,9.688716958e-05,0.3801444072,0.381218136,9.698264496e-05,0.5984247144,0.4195087284,0.9999939468,0.5773578495,0.5635336556,0.999977998,0.7000808228,0.1222162691,9.695608961e-05,0.4501933416,0.4649780237,0.9999812026,0.5764877909,0.242531349,0.0001009849355,0.2729548525,0.583150205,9.696295457e-05,0.4130536957,0.5712719668,0.0001034478295,0.4205640504,0.6839764622,9.673791584e-05,0.3351507964,0.5040787721,0.9999779625,0.6071306184,0.3524120485,0.9999683291,0.6442448558,0.1797315676,9.700631816e-05,0.7144641601,0.4924396308,0.731838353,0.532427092,0.4597261144,0.7078475591,0.3961138321,0.5595071042,9.723686065e-05,0.5415637268,0.5535681151,0.164611017,0.6522404396,0.1575113562,9.803287068e-05,0.3278737134,0.624049395,9.696326717e-05,0.4762228731,0.4178700093,0.9999787634,0.2428086611,0.7764821745,0.9999780443,0.7255509046,0.2530707559,0.5580442662,0.5517217111,0.2560948177,9.708941945e-05,0.4043127744,0.5123511242,0.7149707616,0.4457049198,0.3457666605,5.305742429e-05,0.3034182717,0.5470267904,9.707299933e-05,0.6954438259,0.3551555297)
