mCurrentIter=100
mCounterStuck=0
mYPrev=-38.6750435
mParameters.n_iterations=100
mParameters.n_inner_iterations=1000
mParameters.n_init_samples=100
mParameters.n_iter_relearn=1
mParameters.init_method=1
mParameters.surr_name=sGaussianProcessML
mParameters.sigma_s=1
mParameters.noise=1
mParameters.alpha=1
mParameters.beta=1
mParameters.sc_type=SC_MTL
mParameters.l_type=L_EMPIRICAL
mParameters.l_all=0
mParameters.epsilon=0
mParameters.force_jump=20
mParameters.kernel.name=kMaternARD5
mParameters.kernel.hp_mean=[1](1)
mParameters.kernel.hp_std=[1](10)
mParameters.mean.name=mConst
mParameters.mean.coef_mean=[1](1)
mParameters.mean.coef_std=[1](1000)
mParameters.crit_name=cEI
mParameters.crit_params=[0]()
mY=[200](989.5163283,-11.73841119,61.65821442,-9.532821773,83.62825561,43.02778076,20.68958995,14.9548989,55.45649531,225.1222661,6.842985493,-33.43221201,1947.82215,-17.45872871,1091.86677,624.8008072,-41.81391982,-9.295448481,-31.52555946,4.839231301,-28.82778809,-20.31042455,-6.205407435,-37.89648457,-33.37900234,-34.58884007,-37.71629686,-18.8184207,-24.70686238,-13.06418371,-24.16696251,44.33246089,-40.18999957,-41.73486352,-42.92972723,-28.92521221,-41.49517036,17.21607444,-11.78805283,-42.21014067,37.61992925,-45.01129431,-10.81941859,-15.42245964,-36.04192094,7.229824997,20.02720517,27.31128275,38.24970109,1.584217011,-31.36031156,29.55173584,-16.48775001,36.99563246,960.1704615,-19.02539263,21.85943929,25.29783272,12.60890697,48.79028204,-22.67536483,-9.691048728,27.14828641,1.988277135,10.12984007,3085.419266,52.07961122,18.51044967,-39.49968726,548.5808096,-5.155406123,7.800035134,-14.33364315,39.45215673,6.451531405,15.6579041,43.46059485,13.88111136,32.68806203,123.1061479,51.34782934,-11.28780844,5.815570991,8.262780985,101.1829996,71.04825813,-33.0453181,-38.54173206,-10.60260241,19.73271977,-34.57608019,483.387372,63.35586238,3261.887544,-27.10938919,-43.98662278,-17.43055999,1583.744939,-3.847214185,26.80086394,-36.27758942,-32.12164789,-42.23610583,-30.97804986,-36.29408287,-37.02403697,-39.52904216,-19.17136003,-32.20176674,-38.18214209,-32.53206857,-31.20451585,-31.54354204,-37.60680621,-30.75510335,-30.65503355,-35.73150845,-41.70963205,-40.26728976,-20.62339235,-40.94499056,-31.27960876,-32.57485714,-34.19129415,-43.45227029,-33.67663035,-24.24353529,-27.63747504,-40.43747189,-34.3400649,-40.56693611,-31.70023396,-24.95546756,-33.80987054,-37.05427317,-25.24344463,-38.41839753,-40.39451002,-31.77788628,-39.95173143,-33.24704738,-19.25520422,-37.2238065,-37.87466011,-25.57102542,-34.86616131,-42.33142365,-29.84427376,-31.41829753,-41.92016463,-11.35284125,-32.16028648,-40.02462781,-42.40361473,-14.81646957,-39.68356731,-32.51877822,-32.35102927,-19.39969539,-37.45774889,-29.09975746,-36.94077849,-19.5499872,-40.15203192,-41.91875997,-28.16302053,-40.53154554,-36.08533205,-37.37355699,-20.77023536,-35.63244713,-36.93479374,-39.25930737,-38.27651718,-40.35454402,-17.7716668,-38.56370096,-39.5318271,-28.21555895,-43.36149157,-31.15460943,-39.87432376,-22.6070492,-35.05017355,-32.77097495,-37.87939885,-41.22062107,-29.98125329,-39.66739439,-26.61202994,-12.22885952,-38.26826341,-33.89181738,-43.09676156,-29.29118438,-40.6920425,-37.75727852,-40.48194985,-29.13812028,-38.6750435)
mX=[200,3](0.7533223031,0.2941727046,0.02549373926,0.108686123,0.06009177158,0.5845653522,0.5146535763,0.1190414141,0.3806894113,0.733811226,0.1753001968,0.5135381088,0.4519153972,0.1930056897,0.2763584603,0.9188775956,0.9688402184,0.768018101,0.1573484423,0.9261029488,0.4189097927,0.08958863445,0.002854466029,0.8889818129,0.6639467381,0.9196130194,0.9316945105,0.7686035772,0.2439079845,0.1830153675,0.7088727142,0.1285776683,0.5026342421,0.1800519866,0.506739516,0.1925690813,0.02759087017,0.1493931688,0.07917771163,0.8044491936,0.693946796,0.5400011381,0.03469220632,0.09340134309,0.1668490396,0.7847476343,0.08079156802,0.2450041792,0.09274986518,0.4730519314,0.4549886461,0.4990747645,0.01395257605,0.6791190024,0.05599323011,0.6160710578,0.400677782,0.9446069654,0.206138395,0.8308075541,0.4853020839,0.6879027581,0.1209882484,0.6512588501,0.4460178964,0.1372351194,0.9741763474,0.8125806934,0.2884245495,0.8828429984,0.5523027631,0.4675577574,0.5923677735,0.3659119657,0.3350972597,0.6444937602,0.3549398914,0.5956315461,0.9887884945,0.6284184584,0.269532517,0.6006197628,0.232315127,0.6932585865,0.5646230952,0.569230128,0.6044583112,0.686837021,0.3060145308,0.7374204033,0.9334607441,0.4905440051,0.08169514016,0.172934286,0.7857389982,0.9215524365,0.1116484215,0.5153036663,0.3415988936,0.369778146,0.2773576854,0.487757023,0.7996484281,0.4816984676,0.4402036075,0.5781943785,0.3366079154,0.6429740956,0.2361717949,0.26622003,0.4937128657,0.1693459327,0.349962068,0.8970997252,0.289785703,0.7739424378,0.3562374011,0.2420240821,0.4624626451,0.4717354674,0.7261433413,0.9730315788,0.6584727461,0.3818195355,0.4229325402,0.3939904783,0.3111592015,0.7593603207,0.4325794973,0.5025241408,0.1646482762,0.7044643093,0.2532798084,0.4190674192,0.5763373543,0.3207090029,0.8250227739,0.5633933502,0.07703900465,0.9060878961,0.01677501085,0.5824663026,0.07126920375,0.9530925375,0.7491645242,0.5246042721,0.988621853,0.8328066529,0.1033146249,0.8091143296,0.400340693,0.6599450488,0.2172551405,0.7194279062,0.2262804359,0.328821449,0.2192980329,0.5474451103,0.6636351921,0.2604947763,0.7971803932,0.8722560424,0.2099104678,0.1830473955,0.1164333105,0.9581369353,0.7055031319,0.009998255849,0.394838133,0.9372632728,0.371733471,0.8921787871,0.2861419361,0.9411498288,0.2770274099,0.6620423141,0.7945830716,0.1465536342,0.7301219286,0.9713702292,0.8142171186,0.259535461,0.6134369507,0.4469121307,0.3750494372,0.2383128242,0.6794442162,0.3227395144,0.2213317741,0.1285086662,0.4088790367,0.811931804,0.6335649563,0.7207954632,0.7598441283,0.9047509783,0.03146526953,0.06223680943,0.4296115869,0.896657569,0.9115058392,0.8234382984,0.8393120087,0.7200851517,0.611893278,0.5958230957,0.3043085124,0.01773232198,0.04982555057,0.2575605898,0.2224539252,0.8081939017,0.03619824252,0.4656256523,0.0508400426,0.8487805124,0.7763064959,0.5784325393,0.6801155851,0.6221355301,0.871191768,0.8501051298,0.3018481275,0.8811578464,0.1058598164,0.3376942028,0.762857166,0.746141437,0.1398098902,0.8609194029,0.8673638968,0.006530956889,0.6702886514,0.7877425123,0.3789998974,0.9520820064,0.6206729265,0.6929883594,0.1562055891,0.3118456932,0.8681553992,0.9869510973,0.8293760036,0.9644152091,0.5313989235,0.7168900533,0.06713696073,0.3813836774,0.2050815792,0.5371757886,0.844448039,0.5552128744,0.2997322356,0.3123754788,0.1739509006,0.4167672695,0.9952935823,0.9681392916,0.8730907682,0.6302415311,0.422644242,0.3411919461,0.5873132513,0.2959224778,0.8469245751,0.7458113015,0.5309624631,0.5271106499,0.4311192783,0.9076050796,0.5548554393,0.6453056148,0.04422501858,0.4310520625,0.2137604082,0.1466249313,0.04421435182,0.8581752077,0.9959826747,0.8507611184,0.02791376068,0.05356422555,0.3587429399,0.7140284858,0.1525396643,0.4787265645,0.458451367,0.3641717003,0.9977562572,0.6009535945,0.6381845698,0.1935261464,0.1359106028,0.09345466811,0.929621682,0.3926140768,0.7797610924,0.5482415022,0.9474412027,0.5257910573,0.9999773211,0.479895735,0.2576959897,9.710591023e-05,0.4455637784,0.2807733837,0.9999779993,0.5608139378,0.1969113362,0.9999686261,0.4335385181,0.2978408486,0.000104461505,0.5449892891,0.2129850706,9.708611862e-05,0.3472695663,0.3697053292,0.9999780127,0.6025778177,0.1687123645,0.9999780476,0.3449513719,0.4197211902,9.695452409e-05,0.4460021779,0.2795730132,0.999977999,0.4974589311,0.2432770097,9.697777899e-05,0.6027052081,0.1659369511,0.9999779727,0.400066393,0.5184556788,9.546497097e-05,0.3888151519,0.3208853666,0.9999783745,0.6357133491,0.1489077261,0.9999689446,0.4335574447,0.3006747301,0,0.5469923756,0.5309543539,9.730374482e-05,0.5128041315,0.2353527916,9.912093669e-05,0.3285031424,0.4305644431,9.693816509e-05,0.3442335359,0.5383984737,0.9999781579,0.3682335436,0.3756430504,0.9999783956,0.5321915572,0.2149168986,0.9999783373,0.6817968686,0.1296078407,0.9999768443,0.4728109071,0.5416330397,9.687662289e-05,0.2491381929,0.596812609,9.688794485e-05,0.3659811395,0.4729968114,9.773689164e-05,0.4807201564,0.2543351124,9.700038461e-05,0.40321099,0.6587357701,9.697469795e-05,0.6048257287,0.4958033916,0.9999780547,0.5507101727,0.3671512926,9.687391822e-05,0.6123045828,0.1528774894,0.9999856622,0.5287050916,0.2171230353,9.800669998e-05,0.3824519051,0.3263108907,0.9999781488,0.3430822128,0.5022308741,0.9999779957,0.4583952262,0.2690950743,9.69690333e-05,0.4443553691,0.5416290783,9.676457901e-05,0.694081214,0.2443181951,9.957851978e-05,0.3189135626,0.413056952,9.685018437e-05,0.5123559424,0.4003356575,0.9999780809,0.6529559949,0.3643112708,0.9999781036,0.5853820672,0.1778284556,0.999978216,0.5494976823,0.5116568788,0.9999782203,0.7506657765,0.1685099704,9.71141263e-05,0.5345114872,0.2243056576,0.0001025509787,0.2782276827,0.5625150058,0.9999780898,0.4208932501,0.6110598435,0.999978177,0.4280282769,0.4303910475,9.671313925e-05,0.4042161595,0.488024683,9.685535655e-05,0.6610472362,0.1152345042,0.0001006050367,0.4135068255,0.298420888,0.9999780018,0.5700993187,0.1877893541,9.668789778e-05,0.2235210889,0.7536948052,8.997828669e-05,0.5958689287,0.4391420654,0.9999774999,0.4977940348,0.3361779024,9.688303136e-05,0.423773608,0.4126654246,9.704475349e-05,0.6465279826,0.5897637298,0.604452119,0.4860333094,0.2401390773,9.694970556e-05,0.6231614243,0.3259406453,9.643312124e-05,0.4570594535,0.575613738,0.9999596219,0.2938706762,0.5533088514,0.9999780262,0.6324566779,0.1284795362,9.687332372e-05,0.2040345176,0.6309596729,0.2033900994,0.567372124,0.1887681711,0.9999772512,0.3920794185,0.3218434942,9.697078941e-05,0.2957556017,0.4432630787,9.723545406e-05,0.3946210745,0.5015277264,0.9999779945,0.652084294,0.452179119,9.684937106e-05,0.4967346161,0.3858591243,0.9999781574,0.4672912761,0.4713319316,0.9999781618,0.6202184021,0.2417906227,9.086506556e-05,0.3812666594,0.6857637373,9.696427826e-05,0.346217981,0.3679933702,9.675314631e-05,0.5088120777,0.4857729906,0.9999780306,0.5297423295,0.3915653826,0.4969924755,0.4818164309,0.2440797822,0.0001059959402,0.3163018165,0.5414070646,0.9999758304,0.3257893169,0.447723241,0.0001195405781,0.5242829559,0.30393773,0.4841974775,0.5746202524,0.1708758783,9.088212292e-05,0.6999415868,0.1060086127,0.0001019707926,0.4293793879,0.434283679,0.9999780468,0.5323060498,0.5495265591,0.7236150593,0.4943786,0.2323658809,9.685646178e-05,0.6678288268,0.4614810857,9.764858811e-05,0.3571850208,0.5880973747,0.9999787093,0.65880831,0.3248410883,9.720530891e-05,0.5526913153,0.3688992981,9.716057702e-05,0.4207511025,0.5031191767,0.0001020410043,0.4085443965,0.293571959,0.9999779601,0.5305942279,0.4193046946,0.9999726894,0.7033670422,0.09964514318,0.9999780444,0.1931250516,0.6269159839,0.9999779891,0.5929618133,0.1634628178,9.726404395e-05,0.6157218674,0.2266252484,9.676727642e-05,0.4270927479,0.4073455437,9.680091215e-05,0.5015470749,0.5801289885,0.0001066534458,0.2808395969,0.5129753141,9.704720938e-05,0.522300805,0.4570517122,0.9999780006,0.5411185077,0.2869423707,0.9999780064,0.3922715594,0.5389902774,0.9999779562,0.4642020763,0.3595393831)
