mCurrentIter=100
mCounterStuck=0
mYPrev=-19.09956459
mParameters.n_iterations=100
mParameters.n_inner_iterations=1000
mParameters.n_init_samples=100
mParameters.n_iter_relearn=1
mParameters.init_method=1
mParameters.surr_name=sGaussianProcessML
mParameters.sigma_s=1
mParameters.noise=1
mParameters.alpha=1
mParameters.beta=1
mParameters.sc_type=SC_MTL
mParameters.l_type=L_EMPIRICAL
mParameters.l_all=0
mParameters.epsilon=0
mParameters.force_jump=20
mParameters.kernel.name=kMaternARD5
mParameters.kernel.hp_mean=[1](1)
mParameters.kernel.hp_std=[1](10)
mParameters.mean.name=mConst
mParameters.mean.coef_mean=[1](1)
mParameters.mean.coef_std=[1](1000)
mParameters.crit_name=cEI
mParameters.crit_params=[0]()
mY=[200](420.3955461,24.24240292,-19.67501539,24.78793489,193.5302201,581.1039391,-2.394403788,474.5435512,6.972310406,13.71294921,-10.81739418,36.96501469,-15.36744085,-41.82431599,-14.16212261,7.348183714,27.13516089,3.105738544,16.08853075,-25.87869361,409.6401107,40.6445564,74.43608342,-26.58334052,31.87973941,-17.00060856,10.86149521,-1.377337489,12.40507254,-21.85292456,-14.12266416,-22.48525687,123.2086692,165.9101223,109.2908292,-3.091909818,37.04493593,-19.91682795,37.97793119,10.96980656,-4.470324108,-30.55644412,-8.118378056,-0.9228626475,-5.397994271,-37.32066141,-5.760725826,33.8864955,-1.773096087,1753.603641,61.42350639,52.33411809,848.2977258,-40.4891035,25.5325559,-28.96065678,87.20375357,51.89738952,9.489458978,-9.57152937,144.3577214,17.99107717,-38.43407707,-4.699337188,12.09185837,-25.28848911,128.6900441,-0.7327433304,11.57558995,-8.881791442,269.548032,26.87556097,378.1917146,-11.60861042,-38.13608396,17.69454683,-31.03853054,26.40194949,41.75844562,28.34219802,-10.95969632,-18.11987457,2162.577675,15.96718625,29.64483555,88.017406,4.835363607,9.630980941,-17.19925972,6.043114441,-25.3544377,939.983238,19.07487082,113.3258729,-8.141564219,244.8758461,79.32832165,53.39369347,-20.67187141,17.86986927,-40.12421989,-41.48670392,-38.30870341,-39.0882305,-37.91078344,-37.04666797,-42.09209017,-38.59076454,-33.88733792,-43.12833616,-38.27797756,-41.30149065,-31.44338543,-41.13079602,-41.7783257,-29.95560074,-28.54313998,-43.6264086,-39.84521868,-39.6955486,-36.89217489,-39.62213858,-28.81570509,-41.65509343,-38.78226315,-43.48621216,-34.52295513,-39.39575227,-39.54365275,-27.24622689,-40.3802093,-36.51752936,-37.24091527,-37.18772365,-38.16219436,-34.33170798,-30.79898645,-19.81270964,-42.83543879,-40.18898237,-39.57013861,-44.14954498,-33.08852108,-34.48885125,-36.11742348,-40.87726532,-39.75436862,-38.84985273,-41.27316168,-16.54169227,-31.93276607,-39.9781544,-24.86085296,-38.05225567,-42.49509189,-42.10302562,-35.74446151,-25.66141655,-35.22580604,-21.72724181,-34.70683399,-41.41353747,-36.9888339,-38.94020736,-41.72666442,-41.54860379,-40.15788527,-16.2186881,-38.41962196,-33.63205194,-40.57407146,-25.96812984,-41.11639989,-34.05506602,-42.01940836,-35.54911998,-35.48478388,-42.74764003,-30.36065819,-38.603895,-37.57625137,-36.10632523,-28.53239034,-41.56880519,-40.85207975,-32.36927257,-44.63932057,-38.1997472,-36.39575675,-40.73107608,-28.18703129,-40.123008,-42.28854788,-31.81365387,-42.10976926,-32.7285333,-28.30884107,-41.10745912,-42.58714176,-19.09956459)
mX=[200,3](0.2946472771,0.275755001,0.1548238405,0.5188573095,0.7680500957,0.895184424,0.7007211035,0.6234930614,0.1973087962,0.4414886105,0.3738300717,0.2893091909,0.617105825,0.0770922489,0.5575375836,0.6869602645,0.2696753661,0.1668516737,0.05670202935,0.5062983269,0.1492733014,0.6532786545,0.3355795062,0.1163694111,0.5640423677,0.9125703947,0.4993694433,0.06568701798,0.1031554532,0.8209916671,0.169393389,0.8313073126,0.3814787403,0.5310703087,0.2472750955,0.9911906618,0.972962523,0.6002983645,0.2983378653,0.3613800477,0.4896791079,0.4667126204,0.9568196198,0.550357643,0.4313005737,0.1382596184,0.160412169,0.8305079341,0.4754534622,0.5126865302,0.9704558247,0.0406013127,0.7173017531,0.7649393646,0.7532312572,0.9806866965,0.085595787,0.01709087446,0.7346919129,0.4067165076,0.3846902876,0.1320325478,0.3217710009,0.1802841203,0.05148947449,0.7453428165,0.2684602196,0.04839557708,0.6757192537,0.2439469128,0.3960985026,0.6630410446,0.03410748822,0.4234757667,0.1765071074,0.1106941646,0.2840259019,0.7228564302,0.004001713253,0.8454783004,0.7070692437,0.7676515826,0.5344772951,0.2297235309,0.6698819789,0.3025692351,0.7588214748,0.3002936095,0.2937704452,0.6251164011,0.2804202318,0.8282489235,0.101286945,0.4020143134,0.3500254509,0.4216486293,0.6295750864,0.2224938523,0.4147082706,0.1746138826,0.1556202905,0.358828916,0.5792394034,0.02147253725,0.6539587119,0.1018868337,0.8870643863,0.1204899369,0.5537426891,0.1282512533,0.9510148246,0.3414539079,0.6754071353,0.6187092636,0.9157928379,0.06531615973,0.9357981581,0.5968132958,0.9465461005,0.37911879,0.4637672575,0.4757257071,0.8002440894,0.5201842644,0.6686500694,0.2513579058,0.7227255165,0.4384862341,0.6918754291,0.6384370163,0.4575655976,0.7932968249,0.4993063236,0.5448135976,0.074513172,0.02097512854,0.5826345235,0.4824808192,0.2162010909,0.190007285,0.6005999256,0.7887331726,0.182992638,0.8539715883,0.8939053619,0.8764278404,0.2475893278,0.9082172657,0.1127054089,0.2328058646,0.8710496677,0.3833602203,0.3483560365,0.43210746,0.9330678232,0.9803508976,0.9208987072,0.03512340066,0.3911026057,0.3537473379,0.6468565639,0.2660888379,0.2208254738,0.9920655965,0.5774695531,0.08279945883,0.6552774299,0.5241892535,0.813356655,0.006990531522,0.6860895541,0.7344157427,0.4621079027,0.05666685363,0.5072613336,0.8973319666,0.01769103335,0.09189356712,0.6908429204,0.137936421,0.8421967572,0.3664610452,0.210768602,0.3757341672,0.9641544798,0.5031664285,0.4507120227,0.5978725677,0.4781179915,0.9315299568,0.4945215079,0.454271663,0.8692041718,0.8118713989,0.7718735499,0.6768864782,0.4438145006,0.5390100173,0.7774315162,0.01645608343,0.6335372628,0.6989965305,0.4105549287,0.7390342314,0.3312567146,0.20931467,0.8427296355,0.4879151957,0.4089349124,0.3141880964,0.7403615433,0.08357865927,0.5190243729,0.7191133352,0.8515484107,0.8673686447,0.8099936952,0.2199656736,0.3393437445,0.9654920477,0.7484589727,0.5453928068,0.4255764303,0.6373901132,0.2720637044,0.07037672716,0.6807355175,0.875821549,0.8272169712,0.7066979091,0.09048154947,0.9406047389,0.7216494551,0.9084100884,0.2573236702,0.9097522436,0.9101401183,0.150434888,0.8078230713,0.8850757073,0.8586879076,0.756480056,0.5872518955,0.1443628386,0.5231110763,0.7159043211,0.5855073231,0.2307563613,0.02188662274,0.1235068163,0.09863110486,0.8139448982,0.5492396919,0.2590528356,0.9419834368,0.4157664611,0.9708429774,0.005724055981,0.9801318244,0.8600227314,0.5931870717,0.9966324047,0.61881757,0.7850417973,0.8315399474,0.7788652089,0.442122597,0.3140545931,0.9221165001,0.06307100551,0.2026979894,0.5783916251,0.6413626903,0.8802144578,0.1467456905,0.3016512275,0.3922404173,0.3148061801,0.9234031891,0.3289628084,0.3232773736,0.2065731732,0.6476566825,0.5665348341,0.04277201992,0.7996506037,0.3406902043,0.1869717579,0.601343174,0.1718061451,0.5656506385,0.2362643549,0.9555683432,0.9614431592,0.196593444,0.785133197,0.3636481245,0.2773323575,0.7901660107,0.03225851491,9.730212514e-05,0.4449128515,0.4338941452,0.1387231166,0.4881053454,0.3784129347,9.689655381e-05,0.3961302547,0.4989722362,0.2190968642,0.5115664297,0.3510262081,9.690513128e-05,0.3846183591,0.5129158764,0.2606188208,0.5105543531,0.3529996272,0.2025248419,0.4427091155,0.4499933728,0.2606840787,0.5339311982,0.3201817326,9.689462471e-05,0.3488639055,0.5498048127,0.2775816261,0.4633887052,0.417173668,0.3122858139,0.5424666885,0.3134114263,0.2376001969,0.4214284121,0.4850222267,9.736308719e-05,0.3297759096,0.5728039412,0.3778450376,0.5108126523,0.3536353541,0.2951918155,0.4397539175,0.4634077597,9.710220956e-05,0.5798282041,0.2856540495,0.6813021858,0.7377425559,0.2766120863,0.4436153626,0.5327380634,0.3343149772,9.693982965e-05,0.4412156556,0.4164905028,0.3178878428,0.4110540135,0.5147839444,0.509060272,0.6496695881,0.4080060941,0.4002119403,0.4804635737,0.3995355777,0.0001039561292,0.304662977,0.597972946,0.3874526252,0.5679299383,0.280487564,0.3206985616,0.404113751,0.516655928,0.3728464215,0.4809081345,0.3908911427,0.4922376437,0.6686790048,0.4023875306,0.4097576795,0.5290818552,0.5138422919,9.689032558e-05,0.4571609999,0.3904782268,0.6109950005,0.7583468472,0.2485960274,8.93493318e-05,0.6129324265,0.2682212046,0.4087107165,0.5553796923,0.2804473925,9.685180263e-05,0.3772597539,0.4839364507,9.694658714e-05,0.4864195613,0.5489206222,0.3057011603,0.4679815537,0.3852778618,0.342227575,0.3784170911,0.5457347088,0.6036522053,0.6123697232,0.5505686384,0.3161674293,0.7435245258,0.5236855385,0.3850766489,0.5964727095,0.3722498511,0.3768661912,0.4539905888,0.4292474113,0.3737780525,0.5994438232,0.2272074605,0.4264046811,0.5173311411,0.3232645337,0.2846358625,0.7184768087,0.2637079078,9.694587488e-05,0.4959316012,0.3450039787,0.3005340212,0.3756066579,0.546362267,0.3613159938,0.595288591,0.3998101235,0.3738186516,0.5023279795,0.5265171863,0.4633073521,0.5116335722,0.3356503427,0.2563581345,0.4289441783,0.4343089426,0.3908632485,0.6171070658,0.2041293405,0.5650661466,0.7013665272,0.3825287544,9.682168576e-05,0.6010169254,0.4038779843,9.850703317e-05,0.2742721858,0.6258148604,9.676685677e-05,0.4033007428,0.4365556106,0.3727951593,0.4699274956,0.3970888859,0.3675148581,0.5494441467,0.4705205919,0.3228882815,0.3763681934,0.548247307,0.5900023627,0.6126467829,0.6060406238,0.4342142674,0.5318842602,0.3046192097,0.5159536698,0.7869982684,0.2570072238,9.563291961e-05,0.4601802417,0.5904751183,0.3294735719,0.4395401104,0.4441975402,0.2465623035,0.6528056076,0.3843950131,9.708076683e-05,0.4881561152,0.3546894052,0.2535149262,0.5339619071,0.4712379269,0.2684216641,0.4294165244,0.436229628,0.5279422318,0.5953649336,0.3592030588,0.3352905222,0.7521133421,0.5555956214,0.3656183178,0.4744872337,0.5447577509,9.698702034e-05,0.336722477,0.5176739925,0.3460492099,0.4838130251,0.3562217446,0.9226738404,0.7050061987,0.2269436749,0.2638927041,0.414380765,0.460252623,0.5028341833,0.5585698319,0.2691365017,9.695490338e-05,0.5430543583,0.4471603143,0.1885559167,0.6733365638,0.3245814168,0.5768659562,0.6512598779,0.4422103496,0.3718298119,0.5502371958,0.4241691737,0.304870154,0.3472401288,0.5887646062,0.2833968963,0.4589513938,0.3916934012,0.4681214368,0.6775626541,0.1751103808,0.3983063834,0.5270074647,0.5682880456,0.5185992497,0.7341804736,0.3672447201,0.2986481856,0.5881455654,0.3507318548,0.3470224088,0.4274671531,0.4784919588,0.1597728976,0.5235587937,0.3046004474,0.4705076043,0.4970962729,0.4043567677,0.09004827679,0.4050964129,0.440644506,0.2763012594,0.6148206187,0.490364008,0.5615601174,0.6146142772,0.2989424545,9.702305391e-05,0.4046033162,0.6476279265,0.3266016858,0.4513716188,0.5323371491,0.4567719444,0.4963882609,0.3852853858,0.2906778042,0.3426178741,0.5797687066,9.731059775e-05,0.5088199128,0.4753905522,0.4080304784,0.723675768,0.213413458,0.3195757455,0.5848230577,0.2390177411,0.2106053371,0.4503949285,0.3999630321,0.3986689194,0.5490163142,0.4244065542,0.5039834518,0.6520613507,0.6445994896)
