mCurrentIter=100
mCounterStuck=0
mYPrev=-33.11889648
mParameters.n_iterations=100
mParameters.n_inner_iterations=1000
mParameters.n_init_samples=100
mParameters.n_iter_relearn=1
mParameters.init_method=1
mParameters.surr_name=sGaussianProcessML
mParameters.sigma_s=1
mParameters.noise=1
mParameters.alpha=1
mParameters.beta=1
mParameters.sc_type=SC_MTL
mParameters.l_type=L_EMPIRICAL
mParameters.l_all=0
mParameters.epsilon=0
mParameters.force_jump=20
mParameters.kernel.name=kMaternARD5
mParameters.kernel.hp_mean=[1](1)
mParameters.kernel.hp_std=[1](10)
mParameters.mean.name=mConst
mParameters.mean.coef_mean=[1](1)
mParameters.mean.coef_std=[1](1000)
mParameters.crit_name=cEI
mParameters.crit_params=[0]()
mY=[200](31.89681406,322.1072799,4.58969987,1442.758005,270.6797638,44.10903383,26.70896784,21.97735987,22.46114823,36.981158,35.40866742,812.9751542,-12.20034958,2967.087662,-25.35165568,-22.32818669,-14.16629526,261.7313489,45.21796942,-27.59175219,19.97086354,-21.09349769,54.6534967,45.33068791,9.250283179,-27.15635637,74.72080328,47.29619322,1197.776297,-32.64546116,6.437982782,28.07546505,16.6333537,41.83453177,31.25527376,-3.169836725,-4.14023164,1603.149171,-32.48061585,52.6466554,26.70680324,15.13403944,32.5628965,39.5938482,35.55928304,-38.1960487,73.59642983,-31.08850637,289.8999914,-6.600650227,-2.549807001,-23.55042262,31.55859629,60.6801361,-11.53356187,10.92771141,-14.1127182,6.549525782,1601.771252,-19.88884755,14.02412336,961.4668291,22.45731149,-33.49942437,55.26330696,38.44862812,40.54007582,3.223888413,24.24985443,-36.70304014,72.33586711,18.01343189,-33.81366324,-11.80622672,25.83648931,60.79415154,14.0564172,-29.67206212,-22.90006832,722.0015996,25.61725619,36.64484094,41.99080494,38.99421938,7.522161331,42.13894128,50.10418014,-28.29383112,-8.351695278,17.59581994,-20.89020107,37.0190401,32.85240059,97.16357852,25.54448471,-36.60084394,48.18187861,10.2300746,14.22540037,6.58096136,-35.23937395,-36.24688923,-11.63553779,-33.99693978,-36.71285452,-23.19825319,-34.35966162,-3.287897337,-36.32528799,-35.84416683,-23.56981303,-30.61356925,-36.42341204,-27.13801738,-33.60464291,-21.67436548,-36.29320186,3.817200095,-37.44424631,-14.66874545,-34.58010674,-37.09033976,-30.00783436,-33.56266202,-35.19997464,-35.00893429,-30.08479221,-36.62833069,-14.73990559,-38.4411054,-7.746098783,-36.70263879,-34.13919711,-32.43553575,-30.76359649,-36.81012577,-33.91932643,-36.73571415,-30.26115809,-2.261583215,-6.50332649,-37.75238809,-36.57483502,-32.62559975,-32.30032985,-36.36675099,-20.24401761,-24.61931611,-37.88336646,-25.61576243,-37.20159269,-36.06210582,-36.86322043,-30.56117431,-17.40140863,-35.00638143,-34.9255002,-34.41628564,-24.55971732,-35.57189277,-36.63739049,-25.54554691,-5.20328347,-37.95920241,-37.59816252,-27.5774947,-22.04217783,-36.761244,-19.83385629,-36.88737929,-4.442959335,-38.07060111,-35.49276575,-33.03034646,-33.69756696,-21.69842003,-36.49035904,-29.66568346,-37.23646458,-20.41083681,-33.72250196,-37.79581377,-37.09248885,-36.41803001,-34.1251299,-38.19278158,1.087213985,-1.4861336,-34.70490351,-14.97286936,-36.70206776,-37.54980891,-29.56578994,-38.43245616,-23.1798675,-34.27665485,-37.32170408,-36.46105732,-26.20848301,-33.11889648)
mX=[200,3](0.1975629665,0.6720797221,0.8431818587,0.5982224773,0.150548108,0.2762701842,0.7426474386,0.5208769494,0.7293014118,0.3400772714,0.05641638675,0.2094155316,0.4813986441,0.1017070335,0.3548743999,0.8412178623,0.1218433284,0.933750645,0.0941596039,0.86105773,0.6140592065,0.7845902757,0.7663136447,0.7317254707,0.5420020123,0.1759364691,0.7714348153,0.05008135132,0.9103610549,0.6400265259,0.8968307777,0.2505402472,0.5850082387,0.6541981981,0.2023043869,0.1337079303,0.3923769583,0.2422978514,0.564492121,0.3791391451,0.1363425732,0.00491509777,0.5542866417,0.6458830119,0.3445418547,0.08607098953,0.4797045234,0.5723460035,0.2908947933,0.7137495826,0.3633400745,0.9172890572,0.4383767018,0.01555535062,0.5277292698,0.1950007637,0.9517468311,0.8267012429,0.6336193556,0.1684284235,0.9769831744,0.9042344239,0.047184506,0.6227430264,0.6882110091,0.2607886459,0.3105851805,0.7527286267,0.9414371463,0.5058790929,0.9438561005,0.6988253001,0.008001251817,0.4123529548,0.1115656381,0.8747720673,0.5153958319,0.3137822238,0.7656414557,0.02125290563,0.6005576876,0.5768566974,0.7230056486,0.9227492456,0.4526229732,0.2882248588,0.03514091675,0.3289083124,0.4503518806,0.2509870459,0.9255340882,0.7882279948,0.5111075388,0.1053727052,0.9331706797,0.3068039134,0.2104556936,0.6290797052,0.7680198534,0.733363815,0.9931398798,0.0557659078,0.1324962338,0.3757451288,0.8987864558,0.4178618516,0.4485678467,0.7137693368,0.4297775079,0.7901281251,0.1862674014,0.1738319691,0.1809038014,0.09477711495,0.1146525756,0.5951097478,0.1058548256,0.06365822031,0.9501097964,0.7502315205,0.8340155899,0.9241877153,0.2900217257,0.9372104608,0.8085551716,0.5981205678,0.2300371341,0.06867394631,0.852451893,0.03054620703,0.01384977593,0.9001511283,0.6956207117,0.2952734114,0.2836662023,0.2754737045,0.4635111517,0.3835337329,0.8160779033,0.9635621793,0.9633440716,0.7517483741,0.4833605377,0.2303745604,0.8592799608,0.08882781919,0.4209248177,0.9441909187,0.7035339462,0.4870022223,0.6719872433,0.3536883321,0.6640086671,0.866483395,0.5039235216,0.4480835991,0.6842297509,0.2607258442,0.8653721978,0.9952846685,0.3134557362,0.416062445,0.2205454299,0.5467403461,0.6205918285,0.5674323035,0.2216721069,0.6718035022,0.2667380622,0.3926323697,0.2171067257,0.3367240707,0.8276081292,0.02982308301,0.7724731686,0.09024521761,0.1989036478,0.0121149555,0.691781247,0.06075621166,0.9542409091,0.3607691592,0.6543123049,0.1438680773,0.1421370687,0.1588789632,0.8805842232,0.6532999922,0.7981413907,0.4460240116,0.5831024415,0.3359510125,0.0768345985,0.6090757986,0.9824543153,0.792941991,0.3863264048,0.1246399863,0.6637919243,0.975659549,0.08517552337,0.02758077719,0.7768850933,0.4719985186,0.9678958529,0.6160963045,0.8122785465,0.4743743167,0.4965973563,0.2400124176,0.127426475,0.8487080107,0.9939176211,0.494023439,0.8769935026,0.3766480598,0.512605316,0.5774950651,0.3282891751,0.3627493737,0.2381813905,0.5563481186,0.7026899772,0.8331550065,0.6857277537,0.6142708124,0.1641925818,0.4924009854,0.4094035739,0.3379220501,0.8061958743,0.3092031373,0.5540287962,0.4547568334,0.3870997732,0.5672237149,0.5287758382,0.9095357828,0.2187510686,0.1735177451,0.8038100277,0.3449082695,0.8310498861,0.7231625023,0.07732038322,0.7009064307,0.9897245532,0.6608982725,0.9102756658,0.2452988498,0.981639403,0.1443828015,0.5893149642,0.8133372114,0.4643412191,0.6369648038,0.7402642721,0.8853980964,0.1848157124,0.03309598969,0.6309649422,0.2839200204,0.3283909899,0.5333900444,0.1521911739,0.7323420938,0.4028781125,0.3565696606,0.8919222236,0.07575905606,0.7172580091,0.4237065519,0.2227598477,0.2591203048,0.003100391801,0.8745238401,0.4676413785,0.04158578087,0.8262353202,0.6060189576,0.1125539835,0.5074852856,0.5348381852,0.8893706997,0.5431887563,0.2041942969,0.4076960059,0.4382904448,0.6467006957,0.30185825,0.971934643,0.1616137134,0.2759708966,0.7835984421,0.432714539,0.8586666892,0.3929663875,0.04127764138,0.5334280421,0.7420041773,9.702575479e-05,0.5363464835,0.268102896,9.700824005e-05,0.4974983191,0.317682761,0.9999779991,0.4815426867,0.3311827305,9.700814409e-05,0.5662506459,0.2385565762,9.700321293e-05,0.4579640983,0.3774468958,0.999985089,0.5574938091,0.2402025655,9.523293243e-05,0.5668551968,0.2331797195,0.9999779939,0.4484168021,0.3806865583,9.702210309e-05,0.5035193387,0.307095057,9.730495404e-05,0.4208868308,0.4418506362,0.9999779752,0.5723208633,0.2200371925,9.70973358e-05,0.6074429963,0.213626791,9.709601559e-05,0.495027929,0.3174447946,0.8732038091,0.5061290697,0.2908653014,0.0001059467309,0.4058401478,0.4720900901,9.682483569e-05,0.6862234194,0.202711408,9.719199956e-05,0.5177858806,0.2830042071,0.999978033,0.4243204167,0.4439758035,8.994533185e-05,0.4827838863,0.3333982863,0.9999842085,0.6919967509,0.1796848948,0.07729279922,0.5536533145,0.2295935195,9.70225087e-05,0.4695174066,0.3518152318,9.717145289e-05,0.3880824603,0.5252909384,0.7948251685,0.5367076059,0.2457614081,9.707550085e-05,0.5561010161,0.2334229097,0.6880446322,0.482320079,0.314562304,9.678516497e-05,0.5713089446,0.4114104004,9.702336092e-05,0.4514014917,0.3695566567,9.678015524e-05,0.7265095829,0.218813205,0.6061289619,0.5379244948,0.2441320249,9.817254163e-05,0.6483358918,0.565954565,9.703028661e-05,0.5233336872,0.2757690657,0.6914915124,0.4738712978,0.3274288991,0.8129501173,0.5808010156,0.1995392056,9.679616284e-05,0.3938223523,0.5187311505,9.728140644e-05,0.445470553,0.3767618631,9.014854177e-05,0.5721053193,0.2168495659,0.503425279,0.4997603727,0.289015338,9.662311668e-05,0.598802704,0.3275658045,0.9999781535,0.4461354018,0.5119958624,0.9999780716,0.7522951611,0.2235497089,0.3499653795,0.502411156,0.2836652621,0.0001055716616,0.4345138526,0.3858321181,9.688639732e-05,0.5220192659,0.4371994877,9.678301432e-05,0.6031310276,0.1929912654,9.70333658e-05,0.5071725733,0.2796311886,0.999977974,0.5374595752,0.2565888265,8.944030033e-05,0.3615309216,0.5668450115,9.723123971e-05,0.4840372822,0.3153137977,9.697735781e-05,0.636094767,0.28160606,0.2032911891,0.4261290576,0.3851649361,0.6610608763,0.4614129878,0.3333001732,0.2695973494,0.5241115011,0.2411087417,9.682255257e-05,0.4918142547,0.4855500292,0.9999779994,0.6033508512,0.4086753778,8.743257366e-05,0.5067601033,0.2819285144,9.698416157e-05,0.386583357,0.4454897229,9.709928463e-05,0.5354727742,0.3746605344,0.9999777856,0.6104337609,0.1761091747,0.6211086174,0.4569109645,0.3388025812,0.3762219629,0.5310609763,0.2361630308,9.679427002e-05,0.6563103762,0.1729855981,0.9999780315,0.6162490489,0.5735150677,0.494030763,0.471691262,0.3189856248,0.3295425204,0.5353756294,0.225402668,9.749315293e-05,0.4623412664,0.5329381986,9.649431624e-05,0.6215419533,0.4474754981,0.0001055731499,0.4230642019,0.3984844188,0.9999780049,0.6334913022,0.2879845873,9.709710674e-05,0.4967923174,0.2955984083,9.78428919e-05,0.7758381401,0.2120100741,0.5525949328,0.4952869329,0.2896990673,9.686442193e-05,0.5001024447,0.4014868265,9.694602815e-05,0.3621868919,0.4842544866,9.974643858e-05,0.5554440655,0.2130963679,0.8159815841,0.4242230071,0.3949104422,9.732393002e-05,0.4727740367,0.3189013866,9.688341755e-05,0.609060456,0.294398797,0.5200862956,0.5174191813,0.2524728322,9.64885681e-05,0.3502515096,0.6036511514,9.704367644e-05,0.478848119,0.4592952871,0.4529363397,0.5026131371,0.2759427993,9.700279911e-05,0.4471049568,0.3562099821,0.254197664,0.5647897874,0.1951388865,9.714427716e-05,0.5478856062,0.3352891521,0.5005886074,0.4991360247,0.2803707804,0.9229474929,0.3865541706,0.4899542274,8.807342965e-05,0.6742051517,0.6038390967,9.706472914e-05,0.5152996725,0.258514305,0.9999780601,0.7010361357,0.1176844837,0.5964353802,0.5630445363,0.1980753429,9.792807819e-05,0.4326533573,0.374238361,9.805592373e-05,0.6283180578,0.1888537489,0.4512745911,0.4745044664,0.3083303555,9.178900346e-05,0.467881291,0.5674698537,9.687194342e-05,0.5115788174,0.4033826567,0.523801551,0.522003447,0.2468092246,9.656591676e-05,0.478427272,0.3076497301,9.695885695e-05,0.6451189854,0.2835081029,0.704295587,0.5812164099,0.2715515496)
