mCurrentIter=100
mCounterStuck=0
mYPrev=-8.663834647
mParameters.n_iterations=100
mParameters.n_inner_iterations=1000
mParameters.n_init_samples=100
mParameters.n_iter_relearn=1
mParameters.init_method=1
mParameters.surr_name=sGaussianProcessML
mParameters.sigma_s=1
mParameters.noise=1
mParameters.alpha=1
mParameters.beta=1
mParameters.sc_type=SC_MTL
mParameters.l_type=L_EMPIRICAL
mParameters.l_all=0
mParameters.epsilon=0
mParameters.force_jump=20
mParameters.kernel.name=kMaternARD5
mParameters.kernel.hp_mean=[1](1)
mParameters.kernel.hp_std=[1](10)
mParameters.mean.name=mConst
mParameters.mean.coef_mean=[1](1)
mParameters.mean.coef_std=[1](1000)
mParameters.crit_name=cEI
mParameters.crit_params=[0]()
mY=[200](45.82467856,11.31618282,301.8738344,51.77338035,3727.711292,921.2243156,38.75018413,11.31858891,24.53623942,-7.33226431,64.12636975,138.2338844,1064.691358,-2.603320937,76.87953366,58.02587936,-4.75626674,2.879060876,45.42077129,14.1559917,5.829105731,27.0600734,6.695034869,2.52193079,28.03003441,140.1356962,49.61192233,-4.665389402,12.27265754,46.04998447,-8.388030844,18.62633951,34.88010888,31.58466643,-2.949412243,16.18439931,442.5108941,42.76057806,1613.636311,20.27388158,220.2048321,21.23153304,-13.08627503,15.88932544,13.01971638,27.03931512,202.4702306,-0.9436357812,37.43701946,-3.625141584,39.39003382,9.244198977,27.51701172,4.63050249,-0.6974474893,39.6744194,9.788938818,40.2999185,3458.301781,24.21821772,55.02694491,9.672743459,16.8905998,30.82372856,11.2752432,51.96300876,543.343106,178.0094378,-12.30569159,-2.670933469,1528.169824,28.55776546,46.28300481,37.64975689,52.38559482,50.53160859,35.43576213,-8.867103949,586.7595862,56.33686297,40.51867323,56.44546777,54.63237349,13.42880025,-3.541382017,41.10002744,40.2214558,2671.253023,13.15544562,53.56050013,1857.021686,624.6387626,161.7583811,28.62402749,-8.55752096,3286.84559,-5.301447201,14.65134261,22.59855906,1890.439542,-2.545542881,-2.44810269,-17.35982777,-2.746574194,-13.05091479,-18.6402848,-3.021175172,-1.623184893,-13.94323288,-18.8614052,10.23325609,-12.42475955,-16.9901407,-16.72531245,37.95384455,0.1676064748,-18.71218903,-10.36798192,5.580489191,-12.77116596,-12.60464408,-13.51906754,17.88713921,-18.53560839,-0.7035453658,-11.01232019,-9.068976913,-16.41779058,-5.944778459,-1.914243979,-18.09000126,2.348492369,-11.51992237,0.3066046644,-3.304087827,-16.22089526,18.35039408,-16.78668255,-7.79547546,-9.782234885,-18.513109,-11.22859295,14.6096734,21.86355171,-0.3127577404,-5.291699925,-8.239506174,-17.95400629,5.014115004,-10.20312101,-16.64193824,-11.85482047,-10.58706784,-4.1573039,-18.74577391,-3.576453423,-12.72782984,14.73033438,7.294582021,-14.2062319,-11.63895472,22.08292529,-17.9078004,-12.55352995,5.588688609,-1.235058245,-14.84674712,45.50507996,-8.443112782,-15.99160987,-13.90709249,-5.109797367,-4.364022485,4.44395869,-8.183109231,-18.50256194,0.08360633059,-2.154301614,-3.84263113,-15.37168076,-15.42607054,-0.1689881465,0.01545230559,-15.33786518,-2.158100542,22.04630527,13.52392844,-13.46298149,-18.73122863,-12.8621145,3.256478417,-13.44273973,-8.7424443,14.97679487,-17.13977521,-15.85575809,-11.3943521,-12.74987232,-17.55927288,-8.663834647)
mX=[200,3](0.7427236497,0.416586408,0.9268310707,0.7907232388,0.4914400835,0.2178206718,0.05486007146,0.02966451732,0.444503289,0.4811635765,0.3390105791,0.9800031463,0.3458083719,0.5447502715,6.701613311e-06,0.4561284818,0.2077290133,0.135632531,0.2179851135,0.9296210661,0.5296101124,0.6017184114,0.8247390599,0.1596186826,0.0824760942,0.841089557,0.5618362493,0.3228397738,0.5117996758,0.2855135833,0.6123435682,0.9032163354,0.9082871935,0.1474705536,0.3671418296,0.170663154,0.8237559964,0.1149205438,0.2710439917,0.6628831365,0.7477638002,0.09577321056,0.4103522356,0.9930925135,0.9163180306,0.2058184851,0.9738623561,0.0112168018,0.2822227899,0.6812769237,0.4339160012,0.2940225959,0.7595347531,0.2398132445,0.6427677238,0.9178263634,0.7073063556,0.3067448627,0.2218508791,0.4295656606,0.7786853323,0.7851008143,0.3008026038,0.4765556438,0.2639911679,0.3846689254,0.7000755104,0.5213981375,0.1155952924,0.01106890603,0.7605668961,0.1290594715,0.8773450554,0.3892925679,0.7441367345,0.3924266251,0.01444739281,0.5859088063,0.6831514491,0.3429679378,0.3134673569,0.4458860353,0.7145368346,0.2930893118,0.3893141599,0.5349926009,0.7591736544,0.6206722318,0.1249383068,0.8516139904,0.1304910664,0.6617410817,0.3388261614,0.2686172231,0.1549014377,0.5116242778,0.5195449427,0.8944820591,0.6016040209,0.930372047,0.4281529107,0.3663999751,0.543346008,0.5653913703,0.03689381591,0.8000937089,0.7971722546,0.5578735463,0.1955594952,0.05097826815,0.3563947807,0.5276482582,0.5024948947,0.9332753583,0.6588110095,0.1338413048,0.1665518485,0.1060553042,0.2748694592,0.8391631171,0.4218549551,0.3064972229,0.1845203448,0.5335096528,0.8784432684,0.1057018619,0.2260512289,0.2575937358,0.5346842027,0.5676537479,0.3507679584,0.7646675426,0.8472415163,0.8318179051,0.07661695855,0.5809012668,0.7770521104,0.7199844385,0.9608495231,0.4655830634,0.08785972126,0.7680455005,0.645292185,0.5730862451,0.4941355157,0.2899865464,0.8937497351,0.8907482765,0.67146766,0.4077163685,0.1579355328,0.9460946172,0.4774296419,0.9703557028,0.6218791093,0.05725022165,0.9422101324,0.3972768828,0.6320418615,0.1190397357,0.1417739049,0.6628552852,0.008022248549,0.5903470342,0.6233296701,0.1890832953,0.07821498504,0.8633295635,0.8304179979,0.4062322917,0.540102309,0.6757050282,0.1988648291,0.8048156912,0.8143825569,0.09162195705,0.02634401412,0.6346062731,0.8638187567,0.5062926849,0.9986507221,0.08819004437,0.9445028413,0.783302298,0.6035356748,0.6933823944,0.8628992241,0.5753901379,0.7313049657,0.8503584551,0.6329699449,0.8242984851,0.9528483638,0.8052682897,0.2651003646,0.5026717386,0.5834568413,0.9696691385,0.8871228885,0.1752140044,0.3213701439,0.9119003243,0.2490420939,0.4103028727,0.4080452391,0.4857172005,0.5936698204,0.03982060745,0.2163534755,0.4676554567,0.3628709048,0.2385073714,0.04137348086,0.06640380427,0.3278792475,0.8794228582,0.2442657321,0.8510001393,0.797953966,0.9857644719,0.3706651694,0.6530758735,0.2783025126,0.3194583434,0.9952137472,0.4608654103,0.9569885551,0.6847146081,0.6901504063,0.9365478758,0.3704393044,0.7263269118,0.6157265585,0.4810047847,0.022440385,0.16506059,0.1976780523,0.3336695651,0.9876449747,0.6792074274,0.161483038,0.6513785972,0.8822886332,0.2324364652,0.9669541266,0.7293144062,0.7152410559,0.5515187409,0.978523384,0.5526860801,0.4706045597,0.7722633824,0.0724813349,0.6967184209,0.3972327785,0.9070425308,0.2977304848,0.8142602425,0.3591165605,0.7318182577,0.8475832067,0.3775112276,0.040337671,0.1465846625,0.3167394984,0.4364071323,0.7876824963,0.9282283278,0.4511876469,0.9559890499,0.7315872026,0.001032145151,0.2416218264,0.7510110899,0.1807634652,0.2509626618,0.5700282465,0.108941307,0.4941612264,0.09425484175,0.8885488396,0.4537378558,0.1760406069,0.4461695943,0.3472806433,0.04762931567,0.06052375501,0.06871088732,0.4335359516,0.7006169069,0.2289894163,0.251544111,0.7239271657,0.647829285,0.5905328518,0.8188717238,0.6147722391,0.1261759532,0.03194479392,0.2084318849,0.9999668405,0.6198318051,0.2623608907,0.9999671681,0.6218163125,0.2619015889,9.691216386e-05,0.4804748671,0.4270617199,0.9999720529,0.6265515624,0.2594863019,8.916603826e-05,0.5675728191,0.3049244547,9.683520461e-05,0.4499779123,0.4654456074,0.9999781181,0.6759329411,0.2273792346,0.9999784374,0.6630472128,0.2325441809,0.2951715727,0.5461412498,0.3199841581,9.481765554e-06,0.4341822337,0.4961299276,0.9999820581,0.7964866798,0.1972604565,0.7028259667,0.559538165,0.3012556295,9.627554059e-05,0.3732218103,0.5599782389,9.687072204e-05,0.4901650707,0.3849116322,0.9999780789,0.9495826822,0.1877099514,0.9999844235,0.5977655116,0.2474048798,2.52188337e-05,0.4457613885,0.4665377673,0.0001035866076,0.5700251528,0.2804477849,0.9999780136,0.528068349,0.3727858231,9.672710811e-05,0.3332515736,0.6163517333,9.70866573e-05,0.5210328431,0.3408006714,9.681099643e-05,0.5367483353,0.5207771158,0.9999779769,0.4760701904,0.4724797652,9.653997941e-05,0.3837290718,0.5267167175,0.999977995,0.689041149,0.2135438488,0.1588767866,0.6003553488,0.2618105321,9.644635946e-05,0.32531678,0.6519832792,9.688849627e-05,0.4652847671,0.410410341,9.694409521e-05,0.6120419256,0.5420689875,0.9593865127,0.595337756,0.2492924367,9.676858767e-05,0.3753098445,0.5093182541,0.999971805,0.7446307252,0.2040719933,9.13742031e-05,0.5629321884,0.2879197388,0.9380418439,0.5559282952,0.2817967221,9.673132783e-05,0.4988659529,0.6538435926,9.693699126e-05,0.4734628141,0.4055147129,9.697348427e-05,0.8634460283,0.2272046739,8.96636126e-05,0.3350352291,0.5634033916,9.685150161e-05,0.6243957787,0.5021880291,9.722300539e-05,0.6342863527,0.2575418875,9.688373665e-05,0.4007519512,0.4693841807,9.695157856e-05,0.5079501713,0.3294611639,0.0001339949078,0.6509298912,0.7071019977,0.9999780739,0.4538790418,0.4956763713,0.9999705278,0.7214380675,0.2044189759,0.0001141703781,0.286178271,0.6830941534,0.7708452983,0.5612266993,0.2625726881,9.718903013e-05,0.3376972737,0.5577752053,0.9999757227,0.7593494848,0.197396203,9.677087013e-05,0.5142441434,0.5836054358,9.747316917e-05,0.4392327243,0.4225197141,0.7151826609,0.5591913252,0.2609828936,0.6691482639,0.5219276923,0.300516349,9.66766356e-05,0.664412183,0.4936664476,9.694851507e-05,0.3689694706,0.4982036414,0.0005868816368,0.4072605717,0.6829277607,9.6832492e-05,0.4937621105,0.3492667342,0.9999821988,0.8261352523,0.1874490002,0.9999781755,0.6199095438,0.5774249747,9.965113413e-05,0.2919896171,0.5914721434,0.2065921617,0.6330420236,0.2423448318,9.660931199e-05,0.5007798673,0.8196882131,9.682412222e-05,0.3850929716,0.4805771056,9.709434244e-05,0.5821033909,0.4257609085,9.669150485e-05,0.6745228704,0.6036811507,0.9215015609,0.538857848,0.3752270469,9.681048478e-05,0.4566596007,0.566550331,0.9009184046,0.3211930438,0.5681249176,0.0001010561875,0.5180724638,0.2912979433,9.723307974e-05,0.4157478209,0.4413602093,9.29347945e-05,0.5587577649,0.47987575,9.581025801e-05,0.4811877426,0.6506516702,8.24132369e-05,0.6984028556,0.2406689844,0.9999824548,0.701721857,0.4711801595,9.62916874e-05,0.5085803674,0.2968793029,9.749724391e-05,0.3591260745,0.5063180407,0.0007861132867,0.6887594367,0.5198314961,9.089915121e-05,0.7125732822,0.3746472541,0.9999707769,0.6261359763,0.2175617283,0.0002957948502,0.4886122767,0.5391547851,9.715822039e-05,0.4615432301,0.3921489262,0.9999835805,0.6155039833,0.2220269762,9.685366698e-05,0.2594250879,0.7166587748,0.6563746367,0.5157228136,0.4207849377,0.9999766731,0.6772475935,0.2072808877,9.721433566e-05,0.6911382796,0.7366086947,0.9999777617,0.8264854689,0.1836456904,0.0001054340862,0.2764939783,0.600821132,9.685814149e-05,0.3615826697,0.4927279005,9.716848457e-05,0.5823591457,0.4110791272,9.58492458e-05,0.3521474884,0.7352725887,9.672357877e-05,0.4392537265,0.5884101046,0.5919778225,0.5342686053,0.2622201655,0.9999839535,0.6872108221,0.6452774121,0.0001024867252,0.4128308534,0.4280285862,9.686233622e-05,0.5144880816,0.511228484,0.6391568234,0.5352182804,0.2621544784,0.557492607,0.5471152048,0.2566205937,0.0001049110207,0.3184965914,0.5454297861,0.2180509804,0.6647434625,0.2311524707)
