mCurrentIter=100
mCounterStuck=0
mYPrev=-17.46306015
mParameters.n_iterations=100
mParameters.n_inner_iterations=1000
mParameters.n_init_samples=100
mParameters.n_iter_relearn=1
mParameters.init_method=1
mParameters.surr_name=sGaussianProcessML
mParameters.sigma_s=1
mParameters.noise=1
mParameters.alpha=1
mParameters.beta=1
mParameters.sc_type=SC_MTL
mParameters.l_type=L_EMPIRICAL
mParameters.l_all=0
mParameters.epsilon=0
mParameters.force_jump=20
mParameters.kernel.name=kMaternARD5
mParameters.kernel.hp_mean=[1](1)
mParameters.kernel.hp_std=[1](10)
mParameters.mean.name=mConst
mParameters.mean.coef_mean=[1](1)
mParameters.mean.coef_std=[1](1000)
mParameters.crit_name=cEI
mParameters.crit_params=[0]()
mY=[200](40.78616062,-25.51114057,2466.995543,-39.54012643,-41.66454838,-31.38062374,700.3883489,-21.97281712,-3.046084845,-18.14231115,-6.947965943,23.02430303,-15.94190726,-11.37121633,-46.91690611,8.260434178,-14.57997631,-50.83289362,-8.460080328,13.81844859,9.142423692,-43.31519501,-35.97841386,-33.94773999,-56.41740987,929.9140382,737.5561016,-9.784455659,-34.57246883,-47.44719428,-24.47070501,31.87402588,480.3344874,36.83526373,-4.169536643,-50.45870829,-1.257180917,-40.59026384,-48.52064236,-47.91967301,23.17056909,-19.203163,-8.18724427,-43.98960493,-50.49409796,8.690772812,472.2881001,-11.24884436,-19.95675722,-49.07966951,193.2023511,-32.66246413,-3.51745044,16.67557707,51.24714545,547.2675579,-50.60365458,-27.61672094,-32.92722843,-8.87683464,-41.7684254,1254.363786,-30.44221702,1.035528392,-48.51898399,-5.855806319,25.80341837,39.42742086,-32.90392503,25.97146742,7.409359213,60.34873277,-4.802621676,1166.898226,34.82003845,7.208954035,-51.44425032,-52.8136886,3.69560368,28.42652176,27.37808065,2178.062898,-18.49556719,31.30436731,-10.2113065,11.91073739,1158.406378,-17.40190995,5.580006222,-24.76134388,-2.155194041,14.62830387,-53.71452889,-26.29174707,-10.90270656,-25.8509911,902.845482,-8.823480107,-5.002748156,22.99670305,-53.95497619,-55.16616951,-36.31077845,-42.92114023,-45.64819429,-52.59656175,-54.40906854,-52.47197148,-47.74573413,-29.51272263,-43.28777127,-44.68161059,-48.02930014,-55.53057362,-53.95040788,-44.69823727,-42.88589449,-49.50844755,-55.38521287,-47.7887884,-54.65844152,-54.19676036,-26.99090129,-47.51749312,-43.41124838,-47.83850952,-52.57627066,-51.13824477,-49.671795,-55.70799906,-43.03788823,-44.15080494,-53.55597809,-52.81007725,-49.14678204,-54.08303885,-36.68081822,-54.09039045,-44.58133378,-54.9990899,-43.34203653,-48.07381321,-52.32753914,-47.57060585,-53.45095297,-53.94820615,-41.48518148,-19.63919463,-46.99485249,-49.9116321,-50.46889689,-54.2678172,-54.69616706,-35.31146768,-39.68471514,-54.45439719,-52.99224449,-50.30081106,-48.41413358,-53.4109386,-46.66577207,-51.78269653,-53.14412326,-53.45176489,-51.61406003,-45.71011751,-54.81512302,-47.51227004,-43.12423731,-51.55683108,-54.7993376,-54.58414025,-50.42373701,-53.56342679,-53.83727971,-43.27301091,-54.37770024,-49.57315245,-48.3911535,-48.69225729,-45.81831391,-55.23100365,-45.6516585,-53.29379646,-55.27292799,-50.44617881,-46.70990788,-55.53058865,-51.10954402,-45.15055352,-55.69530543,-44.84420869,-34.17925232,-46.21083595,-47.50863811,-55.26787297,-54.53055183,-56.7603443,-54.09996275,-17.46306015)
mX=[200,3](0.1101931338,0.9184253811,0.8905412571,0.3568277938,0.6387572413,0.6352400708,0.8855853611,0.09082829098,0.06165762776,0.4743879939,0.5438962313,0.1437048814,0.1601754381,0.674877597,0.05098256832,0.9887378283,0.725837633,0.3955378593,0.2144103138,0.1286248062,0.1788527359,0.1976495439,0.2811775944,0.3302525386,0.5048301542,0.7987726271,0.665540838,0.03874465151,0.8263536167,0.1591554781,0.3903767925,0.442926123,0.132291728,0.2676902711,0.367849804,0.9842705726,0.3495091579,0.118116625,0.7568273304,0.3063652525,0.5052398371,0.7929685139,0.3335725975,0.2444872793,0.5793733609,0.5503301831,0.03701712719,0.9034952613,0.9361518361,0.7023995379,0.6876805925,0.6445891111,0.5112209818,0.232608396,0.8337414331,0.8694920422,0.2179580317,0.06276342369,0.8927694075,0.6752243279,0.257728845,0.3156786285,0.9235613251,0.2861858682,0.6597635543,0.2602425912,0.8745463281,0.6435784855,0.5332845379,0.6315238642,0.7307489694,0.3092466243,0.385795717,0.4390839382,0.447734428,0.07454332611,0.1971463896,0.1079652981,0.727204824,0.3305309859,0.0118963629,0.1516202196,0.02090099132,0.6512652665,0.2957669543,0.7174285958,0.2902933428,0.2261169136,0.4920071757,0.2784763411,0.5795531939,0.7592036617,0.4546436167,0.9227197289,0.7404050459,0.9774251979,0.009898827067,0.007359567196,0.3138014056,0.4048406931,0.967411623,0.8115497906,0.4380878164,0.2138758546,0.8517430299,0.414490927,0.5529027808,0.2562655749,0.1221215811,0.8361578784,0.5917905539,0.5306497979,0.2513407786,0.5856266221,0.9559708181,0.5286568887,0.2420508627,0.8031428406,0.6127936591,0.3787255702,0.7926892449,0.01536644034,0.5541139349,0.101115544,0.7703262936,0.4743696062,0.4290598617,0.4709884425,0.115505845,0.4463003145,0.6251579665,0.43329613,0.0830490401,0.4674474581,0.5241486597,0.8258347526,0.276416255,0.3615392628,0.8124678686,0.1790428839,0.2095169587,0.8463744175,0.08357784591,0.6962900233,0.2716694996,0.8053548799,0.1249713742,0.5899006838,0.3915853401,0.35100982,0.9708299223,0.4800772957,0.004052930786,0.3236175974,0.6840816947,0.497034986,0.8569368762,0.3063041964,0.8382090234,0.01332807338,0.956649135,0.4881843366,0.8662447553,0.9705262355,0.9694607363,0.4842455377,0.3434752219,0.02827385658,0.4557488347,0.2908844195,0.4640074761,0.5142384751,0.4241767267,0.7215505939,0.2354959501,0.3263572839,0.7064072297,0.7836248422,0.139187438,0.6094385919,0.3696697096,0.5938004206,0.5163853679,0.9494527091,0.04730600163,0.1932615631,0.026029003,0.07040358365,0.6155023031,0.7623805192,0.4152838017,0.8702369569,0.3175466177,0.5374128173,0.5004637908,0.5298352973,0.1041715325,0.5678701203,0.6655747458,0.6986644198,0.9492384583,0.6791799831,0.9896858793,0.8263125747,0.7052037804,0.6611761887,0.5497982581,0.7330825734,0.9235046312,0.7864633827,0.1876697434,0.2070996278,0.3275969417,0.6154124358,0.9998403309,0.9935797823,0.6884719071,0.8175683051,0.6252424632,0.6005613959,0.2605546176,0.04352460398,0.4909580896,0.9332906337,0.8474488761,0.7594464397,0.8832215394,0.6459065972,0.8995519744,0.5731563183,0.164650229,0.9092226163,0.5623488617,0.07541958097,0.7483867414,0.3813412986,0.885338829,0.4639110786,0.1536915981,0.3836079558,0.5917791941,0.7890038054,0.9135663784,0.04803113448,0.05518999104,0.09355534175,0.5684842192,0.4585685357,0.7684401482,0.5461894018,0.9442468393,0.8011101299,0.6269221965,0.8458978325,0.4041490663,0.3734465277,0.2378380037,0.9362389005,0.7750358114,0.06969492417,0.1857362815,0.9687053504,0.4001608402,0.7439536367,0.6582534907,0.6060866821,0.8649564007,0.20301007,0.1634422392,0.7371734102,0.910877911,0.9026348119,0.226572165,0.1315075004,0.1422058508,0.9522386873,0.05946875988,0.3574740686,0.4176932727,0.7143725665,0.3749897367,0.7190658686,0.99780392,0.5804379812,0.7710178334,0.09927649607,0.7696707821,0.2892541655,0.1469294581,0.223146374,0.08436166939,0.177900715,0.8522302252,0.03352774225,0.2433656151,0.8733950101,0.3475890013,0.6955859616,0.180588132,0.4224281468,8.977400016e-05,0.4824719192,0.371776842,9.691250734e-05,0.3490367908,0.4772935959,0.9999850098,0.4112290212,0.4496578536,0.04814235665,0.6365518492,0.18674815,0.9999712084,0.6586063142,0.183127428,9.720111502e-05,0.5206571555,0.3427164447,9.68925587e-05,0.3262088026,0.4905262765,9.700089368e-05,0.4443852389,0.3932007169,0.9999779865,0.5190426478,0.3557396745,0.9999781239,0.3677381022,0.5293410214,9.702705617e-05,0.6275844081,0.19190531,0.9999692733,0.6573496903,0.1810881175,8.856771698e-05,0.5734599232,0.2806439589,9.698844514e-05,0.3909459871,0.4210187182,9.695617186e-05,0.2976104111,0.50196979,0.9999779902,0.4846013951,0.3843922059,8.565312711e-05,0.6377998647,0.1737890629,9.043378531e-05,0.5462596485,0.3249687046,9.688362482e-05,0.390241438,0.4203853372,9.702269718e-05,0.3864059986,0.5810695621,9.692311157e-05,0.3299197817,0.458846398,9.686700022e-05,0.4615788767,0.3832076482,0.9999779999,0.3676421784,0.4632481399,0.9999668822,0.6126678945,0.2489088277,0.9030456461,0.6704501582,0.1526500667,9.783643059e-05,0.592861365,0.2316346735,9.714189542e-05,0.2657788068,0.5278686692,9.768165386e-05,0.5488229997,0.3768970349,0.9999857997,0.5863924257,0.2902602087,9.688965475e-05,0.3933590026,0.4126444189,9.097620283e-05,0.4672278452,0.5935972242,9.695072016e-05,0.2738403576,0.6219171607,9.688751786e-05,0.3110469609,0.4686152662,9.710983853e-05,0.4863836981,0.4401166184,0.853095767,0.6294861544,0.2036102622,0.7705875576,0.5324320129,0.3282379533,0.99997805,0.4543827176,0.5731879258,9.689991628e-05,0.4556495905,0.357521168,0.9999780331,0.4805967395,0.4145455258,9.689733692e-05,0.3586309908,0.4376836387,0.0001216398553,0.6455128087,0.1579189129,8.283005794e-05,0.5756447258,0.2536574225,9.69470883e-05,0.2681678597,0.515037985,9.724111115e-05,0.5984300508,0.3508103356,9.705310469e-05,0.4219938682,0.489546599,9.76836855e-05,0.4058400641,0.3942065844,0.976609215,0.6778956818,0.1412994214,0.9999788002,0.302733982,0.5603063192,9.70584637e-05,0.5927087379,0.2182065386,0.9429827663,0.5977123939,0.2654709218,9.700442803e-05,0.5288091176,0.4400981174,9.719124765e-05,0.3477493234,0.4364192201,0.4813239171,0.4852221577,0.3422209493,9.7022281e-05,0.5231813615,0.6212905015,9.689771826e-05,0.2556888689,0.6566940384,0.6742439419,0.4124989006,0.4051628843,9.684387195e-05,0.3840036308,0.5261511458,9.71567055e-05,0.5295941263,0.2967024735,0.9999824235,0.615655848,0.2225894436,9.697725495e-05,0.3360709463,0.441997556,0.9999780011,0.5437780692,0.4298377865,9.698207912e-05,0.4374966325,0.3752006846,9.688242097e-05,0.4691779058,0.4695852531,0.7911965268,0.5737586049,0.3097018142,9.694980181e-05,0.2645057292,0.5038097126,9.667316454e-05,0.6050015548,0.3857651917,0.6066784018,0.4058509624,0.4108797804,9.707066362e-05,0.3571645911,0.5889288628,0.05998117741,0.6490953422,0.1483488557,9.629120033e-05,0.4906673831,0.3268073612,9.691434041e-05,0.3460263666,0.4387396255,9.687313066e-05,0.4386409304,0.4754616386,0.5779856566,0.6005995681,0.2092574922,0.7416102351,0.5415382574,0.3146367804,9.71861749e-05,0.411699295,0.3943572245,0.9999780028,0.5047057091,0.5055229207,9.700773971e-05,0.3015528845,0.4724571517,0,0.5398138478,0.4331101961,0.7197528132,0.3624396386,0.4374730887,0.2730873104,0.5923635826,0.2106622184,0.6358901567,0.6660256625,0.1373924096,0.5960458591,0.4760238508,0.36234226,0.9999849253,0.621843608,0.3235516475,9.688153359e-05,0.3847913331,0.5158270088,0,0.4088766601,0.397804853,9.667572112e-05,0.241149706,0.5445625088,9.888213336e-05,0.5711830643,0.2501906283,0.5269495243,0.494153875,0.3928192662,0.6287755955,0.328775763,0.4695831539,9.672867924e-05,0.352364773,0.6098423818,0,0.4148313837,0.4686442891,9.807887093e-05,0.6162903391,0.3188798553,0.9999780155,0.5153146513,0.6094233747,9.673799264e-05,0.5344271544,0.5171586873,0.9999818859,0.6147341904,0.2045008781,9.688827637e-05,0.3406852137,0.4344034079,0.4878110756,0.4990578414,0.3276133458,0.4491452317,0.4687447541,0.422205975,9.761340233e-05,0.3694762982,0.5157347302,0.9999787829,0.2583767282,0.6620742531)
