mCurrentIter=100
mCounterStuck=0
mYPrev=-26.58901649
mParameters.n_iterations=100
mParameters.n_inner_iterations=1000
mParameters.n_init_samples=100
mParameters.n_iter_relearn=1
mParameters.init_method=1
mParameters.surr_name=sGaussianProcessML
mParameters.sigma_s=1
mParameters.noise=1
mParameters.alpha=1
mParameters.beta=1
mParameters.sc_type=SC_MTL
mParameters.l_type=L_EMPIRICAL
mParameters.l_all=0
mParameters.epsilon=0
mParameters.force_jump=20
mParameters.kernel.name=kMaternARD5
mParameters.kernel.hp_mean=[1](1)
mParameters.kernel.hp_std=[1](10)
mParameters.mean.name=mConst
mParameters.mean.coef_mean=[1](1)
mParameters.mean.coef_std=[1](1000)
mParameters.crit_name=cEI
mParameters.crit_params=[0]()
mY=[200](15.33014591,-23.21756137,19.17167885,5.923006612,-15.58054857,-10.401288,-11.12551521,-9.421728584,220.4962921,2090.990416,-29.72343953,2627.200141,1108.453973,-19.86245653,44.09169681,-30.7410439,114.366485,-24.90554777,1.490084313,14.51675548,81.83952161,24.47381822,27.30969747,28.11893334,-30.56948411,1986.230133,0.03818694348,-31.49068167,63.03942842,31.31425548,19.53112811,-25.33612729,36.99953215,-31.4839185,-28.17545361,-4.869629348,22.23200545,-32.43631436,-17.15116293,26.73596944,-3.174515329,241.8302011,14.50732092,26.88941537,-0.4696079371,-30.23691397,55.12843121,-4.116786947,17.33643836,-33.03737726,23.04799171,8.023792253,21.06884698,43.81474104,-8.093994196,-2.668747077,57.39079017,-4.284630869,-26.37930382,17.55985282,23.6212914,-18.35816539,11.10919954,-1.180968042,-8.283120565,2.018912749,3.574226071,1980.878786,15.64990206,12.44729034,-10.67472865,32.062037,156.2541963,3.851500586,8.620341139,-15.79139215,58.80476776,-21.29053542,-20.62087327,7.669010938,10.10139753,-16.07371852,40.06516563,-31.5918835,-16.87891111,3472.003233,3.368903249,6.875871644,47.70845225,41.93770842,35.29411791,-2.007519458,1228.784275,3281.677154,-16.76359773,113.5454093,21.99354881,-22.54434636,10.73200704,20.34665408,-25.48164921,-30.77567507,-31.89645507,-29.73916906,-23.0777628,-26.19950913,-29.76995403,-30.01057152,-29.95352808,-27.03266499,-26.98737599,-15.60637012,-20.02154611,-33.76688736,-27.69240938,-27.20105923,-30.50342063,-31.28018091,-18.49827786,-28.39062624,-31.95643842,-24.25064492,-26.34114077,-29.87971348,-31.04724244,-18.64925928,-30.7404375,-28.35710054,-28.47011297,-28.40264043,-30.4913208,-28.61636234,-6.358294633,-16.99451944,-29.29785922,-22.80051509,-33.09489568,-26.97474686,-22.93939336,-24.50079529,-29.5064266,-27.206069,-27.6020152,-31.73565935,-25.60514171,-28.02193691,-32.2656569,-22.92082815,-26.38068299,-31.00140838,-31.48706096,-11.08130426,-13.74461461,-30.65723313,-31.05288771,-21.25112091,-28.99549498,-26.42926983,-28.23726504,-28.15550737,-26.40696973,-31.7044288,-17.79728946,-30.93996547,-14.85607819,-32.47881658,-32.9011641,-26.26774375,-23.10594069,-28.18597332,-31.25776158,-26.88277164,-34.53885452,-28.41865418,-4.216697663,-20.45789911,-25.15042262,-25.13527169,-32.25560427,-32.19101099,-22.2237124,-29.63015807,-22.58623115,-35.41028115,-12.52673351,-29.01662439,-23.8677211,-23.54926312,-13.03375428,-30.95350021,-26.67119997,-27.41407584,-24.90184685,-6.266839041,-29.90272875,-24.80863469,-18.96242567,-35.24334198,-21.92525479,-26.58901649)
mX=[200,3](0.8161191982,0.8783152926,0.609468289,0.7866644808,0.4500258166,0.6127991056,0.8637593192,0.6183650373,0.8764887341,0.0293631781,0.4174303678,0.2487095273,0.7429165133,0.5696828442,0.08579955814,0.1655566568,0.7650073221,0.3907124276,0.3398861932,0.5195669454,0.709616838,0.768885663,0.7758797268,0.4629002711,0.3910378119,0.1880325268,0.2760318731,0.6816229429,0.1056201612,0.1186079196,0.8420402856,0.6665875435,0.2665342749,0.2567546517,0.1209874419,0.05527851965,0.6789565375,0.08128883998,0.226027213,0.2416869401,0.256281915,0.6680719856,0.7298151228,0.9607905089,0.8026992859,0.07678814731,0.5585618165,0.4484262041,0.1203992672,0.1713304709,0.3416534017,0.5309531516,0.630869444,0.503289337,0.1430000672,0.8311475589,0.4248626787,0.6424882575,0.6223221871,0.8452050923,0.5296875793,0.3334972203,0.2091161678,0.5070462394,0.3013825554,0.9369631426,0.5585821585,0.161920777,0.9467746558,0.4535878297,0.2245985575,0.3812059122,0.9124636186,0.5204101466,0.37483556,0.1872857494,0.1950082983,0.06534983356,0.492030876,0.1458297995,0.7530264464,0.4324488388,0.6092810175,0.3531892096,0.3116004465,0.04455536342,0.51507571,0.9971335212,0.9922051119,0.2848053866,0.2646965699,0.8156188795,0.7348619485,0.4466961425,0.6849475616,0.07855056588,0.1152577437,0.3151205108,0.9986316366,0.5437025336,0.3691834209,0.4916385354,0.7378146773,0.5315756242,0.1306722008,0.699516964,0.3960582144,0.3024545563,0.5815151892,0.9033566749,0.6423502678,0.5948671024,0.5035394964,0.3167771395,0.3284140357,0.6412059178,0.5816869833,0.1049373022,0.9752936769,0.2502138189,0.6375414893,0.2880376742,0.419845836,0.0952439386,0.4406804002,0.03421341252,0.4220966497,0.7487283363,0.765075952,0.4781313604,0.8935695048,0.7147896375,0.6120686241,0.724383866,0.6789645545,0.9802491465,0.5826518084,0.3651295698,0.8824840885,0.9253576752,0.9598806242,0.4895272747,0.8009583788,0.4557704965,0.1356171127,0.9309590962,0.1743860977,0.8297219409,0.5921636514,0.1839457611,0.9516640164,0.2421158709,0.5276490401,0.5143180358,0.01536473856,0.794060845,0.9080447912,0.9536850961,0.1005211078,0.5699226967,0.8612149323,0.9052220667,0.3664125743,0.710521568,0.594030449,0.6607965541,0.7899805678,0.02756239379,0.4622484332,0.9896908845,0.8832065392,0.9279403405,0.344548959,0.4822964467,0.06111306663,0.5771839486,0.1999272192,0.2129152871,0.1319188376,0.8995762585,0.2050708179,0.8537986658,0.7266371197,0.3064228952,0.6951780997,0.4783752853,0.7750462624,0.6538386525,0.8139194858,0.05689704737,0.4391952496,0.7834869614,0.3468740182,0.6748611731,0.6366612978,0.0410744642,0.7921987093,0.5691093284,0.8331984037,0.5487954988,0.09795991234,0.1748997188,0.03566298952,0.16326369,0.27374668,0.07600956653,0.5599573063,0.7002244379,0.114533789,0.6216952171,0.354838691,0.2950406711,0.7417549573,0.8084064276,0.2373309447,0.9705360064,0.2233684966,0.4017347363,0.1265379183,0.8924961748,0.2012936261,0.6576804287,0.1923891591,0.8295459075,0.01442883319,0.8750157054,0.7538885487,0.4018101091,0.298646637,0.0252818647,0.5371177297,0.9624938614,0.7318170586,0.1585608358,0.9713432587,0.4701305448,0.3275780165,0.3836540306,0.2676202694,0.8508378421,0.3706263265,0.8481188198,0.5795761618,0.1536245863,0.2736814615,0.4376937655,0.5723640053,0.7078481262,0.9607001334,0.4023336667,0.4870494595,0.5496269484,0.236087381,0.4254010735,0.6923014318,0.9341904153,0.0057975454,0.04604957778,0.7145240602,0.3524560318,0.331686371,0.7558821235,0.880365579,0.2979179992,0.2816337713,0.9479892798,0.8355860353,0.03008174196,0.9109399826,0.8202330477,0.9451633461,0.06378016198,0.9876726751,0.6555311169,0.3215353523,0.7796621002,0.8512048173,0.09388998104,0.2185906588,0.006652665979,0.05371688193,0.006571095609,0.6091133444,0.465538768,0.6877015459,0.7938432186,0.3862256729,0.1414253008,0.6202162703,0.3768101309,0.9208010253,0.4111427629,0.4963881056,0.2360282353,0.01649194081,0.2130811183,0.8671939438,0.0867400426,0.1531598043,0.9169006885,0.0001044546736,0.6296317023,0.2255910512,9.692237956e-05,0.4378943803,0.3965289361,0.5300473428,0.5862017247,0.2387376717,0.0001095416753,0.4340771042,0.3996513897,0.07563568469,0.6914310047,0.1912097652,8.809963548e-05,0.5360678959,0.292272222,0.999975087,0.581608199,0.2357845239,0.0001053238198,0.3228109584,0.5277327444,0.01062794727,0.4138272547,0.4191276626,0.9999779252,0.6681022677,0.1924203562,0.06518700712,0.5321019057,0.291074996,0.999969961,0.4399170918,0.4093686744,9.731040923e-05,0.7068501386,0.1765453898,0.8352346706,0.565268462,0.2489738338,9.708966661e-05,0.2938378268,0.5534199159,9.705468997e-05,0.4797773967,0.3464331144,0.9478856138,0.5518045141,0.2512840726,9.697201925e-05,0.3755995322,0.4566109101,0.9999779335,0.7500886854,0.205025298,0.07524031412,0.6094483414,0.1947285372,0.7017437915,0.524471012,0.2817689108,0.9999780098,0.4835208779,0.4815466428,0.000110326029,0.2867690705,0.5748189795,0.3814423878,0.4196912893,0.3921942018,0.700596858,0.5917260953,0.2045422131,9.688150245e-05,0.7207230041,0.2766564031,9.716378126e-05,0.4565262533,0.5338649776,9.031686542e-05,0.5067762897,0.3261935225,0.6246929791,0.6598088346,0.1548146384,9.709204523e-05,0.3534489121,0.4554890527,0.6733482304,0.5389351633,0.2603904946,0.7304476135,0.4259712929,0.3929800019,0.9999780167,0.3489110407,0.5967205647,0.03166620019,0.7475062535,0.1582399164,9.762284431e-05,0.5920559543,0.4026814622,0.9999780679,0.5716925668,0.5441649912,0.678073224,0.5854130976,0.209414996,9.065168483e-05,0.5114333875,0.5592220769,0.9999780077,0.7011592187,0.2968913509,9.72615497e-05,0.273016606,0.5212785712,0.4984149034,0.4765594371,0.3382766631,0.9999698771,0.660480616,0.1578288622,9.691400192e-05,0.3808982939,0.4354171636,0.6472846315,0.545154849,0.2520936343,9.688859497e-05,0.3505108524,0.6223414166,0.9999779597,0.5906017465,0.4391524245,9.725768465e-05,0.504572023,0.4642366032,0.8238681949,0.3938670216,0.4360849923,9.824246322e-05,0.626998599,0.310561957,0.4169285362,0.488856395,0.3239155262,0.6491474112,0.6033792642,0.1899419573,0.9486830361,0.7833268706,0.1931528495,0.9999780397,0.5801877599,0.6465466066,9.722824484e-05,0.413977641,0.5463185868,0.6974273383,0.5633606135,0.2314321002,9.614332058e-05,0.2300242823,0.6296260463,0.1561726663,0.4466746446,0.3691167553,9.697778208e-05,0.5845585373,0.4976820598,0.9999779853,0.6396336811,0.3582593362,0.009135838627,0.62510434,0.1695455618,9.709053258e-05,0.3218661519,0.4775365485,0.6764692898,0.5250288766,0.2901886915,9.090993087e-05,0.5514667145,0.6308985907,0.7638184858,0.4432392544,0.4901101689,0.105957216,0.7519805523,0.2638297568,0.6584861984,0.6077314562,0.1910222971,0.6093780314,0.4559840611,0.3729325907,9.706781261e-05,0.6225774407,0.3903409957,0.9999780878,0.6343646402,0.5030325522,9.732264589e-05,0.3747379821,0.4323627823,0.6564697453,0.5379489455,0.2645094967,9.724676033e-05,0.3963128252,0.6013487361,0.4301689399,0.5081678332,0.4448895894,0.2131760779,0.6542567526,0.1464133335,0.9999839096,0.3419582447,0.6755235773,0.697898746,0.3285751475,0.5008911122,0.9999779799,0.685703911,0.141708422,0.0001011197299,0.5636409382,0.2387415215,0.4650898161,0.4774319078,0.3415264038,9.727800106e-05,0.4769356565,0.4893862024,9.691610522e-05,0.2409668296,0.5487364626,0.6667926294,0.651282218,0.2904728129,0.9895919778,0.4994685177,0.5569041554,0.5732462172,0.5356970003,0.4112553239,9.668938314e-05,0.2208328354,0.7197505156,0.5415896592,0.3899635432,0.4162667799,0,0.6004356132,0.5319435175,0.1945017419,0.5421294968,0.2502840305,0.283175686,0.7711878972,0.1585904053,9.727241962e-05,0.3990960937,0.532837965,0.9999780252,0.6422015774,0.4247204106,9.700457058e-05,0.4731877742,0.3577420454,0.9999807541,0.5144363521,0.3021366767,9.678972974e-05,0.5930678937,0.6973896787,0.9999746424,0.6162966298,0.1891157913,9.727915468e-05,0.6442478516,0.4138492441,0.9999779857,0.7406704244,0.2855419867,0.5276122484,0.4977723234,0.4548367224,9.688337741e-05,0.3591034786,0.6502915095,9.6915711e-05,0.3344730874,0.4664417789)
