mCurrentIter=100
mCounterStuck=0
mYPrev=-18.4490936
mParameters.n_iterations=100
mParameters.n_inner_iterations=1000
mParameters.n_init_samples=100
mParameters.n_iter_relearn=1
mParameters.init_method=1
mParameters.surr_name=sGaussianProcessML
mParameters.sigma_s=1
mParameters.noise=1
mParameters.alpha=1
mParameters.beta=1
mParameters.sc_type=SC_MTL
mParameters.l_type=L_EMPIRICAL
mParameters.l_all=0
mParameters.epsilon=0
mParameters.force_jump=20
mParameters.kernel.name=kMaternARD5
mParameters.kernel.hp_mean=[1](1)
mParameters.kernel.hp_std=[1](10)
mParameters.mean.name=mConst
mParameters.mean.coef_mean=[1](1)
mParameters.mean.coef_std=[1](1000)
mParameters.crit_name=cEI
mParameters.crit_params=[0]()
mY=[200](29.85007806,39.08579826,-23.8650453,1793.144355,578.760423,-24.11285636,2395.439404,25.054832,-18.2558419,26.59072318,-22.25289925,36.78284287,51.21323644,-5.59154507,-23.29809669,-25.24789173,16.98213097,2022.185459,518.6731722,-13.1050476,26.93543142,27.2482646,-10.25824268,44.31000428,-21.13548412,23.30446368,-2.669204122,115.8643335,-18.55198556,28.92967441,28.79491992,25.81295671,107.4134751,-1.045406928,-23.79373667,457.1645669,19.55662488,33.15945495,44.95007033,-34.48382918,-11.13622228,36.56370799,-38.03314148,46.60564501,-34.36077332,-4.84634871,-1.304229914,75.43906728,-27.97498382,37.21441543,19.66428651,2.691085309,124.6464008,-27.84891971,-18.1304268,1629.597284,35.14445622,42.1704891,36.60707326,43.04859204,7.475645233,12.49972362,5.061913775,6.777570716,23.95751545,-0.2733462745,7.073777823,8.896751069,48.10739493,-8.525097173,-0.8962341403,-8.702663168,36.2030496,97.70502708,-20.91320609,-21.08733108,33.85458004,73.85486771,22.24360952,24.25570949,40.43728769,1463.602298,21.38181608,2944.835575,-2.009713742,1668.542644,33.75761018,0.2384899457,45.93529339,8.016372926,2772.19118,-19.90214485,40.60695704,31.66915057,68.54154301,-29.40727438,18.05711501,-15.12469273,35.26171624,292.5515103,-33.07561711,-36.61694942,-37.25396166,-35.42789777,-35.11960084,-36.45131536,-38.22491407,-38.61948552,-33.06870939,-35.67533363,-31.09238305,-36.90152956,-26.9795505,-34.87383015,-31.53177458,-23.37414743,-35.87481036,-35.88028631,-36.22270292,1.25608007,-24.50842289,-30.84501155,-34.59573324,-36.11948524,-35.01679539,-18.05782601,-34.73458255,-32.99175617,-36.13382266,-27.99931231,-34.76358875,-33.16379556,-34.35006458,-29.62196082,-35.03481764,-36.53914415,-30.8202073,-21.69983875,-18.20867429,-34.53415689,10.33931994,-33.12515331,-10.30956931,-25.323933,-21.34642388,-35.05612399,-34.37768495,-36.32233122,-32.64474786,-35.29470997,-32.35785365,-36.44925966,-28.0813906,-30.96257416,-36.47859081,-33.46816772,-10.45677526,-36.51162114,-32.14116314,-36.02134041,-29.49242035,-14.68823784,-36.99524962,-10.32447148,-33.49632929,-36.44696307,-31.65766792,-31.50319486,-21.18036879,-38.1621736,-28.02529076,-35.56040292,-30.53897811,-34.96824676,-36.60763523,-36.60954904,-20.63288301,-35.26031171,-36.31814319,-36.11794798,-27.96086218,-35.0459682,-30.7249886,-33.80264798,-36.09670297,-32.61022147,-35.70309882,-37.14055178,-33.91308678,-34.80731304,0.4968405402,-32.82164398,-8.540828821,-35.96784604,-22.59308341,-34.68955057,-36.64983524,-9.675231818,-34.93863503,-18.4490936)
mX=[200,3](0.8201442486,0.9487447244,0.2278604852,0.7625995249,0.1720181265,0.8983391241,0.482457721,0.3106128251,0.5051481909,0.1113484732,0.2546743787,0.01511785254,0.4303885866,0.1090755821,0.2637301971,0.9357206066,0.5643444069,0.3571150254,0.4912428416,0.1557288037,0.03482449719,0.4269008484,0.8098484444,0.7137417503,0.6745703364,0.351026097,0.3946862137,0.7988865355,0.7973611201,0.7553992455,0.3079132872,0.4799563642,0.05373321593,0.1732698203,0.1613787573,0.4435702071,0.5877872745,0.9328038602,0.8107622534,0.8084960785,0.7622272621,0.4033942559,0.005923882506,0.5280305291,0.5519251246,0.2529723641,0.6832775884,0.1107976693,0.5472222822,0.8658455806,0.4924053714,0.783440381,0.2155151725,0.02429331022,0.1475301667,0.02247006747,0.3776964323,0.395951433,0.744876972,0.2705586296,0.5312811571,0.2720899097,0.8593484291,0.3785171824,0.110619647,0.7379983794,0.1065456246,0.3280590166,0.291226628,0.4788240207,0.8852021939,0.7996665851,0.2201162767,0.438237433,0.6121304927,0.3145792317,0.8361911861,0.6551495806,0.2642239565,0.2094768792,0.4790849957,0.1266632298,0.05848157149,0.5221953849,0.5685869256,0.454964166,0.09863379494,0.879227011,0.3345058156,0.3848517312,0.2369109086,0.4943113741,0.8837204177,0.06547583249,0.8542397457,0.6402335726,0.459744888,0.09419690331,0.51598873,0.6078861624,0.5435402333,0.004702262722,0.6626282438,0.6060837113,0.4804071486,0.4188741941,0.1999693466,0.1631641182,0.1343075614,0.7792983735,0.6893682345,0.2733637206,0.9770648668,0.04384115821,0.8836318778,0.6532351754,0.9414560649,0.3541731456,0.4253666207,0.3134617777,0.5530753772,0.7516941539,0.3050033822,0.2405888568,0.5310471695,0.9167402494,0.1977513372,0.463434384,0.3271793368,0.03530638519,0.07033051435,0.956694158,0.444838365,0.5734092635,0.3601669191,0.9224710421,0.4470679793,0.1992475877,0.07547782649,0.7060704407,0.5848797637,0.4040962929,0.9194986543,0.9998867314,0.9063627689,0.5958063618,0.2377125975,0.3620869803,0.4061508072,0.9348947201,0.943033906,0.7360486173,0.7454550981,0.6490995836,0.6171848337,0.7077036845,0.759939179,0.2409155598,0.3417876478,0.8507050571,0.5163115983,0.1391652204,0.2917051327,0.3400522978,0.2888673628,0.8327522748,0.1273446262,0.1545600171,0.9554387497,0.0367105308,0.7856552359,0.9882728859,0.9879162117,0.4617174931,0.5927436677,0.9686088429,0.4382000651,0.1677353275,0.8245425101,0.8350944092,0.724446939,0.3621240012,0.2491606067,0.6120262944,0.2364945367,0.6342404144,0.819943871,0.8450232276,0.1058352085,0.8659257043,0.6975173705,0.6748150449,0.6828019239,0.5805034404,0.8471038205,0.5283401272,0.26260784,0.6621508025,0.3250945808,0.5095343163,0.7706400616,0.3491724856,0.7808658567,0.5918919278,0.01213768322,0.7137066293,0.9208544549,0.3356752966,0.3981405322,0.1844891208,0.8901413329,0.4846680103,0.07491828017,0.9942869173,0.626018801,0.5438959484,0.7707432585,0.0160129346,0.7639572216,0.4668539715,0.1393136119,0.4539647395,0.1813340039,0.2938149017,0.5787695908,0.6360351752,0.6694357329,0.4136283846,0.6594933061,0.1807995432,0.86156766,0.02674269313,0.8955657158,0.9894275381,0.7321552279,0.8156007217,0.6925444298,0.9142164979,0.3762039591,0.8043224937,0.7176256856,0.08895555604,0.9024454912,0.6209532545,0.145724916,0.1439957804,0.2863508014,0.8728632056,0.538509047,0.6901825214,0.003395388909,0.08816928893,0.8443949102,0.7209150308,0.56527038,0.9785473453,0.04422707471,0.2145898199,0.08323537815,0.9567444177,0.4276083588,0.09543783251,0.2890870309,0.723064132,0.05640208638,0.4147107892,0.9705448199,0.7025108602,0.3809219027,0.2033601492,0.203678871,0.06357035069,0.06907638358,0.9635531257,0.6755579905,0.123677496,0.2117633614,0.9999041432,0.2593480165,0.7441205246,0.6402618142,0.8746963968,0.5091644226,0.9035992798,0.9684520304,0.5124385293,0.6314039561,0.3306858346,0.3831297655,0.3040607668,0.8272376383,0.5754972067,0.5588287675,0.6097541968,0.1584213996,0.9213430484,0.6267046549,0.04266417617,0.2220888745,0.1742108621,0.0001049420327,0.5477663446,0.2131284028,0.1140361521,0.5447991973,0.2144451649,0.1511732849,0.5179337701,0.240798602,0.4380235246,0.5831552065,0.173090056,9.70110422e-05,0.474783373,0.2896977476,0.5748757717,0.5817209517,0.1745874032,9.697525549e-05,0.4281762458,0.393906731,0.5472739898,0.5047370708,0.2566900517,0.1922868578,0.5979412665,0.1544725418,9.692402462e-05,0.4682500751,0.2921768511,0.7972413392,0.53062813,0.2331138953,9.69784801e-05,0.4129770554,0.4366392863,0.9265237614,0.6021696009,0.1557652752,9.700300625e-05,0.4549681217,0.3062609489,0.0001005907833,0.5981637393,0.1524941746,0.8781091188,0.4880659668,0.2862152633,9.694825863e-05,0.402814471,0.4549414541,9.701258532e-05,0.5044865516,0.2447364532,9.691333069e-05,0.4247641977,0.3512951481,0.9999779926,0.4370323441,0.4846963181,0.9847781655,0.5935398506,0.1656750473,9.70369218e-05,0.6186291469,0.127668371,9.705466412e-05,0.5008889548,0.2451814599,9.693057875e-05,0.4252842769,0.3419462226,0.7116097899,0.5363148727,0.2170576736,0.8990728977,0.4695323417,0.3125292398,0.1649405203,0.5434913482,0.1917129078,9.767245775e-05,0.3683845341,0.4960480999,9.695175296e-05,0.4138732237,0.3572771373,0.8366308453,0.6354832249,0.1056708584,0.2858385114,0.5253512888,0.2180433953,9.695379849e-05,0.5273986817,0.4436543238,9.691768467e-05,0.4595882123,0.2844927993,9.709262645e-05,0.3852731183,0.5381641649,0.4038112144,0.593343482,0.1430246096,9.689284185e-05,0.3843529788,0.4023454813,0.7987554906,0.5062130813,0.2548193595,0.9999777925,0.5923627307,0.1606532031,9.698602641e-05,0.7152712792,0.1862228512,9.789682669e-05,0.4580556651,0.2851555049,0.9999779975,0.4138507437,0.5945307509,9.710192253e-05,0.5650802038,0.1731978417,0.9512398707,0.4625993995,0.3904771612,0.2184461453,0.6597697874,0.07779396264,9.760588402e-05,0.6348672698,0.448472573,9.740479644e-05,0.4312643365,0.3203214418,9.685835588e-05,0.3569492554,0.4501898497,0.2926742357,0.5467947344,0.1918357556,9.718200303e-05,0.4986552139,0.4713420269,0.6619192537,0.6002313556,0.1304880201,9.973617446e-05,0.4791823551,0.2616946454,9.708689882e-05,0.4029639595,0.365781736,0.8697181322,0.5540502773,0.1993205587,9.406959034e-05,0.6101386022,0.2918391989,9.711573927e-05,0.5123435602,0.3890294783,9.701595668e-05,0.5841476985,0.1497183574,8.996686611e-05,0.4560204686,0.6686653341,0.3935653424,0.477169326,0.2689864398,9.768150857e-05,0.3441043304,0.4969459475,9.691844837e-05,0.4217934432,0.3307409515,9.690821489e-05,0.4905076347,0.511359161,0.9999780402,0.7076966091,0.1993282736,0.3329343105,0.55678404,0.1752779828,9.684526296e-05,0.7226654043,0.4283188612,9.701420469e-05,0.4855557821,0.2526119394,9.681456282e-05,0.3803356811,0.4089947311,0.7576901694,0.6250911473,0.1032829506,0.6873446464,0.4597398885,0.3088694342,0.8860482526,0.4885118509,0.4459294281,0.4628545802,0.5614618008,0.1722971177,9.67668291e-05,0.3386368235,0.5416546094,9.687488864e-05,0.5251131148,0.3744810892,0.01011616542,0.6116927319,0.122941689,9.758473599e-05,0.4288105831,0.31580523,0.5364907388,0.5113264963,0.2330759659,9.679503321e-05,0.3770696664,0.4205099037,9.70970274e-05,0.5866702003,0.5315596317,0.615933905,0.5712877541,0.163444875,0.1701744651,0.5032276957,0.2422927812,9.704265806e-05,0.4643582419,0.4323265399,9.723787953e-05,0.6368859655,0.2445379136,9.715360688e-05,0.4210375194,0.324516057,9.713389791e-05,0.4340259977,0.525519683,0.7025732292,0.6011247923,0.1262525432,0.5902849093,0.4718830923,0.2833076869,9.671948134e-05,0.5707528159,0.3594527361,0.1047263276,0.542384979,0.1915864113,9.685233434e-05,0.4008400827,0.3788111404,9.730100697e-05,0.4657241847,0.2684957798,0.7311817894,0.5398777811,0.2085417254,0.8852480597,0.3820799143,0.4989555145,0.3411809593,0.5990636529,0.1251015714,9.681876836e-05,0.7640703856,0.1828380285,9.679822872e-05,0.4924770842,0.413599534,0.9359134555,0.6671445257,0.07776199543,0.610114247,0.4497501126,0.3317180422,0.5021344547,0.5754200757,0.1563442891,8.782659882e-05,0.5638441945,0.6369647221,9.708939064e-05,0.4511598007,0.2853154071,9.624124923e-05,0.6433810377,0.4819522881)
