mCurrentIter=100
mCounterStuck=0
mYPrev=-14.84928985
mParameters.n_iterations=100
mParameters.n_inner_iterations=1000
mParameters.n_init_samples=100
mParameters.n_iter_relearn=1
mParameters.init_method=1
mParameters.surr_name=sGaussianProcessML
mParameters.sigma_s=1
mParameters.noise=1
mParameters.alpha=1
mParameters.beta=1
mParameters.sc_type=SC_MTL
mParameters.l_type=L_EMPIRICAL
mParameters.l_all=0
mParameters.epsilon=0
mParameters.force_jump=20
mParameters.kernel.name=kMaternARD5
mParameters.kernel.hp_mean=[1](1)
mParameters.kernel.hp_std=[1](10)
mParameters.mean.name=mConst
mParameters.mean.coef_mean=[1](1)
mParameters.mean.coef_std=[1](1000)
mParameters.crit_name=cEI
mParameters.crit_params=[0]()
mY=[200](887.8709246,626.5932797,-12.20427618,6.217187288,-21.66776062,2037.115509,43.69144538,179.31907,542.0003491,-24.24584423,48.90400851,298.048301,1.429667935,51.62892615,147.6444868,72.37679993,50.24962909,40.46640074,-19.52172619,-18.6956198,54.00772113,3.41499571,-14.8627771,12.07384921,-2.568749851,44.03208083,43.00276147,33.410676,48.26823079,18.72579456,-20.441964,27.08933195,61.9865587,34.72414106,36.38785068,-9.900472699,-0.1509583752,49.66152115,-2.510407885,665.5126503,-6.310953434,-20.18960842,28.26875085,5.864759872,43.00245991,40.075513,-14.9967787,50.52400967,37.37369003,37.57294931,-4.089796676,31.70530079,32.66955251,146.5342619,189.0144788,-14.47474319,30.40589652,36.03510672,51.59516385,13.93226776,943.0085991,46.77554734,6.892971118,18.17282701,30.09246915,18.05765991,31.58635845,210.0273691,12.27942477,6.830624678,6.853239529,8.007379654,43.67572504,22.09130165,16.06934845,-17.09802835,131.3786477,25.29874561,11.9675833,9.156197364,26.18689593,-11.2189117,7.328867555,3.172773768,3.822224827,-17.51020263,33.60112224,38.81525535,75.22250695,25.82870899,217.613089,39.31267841,-23.2269298,13.02142058,12.99054062,-21.74137559,58.27103867,-18.03226971,34.20439341,40.75103211,-23.0467125,-23.20517333,-22.1878618,-23.54292163,-24.03001164,-24.37876473,-21.53407345,-11.37879793,-23.43763989,-20.66641222,-23.05782267,-15.19263528,-22.27708755,-22.32812957,-12.62477465,-22.7164888,-22.64054265,-15.29233266,-18.20138176,-11.26570923,-23.67779373,-23.38984799,-17.83453586,-22.85891957,-19.216108,-18.39756416,-23.09752284,-11.95211283,-22.72567884,-9.093525578,-24.34505336,-23.28453854,-22.29265282,-18.81299308,-19.40307858,-18.16294989,-13.78156281,-22.48066735,-22.1177672,-22.19426877,-10.52187771,-20.35740565,-22.62086359,-22.14600013,-21.5930807,-16.90315438,-15.9670756,-23.95509016,-22.05021839,-11.63105984,-18.30976572,-17.34515854,-25.17617554,-22.66494848,-24.63359894,-24.03244098,-21.67627523,-21.89474342,-22.47353384,-11.48491139,-22.14794341,-22.5566898,-13.99456894,2.858815675,-21.84182536,-20.47841876,-21.40579591,-23.39332633,-15.53651573,-22.73387247,-24.23033566,-20.69571365,-14.98238308,-21.78702565,-20.53456878,-11.7918347,-22.31417461,-25.14885337,-23.94345296,-22.45382078,-22.89893419,-17.78745359,-21.81240249,-23.94930985,-20.5363837,-21.76741811,-6.573650636,-24.65271308,-22.52624291,-22.72535989,-22.80358295,-23.91721782,-12.32268582,-8.115761043,-21.39644996,-21.93165979,-23.64147975,-21.79891993,-24.54883772,-14.84928985)
mX=[200,3](0.8527455648,0.03168920592,0.3241404604,0.0409596288,0.3658543097,0.01297163839,0.3929595616,0.7043635496,0.155760464,0.7543649161,0.7689528366,0.5191016319,0.09348802159,0.5601063787,0.201555256,0.1341011221,0.04585297222,0.1409184456,0.9513795882,0.1491074128,0.9132415911,0.5233012514,0.405750355,0.04853684644,0.3013041199,0.2744643569,0.1072210488,0.404689015,0.5031778501,0.3332565989,0.9114541929,0.129453213,0.9512560829,0.8499725245,0.26037194,0.2352525424,0.1117156157,0.7180635187,0.5321612292,0.5614936559,0.07968759759,0.9706403728,0.933988013,0.2339411799,0.4141758297,0.8159193926,0.3882441574,0.186653932,0.8206437568,0.1069879948,0.9604832089,0.550767442,0.2297542946,0.4058011101,0.2236011868,0.4220349794,0.5603346936,0.004081721809,0.322134403,0.4581583087,0.492360032,0.5802664258,0.9850186103,0.06459833136,0.5259042079,0.7076192124,0.4274553844,0.6281826085,0.471842883,0.542061491,0.3011119043,0.3613582992,0.187919028,0.5942902282,0.6337083567,0.9733602193,0.4372670435,0.9259909812,0.6447885776,0.7219929646,0.8891553368,0.4606048257,0.08676879226,0.8092244793,0.685578853,0.9901842045,0.553427319,0.1759674753,0.6078479358,0.7742629003,0.6959648039,0.4662829277,0.3843387856,0.8078470033,0.9174602646,0.06924209405,0.5378090225,0.8380128767,0.9457483021,0.5072087633,0.1378483732,0.8516515822,0.2126854121,0.002185882309,0.819093231,0.6594891615,0.730366709,0.2119279891,0.5776961493,0.6490755689,0.6251550521,0.6144646745,0.9601392008,0.6983097239,0.6005675569,0.5135589083,0.1220787176,0.7703034628,0.1807506073,0.2298729838,0.4353244322,0.7480410015,0.1123205372,0.2037055779,0.6194230115,0.1307958117,0.4500269121,0.2072623855,0.8394111276,0.2533205056,0.8072829077,0.3013096228,0.03729663346,0.05439282526,0.5963488427,0.4455082739,0.6519959175,0.8943914639,0.3332153143,0.6801789101,0.08423094547,0.965871631,0.5761901957,0.02389263893,0.6256913344,0.9290733405,0.5736173381,0.3657749229,0.02194205491,0.8473687359,0.6719717604,0.4551059,0.6546739135,0.1527401063,0.850919107,0.6705837305,0.2389627997,0.3525583451,0.902062326,0.791550763,0.1111269044,0.5032034536,0.2989832498,0.1711458505,0.280951695,0.7099650061,0.6750936552,0.3535071068,0.9222138868,0.753559749,0.7909320437,0.1472530452,0.9593919253,0.1707244391,0.8920840087,0.9351788936,0.7867585267,0.9080448602,0.8492099961,0.09442978197,0.7685081438,0.2905911083,0.07608500808,0.8722736151,0.1946966432,0.9381376871,0.9831541692,0.4777406615,0.2491935732,0.1970246676,0.8747572486,0.1948823974,0.3817734472,0.7900022802,0.746212664,0.3124147985,0.8657066515,0.3773341917,0.2881480561,0.06772780014,0.7321779342,0.9903793578,0.09257736425,0.4800908036,0.5171242722,0.2457720298,0.7236511444,0.02096021271,0.5537366769,0.7159393109,0.2669902756,0.3999913092,0.7587424828,0.5859087342,0.7778072046,0.5242382927,0.6643827604,0.1625378653,0.6035116374,0.3205928019,0.8866341868,0.342742733,0.8806855081,0.3417077349,0.5806059763,0.7199777781,0.6656466068,0.2697051741,0.1043149302,0.2179135756,0.2742708364,0.3494158017,0.8938773082,0.05138113466,0.4740251754,0.6944039575,0.006120319606,0.8643484666,0.8208825443,0.0344383647,0.08933914552,0.8108322768,0.6665753789,0.4824663924,0.489449575,0.6198123928,0.2702130395,0.6313277934,0.6867767516,0.377515739,0.2525715294,0.4276781216,0.05494149654,0.7881074739,0.3148274191,0.7486851645,0.5344931242,0.4952126795,0.121477639,0.9433336964,0.2525615981,0.01021598442,0.3122859461,0.290277808,0.5993890839,0.9079461629,0.9944294129,0.7389071187,0.3737074853,0.8276466648,0.9455474722,0.1518249683,0.4424336718,0.1653118499,0.01332793187,0.8701822725,0.4174756967,0.4136906116,0.4349858455,0.359592831,0.4497446044,0.1621629336,0.7224175841,0.2880195853,0.6433899856,0.2464565265,0.5483617785,0.4645576914,0.6300534922,0.9846803043,0.7623997022,0.07809337821,0.4939814007,0.5464171534,0.8317607107,0.3376646951,0.8651136677,0.7856097973,0.9708272999,0.3910190517,9.698907723e-05,0.4821086815,0.3818848838,9.701287281e-05,0.4537462113,0.4068340616,9.044230322e-05,0.561291039,0.3176271902,9.737509004e-05,0.422942189,0.4389624304,0.6984876142,0.5739637346,0.3036268146,9.69323505e-05,0.4231413419,0.4390760282,0.01429753913,0.5724573058,0.3068223979,0.9188457256,0.5135501157,0.3697771768,9.694709405e-05,0.4019209885,0.4647384043,8.966519728e-05,0.6036203065,0.2761442915,9.744599114e-05,0.4303660869,0.4280164486,0.7651140454,0.4497268625,0.423500067,9.692648318e-05,0.5220685149,0.3476719301,9.691901326e-05,0.3759797664,0.5040825255,0.9999738358,0.6265509683,0.2452167843,9.700795544e-05,0.4732795097,0.384095544,9.691493832e-05,0.3801757832,0.4950099789,0.9516775273,0.6222265374,0.2470091927,8.68623846e-05,0.6277159643,0.2507743647,0.8099849872,0.4388800275,0.4350092933,9.700979074e-05,0.5139072028,0.3512613789,9.696575683e-05,0.3958593253,0.4631089128,0.8876845286,0.5685930173,0.3098523405,9.690887147e-05,0.4562254395,0.389436675,9.716108999e-05,0.3542155759,0.5391570931,9.342725959e-05,0.6424618824,0.2337041083,9.795135756e-05,0.4359071856,0.4047757065,0.9999713877,0.6594443218,0.2063557923,0.002170810178,0.5519393141,0.3180492184,0.8123579066,0.4284397094,0.4477740966,0.6372844881,0.5495892456,0.3167725721,9.689192071e-05,0.393165668,0.4584631754,9.691137709e-05,0.487353506,0.3590349078,9.674952169e-05,0.6044906145,0.3827585582,9.684415015e-05,0.3485467724,0.553962994,9.300619189e-05,0.6500360227,0.2209405853,0.9999756603,0.6551206523,0.2072969055,0.0001054455367,0.4176672379,0.4178155569,0.6613170353,0.5479895912,0.3116024566,0.0001058006731,0.4331528815,0.3998446014,0.9999781396,0.5519304001,0.3880740057,8.656064555e-05,0.5963365468,0.2584754384,9.707158977e-05,0.3859995839,0.4698409867,9.710443247e-05,0.498662169,0.3431599654,9.687375545e-05,0.5279588615,0.4636459312,9.727868889e-05,0.6733150915,0.204167625,0.6784090838,0.4126181682,0.4512046755,0.4177983179,0.5763481495,0.2652202036,0.0001054187537,0.435345907,0.392685602,0.9999780294,0.6795286192,0.1893108744,9.591201278e-05,0.3455523696,0.5665128123,9.722535698e-05,0.6279406872,0.371063865,0.4170304705,0.5661909101,0.2756706007,9.695701181e-05,0.391976212,0.4494961619,0.4365033091,0.4889528661,0.347704152,0.4363387818,0.5759565024,0.2652873699,9.714997843e-05,0.4967726992,0.4909485726,9.789079133e-05,0.4776990765,0.3566286854,9.699759117e-05,0.3884317298,0.4497186273,0.9999779908,0.6352825253,0.3783597811,0.4154435694,0.5789760552,0.2647287627,0.5907016265,0.4627888251,0.3810468165,9.695474429e-05,0.6845843226,0.1970555514,0.9302085502,0.4265458305,0.5000747287,8.985507177e-05,0.5251929536,0.3174539018,9.663667762e-05,0.5592649225,0.4340279027,0.0001036884796,0.4147299053,0.4046345949,0.611176421,0.6041007993,0.2332181318,9.502288076e-05,0.6508374447,0.3285696337,9.642512322e-05,0.3965190606,0.4265774775,0.455650829,0.5154913314,0.3249813979,9.650678978e-05,0.4748965395,0.5122122416,9.774734676e-05,0.3330808189,0.6080913006,9.691271396e-05,0.3696120066,0.4788824428,9.60749775e-05,0.5485066148,0.2915764378,0.9999780943,0.6971531601,0.1806258697,9.702273965e-05,0.4481973223,0.3798291198,0.655126518,0.5824489592,0.2629223629,0.5620068537,0.497817185,0.3523341923,9.67517509e-05,0.5365333277,0.4225537472,9.725640547e-05,0.3782239921,0.4615782413,0.0001028261879,0.6211143025,0.2211030701,0.0001100202701,0.4306188275,0.3901856018,0.665013531,0.5720196929,0.2722007232,9.677782479e-05,0.4540810259,0.5285732429,9.241754035e-05,0.5216680056,0.3207070465,0.9999782015,0.5861318125,0.506620655,0.5426940923,0.4693996397,0.3729457837,0.7203684582,0.6165773707,0.2175085705,9.903618152e-05,0.5498795477,0.4035262221,9.907073074e-05,0.391546584,0.4357096838,0.6205036739,0.5416686261,0.3160092598,9.722919309e-05,0.7049085104,0.1833513424,0.9999780088,0.6885969687,0.3150934159,0.0001057206231,0.4192176142,0.4016043696,0.1887658917,0.5755345786,0.2582680136,9.678412362e-05,0.4856245634,0.4673734632,9.703322119e-05,0.3609168811,0.4999221917,0.5060361613,0.4730740064,0.3694716706,9.716289889e-05,0.637234394,0.4056323005)
