mCurrentIter=100
mCounterStuck=0
mYPrev=-35.47040795
mParameters.n_iterations=100
mParameters.n_inner_iterations=1000
mParameters.n_init_samples=100
mParameters.n_iter_relearn=1
mParameters.init_method=1
mParameters.surr_name=sGaussianProcessML
mParameters.sigma_s=1
mParameters.noise=1
mParameters.alpha=1
mParameters.beta=1
mParameters.sc_type=SC_MTL
mParameters.l_type=L_EMPIRICAL
mParameters.l_all=0
mParameters.epsilon=0
mParameters.force_jump=20
mParameters.kernel.name=kMaternARD5
mParameters.kernel.hp_mean=[1](1)
mParameters.kernel.hp_std=[1](10)
mParameters.mean.name=mConst
mParameters.mean.coef_mean=[1](1)
mParameters.mean.coef_std=[1](1000)
mParameters.crit_name=cEI
mParameters.crit_params=[0]()
mY=[200](160.4243268,-8.743123837,9.217330264,6.212544978,-27.03314121,-12.19469332,-17.76258083,1594.482429,-31.41479076,506.0248678,35.19441413,55.12537014,27.17279266,-39.56808183,60.67738083,-17.49723868,17.95760544,58.29579348,330.9749779,20.29446736,-9.99725269,-39.36536964,21.3373908,-15.94525378,17.99800039,32.54057845,635.7060004,126.1462709,31.82990669,-17.56856411,-3.737199748,-12.36836448,27.54789726,58.51326685,17.59051134,15.02129393,39.70706087,8.694576605,43.16619363,51.68039954,598.6796893,-22.56937087,26.67425742,220.9760712,24.61254083,2550.241207,-27.42770557,-42.91912169,-22.14207143,-15.40682026,11.05781235,-11.84299814,-4.952577924,43.27768886,34.16555559,-30.85870926,8.246911291,-34.74729569,-20.42543011,-6.119992968,-11.03721222,53.36971802,-33.26258193,-24.38351611,-2.735218071,623.9138934,-25.65926287,11.20088774,22.42198859,-7.385914472,7.0554046,-30.6861957,-8.923814365,240.8701442,14.93449958,1695.611865,-20.00791714,-3.751523053,7.24463634,5.268935591,-43.30687205,-34.84578632,420.4975331,-23.30384943,-26.62843657,-6.057746673,25.81346641,-20.7420185,6.387423199,1135.164455,-31.82926554,-22.77885054,-25.80414522,10.95291529,11.6855653,-23.4279638,-13.59946526,-39.84999969,3.089088006,-25.88931824,-36.58112949,-26.37449434,-33.88992613,-40.01394226,-33.75554053,-38.49688579,-37.8224442,-33.05199305,-32.34499002,-39.97664304,-36.38215,-32.01183135,-37.59364799,-34.13367186,-39.23665945,-36.80512413,-28.65301565,-34.27228421,-37.53867719,-34.45001813,-24.82792918,-26.00448549,-38.67444029,-36.32567533,-39.42442335,-29.21950316,-31.6784386,-28.8646631,-37.24973058,-29.62322087,-38.42643067,-24.66214588,-35.28492141,-39.32216304,-37.57809742,-39.25656112,-26.59492986,-33.33829493,-24.27544525,-39.44373856,-37.55566015,-37.69554517,-33.0201197,-41.4566442,-34.12815591,-23.8607343,-32.29784,-39.40528335,-39.47504031,-32.95528809,-29.51140722,-32.13669053,-36.95828495,-36.83706942,-31.40083354,-28.05355455,-40.96234952,-33.89403952,-35.37222456,-29.80840634,-36.22254664,-36.9181287,-37.22223064,-39.20720134,-42.02561827,-26.37188027,-37.96299448,-24.5948995,-40.01488956,-32.83428558,-41.70437765,-28.35678366,-30.53302568,-40.70402474,-29.25434328,-32.8514482,-30.20978354,-40.50813078,-33.24840886,-32.02396509,-38.51995633,-38.43079604,-32.56193359,-41.15778652,-27.83694975,-35.71739568,-41.98751284,-20.34778223,-34.79628999,-36.54786099,-36.15391606,-29.65916229,-41.22652427,-34.22126407,-34.15290085,-38.73899453,-28.25776554,-40.86347982,-38.8562979,-35.47040795)
mX=[200,3](0.8610025476,0.3893290541,0.1033311579,0.3013644969,0.5229287353,0.1414045184,0.5250070747,0.1208506445,0.4386914734,0.1053994655,0.7599055212,0.6973539907,0.1134115232,0.07886504815,0.5784369095,0.2986541976,0.7723461684,0.02690074009,0.5770663841,0.7010986497,0.5552968939,0.7315166446,0.2309878515,0.04003686534,0.9032642245,0.5722675156,0.5825917044,0.02229812192,0.246101939,0.1618751097,0.1279097636,0.9807661888,0.641822628,0.2733730057,0.01391866158,0.4283805481,0.5881579491,0.9919393327,0.2897292407,0.6782250516,0.4998038229,0.5250306589,0.4127516807,0.04154210785,0.4149981997,0.05823642402,0.7673542834,0.05619197698,0.8951507425,0.9364565314,0.530332285,0.5511867911,0.9462446174,0.9694479633,0.5987315502,0.2104488992,0.2009992054,0.6885697134,0.3997035598,0.9479950928,0.1333481895,0.7902413717,0.09546628673,0.5683438977,0.3495099356,0.4460755156,0.7238585024,0.9107048616,0.6652938724,0.4476063458,0.169476876,0.4652157179,0.2253817209,0.3746026438,0.9268440632,0.4872987833,0.975889763,0.6351776289,0.6359931091,0.0610282531,0.2361489345,0.07942093122,0.3117082991,0.2121572435,0.5401956443,0.6302806158,0.9592933054,0.6074511217,0.4620812267,0.7320504667,0.8203291288,0.8407904629,0.3888129524,0.7405734993,0.3521038884,0.7839896055,0.1539082284,0.5567220516,0.007397974259,0.2444010268,0.9679885192,0.9315527707,0.2554039159,0.4409248286,0.9152311157,0.5342795578,0.71306412,0.8281451739,0.005244975088,0.9524032272,0.7678642816,0.1961477772,0.7237733018,0.7583126455,0.01460436774,0.9284117955,0.8382175807,0.6453051952,0.853341133,0.9933104066,0.6281196845,0.3259656781,0.06167189817,0.4763147971,0.42413945,0.7024739964,0.4270911417,0.004084851975,0.9893217915,0.404071116,0.2738523427,0.1947207948,0.9765683366,0.134991217,0.9793791708,0.9583884842,0.05448869584,0.07685146422,0.1885094152,0.6467909206,0.1834157096,0.8813220471,0.5003888796,0.4064093037,0.2304420831,0.6055711605,0.5963588173,0.1638684414,0.08527768596,0.770753117,0.7705432505,0.368287933,0.9061467651,0.2151992302,0.1497816772,0.7905094906,0.4693969478,0.692182665,0.6898729261,0.8023085717,0.18328644,0.3749705435,0.3644167548,0.8125618116,0.8836979467,0.934828735,0.592542903,0.5689329746,0.3236636399,0.4081095965,0.8755508502,0.8754469012,0.6536393335,0.2917223292,0.06152590571,0.2996730215,0.7199216657,0.4314291073,0.415470888,0.2700962413,0.4943242687,0.1570672446,0.4585427855,0.9410536186,0.2694777834,0.308390869,0.1790301912,0.5191095965,0.5401188397,0.08235064054,0.6882942378,0.2249417076,0.7547492444,0.5311477217,0.8088948239,0.2656119716,0.03755619882,0.2471964211,0.8549753186,0.5425922576,0.6552689848,0.4552031861,0.8904488723,0.5033940225,0.9684645007,0.7861560304,0.8629800252,0.2048121191,0.1921618986,0.8146991736,0.5143597792,0.7427620383,0.7465722864,0.6622393704,0.1734276408,0.6074446888,0.09540112671,0.8067581558,0.3112203078,0.8305272734,0.3307741686,0.1373716216,0.7047984544,0.8824469851,0.01523170418,0.9194414511,0.1001221595,0.1164632231,0.6592586723,0.4523253182,0.7204301366,0.7992134871,0.8231963098,0.4956514179,0.7109300304,0.9010922838,0.3364635961,0.04449642662,0.8774731965,0.08333661637,0.8145094936,0.4719083325,0.4810608294,0.6184292239,0.6293861966,0.3600519169,0.3748123721,0.2516308687,0.1562688514,0.1446068505,0.4397151236,0.324172431,0.7888902317,0.09471683308,0.6172312805,0.92332883,0.8399511586,0.250066682,0.3901339751,0.2094821171,0.3551848024,0.03855955627,0.7326629621,0.1724229707,0.6904945441,0.1188401049,0.8920874135,0.8454324458,0.28084543,0.03151615586,0.3147161755,0.5816028502,0.2679681339,0.3388980202,0.6656227712,0.518785224,0.5042399618,0.3044665283,0.3935188245,0.3883390627,0.5650593005,0.8571323802,0.7643932275,0.6764528008,0.8402054662,0.3478903745,0.4804356347,0.6710838967,0.9925674913,0.2243420912,0.4755287488,0.9836832578,0.6131499926,0.1251664422,0.2842297933,0.8679587238,0.3491785441,0.3503557195,0.02780204834,0.6263257887,9.698946224e-05,0.3146391645,0.5508564636,9.147111699e-05,0.5078569486,0.2933368911,9.693912911e-05,0.4279571621,0.4031608933,1,0.5484985493,0.2441147382,0.9999780107,0.3201566385,0.5784234002,0.9999781097,0.4908979984,0.3341847991,9.691520247e-05,0.3380454015,0.4999673827,9.695594638e-05,0.2688038078,0.6061805837,9.681710582e-05,0.4527003811,0.3721443391,0.9999774348,0.6101890398,0.2142505562,0.9999782089,0.3645694878,0.5090434268,9.706740914e-05,0.5895652718,0.4164414317,0.9999904672,0.5318037947,0.2779790378,0.9999696821,0.6776652786,0.1714677249,1,0.439257417,0.3943201627,9.692027823e-05,0.3578361435,0.4572602675,0.9999780442,0.259594528,0.652754683,9.692799966e-05,0.2415078414,0.5463108071,0.9999780947,0.6062111641,0.4245934568,9.700404975e-05,0.4054276892,0.5788282156,0.0001013826041,0.5522994608,0.2336689005,9.801646915e-05,0.5485780104,0.2392676248,0.9999782188,0.4075567111,0.4510298852,0.9999781433,0.3789667836,0.5767503177,0.999984951,0.4921407273,0.3264162357,9.696419883e-05,0.4030880583,0.381165532,0.9999781627,0.6859191501,0.1634444759,9.696992934e-05,0.2229158619,0.6555068659,9.69557245e-05,0.4881155087,0.4730111026,0.999970023,0.2550901107,0.5482713142,1,0.5813567266,0.4435568325,8.946757908e-05,0.5001143965,0.2936119654,9.693930827e-05,0.3038482389,0.4851457857,0.999979916,0.6217613084,0.3139940545,0.9999781252,0.4132195647,0.4211070653,0.9999780837,0.4292900833,0.5388070115,9.69931413e-05,0.6512723044,0.4073047182,9.688286095e-05,0.3964813091,0.6012962761,0.9999781558,0.2201870756,0.6975956802,0.9999553097,0.5909546626,0.2254714694,0.9999781444,0.4810944956,0.3376686532,9.69152735e-05,0.4520676084,0.4839698472,0.0001023521499,0.2100559566,0.5548591335,1,0.5247137013,0.4684142807,0.9999780884,0.3457756038,0.4892055583,0.0001067882128,0.6352703162,0.1647250741,0.9999780994,0.3600511609,0.6245560923,0.999978208,0.5871543183,0.3543193517,0.9999605335,0.5700361082,0.2380708185,9.694355248e-05,0.5211846011,0.3530166493,0.9999780518,0.7122516133,0.1440829475,9.697129867e-05,0.3591661047,0.4274074404,0.9999699858,0.4373907958,0.3749080061,9.692219182e-05,0.4399222028,0.5403364118,0.9999882146,0.6590380936,0.4477567755,0.9999780187,0.2246506396,0.56598048,1,0.4905871788,0.4887781145,0.9999780397,0.6744026844,0.2588987981,0.05995465694,0.5261157952,0.4504244225,9.687159506e-05,0.2938811353,0.6438948157,9.692131775e-05,0.2797846923,0.5065595914,0.9999721887,0.4480118168,0.5777493951,0.9999781984,0.3865928398,0.4636143604,0.9999774189,0.5241482333,0.2707914289,0.9999781243,0.5206174252,0.3880690887,9.273080369e-05,0.5893690693,0.2084356966,0.9999826378,0.5667442508,0.4932431689,0.0001022978435,0.5013686488,0.2754907817,0.2985633927,0.3889315999,0.5189694088,0.9999788436,0.6752398757,0.3581894993,0.9999780422,0.4777469178,0.419512441,9.694106311e-05,0.1760913027,0.6617818195,9.696792502e-05,0.5813025962,0.4920922983,0.9999729294,0.6101894399,0.2071843785,9.705084361e-05,0.4728762759,0.6013246645,0.4883167024,0.4321720173,0.3536047718,0.9999870593,0.3283586985,0.6450404626,0.9999781223,0.4360855791,0.5176641424,8.290987968e-05,0.2086384411,0.5588461426,0.669093945,0.6755100568,0.1394461672,0.2445847361,0.4432999418,0.4459162647,0.9999752241,0.5312659666,0.2717489148,1,0.3076446718,0.520688309,0.9999781484,0.5623054938,0.3502242111,9.724186004e-05,0.6363978762,0.3075975064,9.7061913e-05,0.330278401,0.5813678035,1,0.5210926418,0.4310138172,0.999978091,0.2411103041,0.7320408729,0.000105368184,0.3301975732,0.4511529794,0.9999843077,0.472737221,0.5770624833,0.2511132374,0.5229395483,0.3998589052,0.9999788829,0.6806358428,0.4318543994,0.4445961559,0.4192871864,0.4958096834,0.9999780918,0.6737898867,0.2367834967,0.999977987,0.3933754527,0.4096214765,0.9999781166,0.5507593138,0.5027631853,0.9999780402,0.2078293466,0.5921333443,0.4725372119,0.3535840267,0.5385896499,0.9999818158,0.5689033042,0.2203375505,0.9999803325,0.4985153218,0.2934666005)
