mCurrentIter=100
mCounterStuck=0
mYPrev=-40.16254849
mParameters.n_iterations=100
mParameters.n_inner_iterations=1000
mParameters.n_init_samples=100
mParameters.n_iter_relearn=1
mParameters.init_method=1
mParameters.surr_name=sGaussianProcessML
mParameters.sigma_s=1
mParameters.noise=1
mParameters.alpha=1
mParameters.beta=1
mParameters.sc_type=SC_MTL
mParameters.l_type=L_EMPIRICAL
mParameters.l_all=0
mParameters.epsilon=0
mParameters.force_jump=20
mParameters.kernel.name=kMaternARD5
mParameters.kernel.hp_mean=[1](1)
mParameters.kernel.hp_std=[1](10)
mParameters.mean.name=mConst
mParameters.mean.coef_mean=[1](1)
mParameters.mean.coef_std=[1](1000)
mParameters.crit_name=cEI
mParameters.crit_params=[0]()
mY=[200](543.4037108,-26.17789127,3.522711672,-4.551067582,10.46193996,14.35505656,33.94210692,-1.387601523,-40.18200226,-40.33903134,-24.10293139,-17.49503494,-29.47439637,38.43178442,20.04119387,8.544918457,3042.662483,-49.85563908,-29.56868176,-34.32952303,21.63355558,28.90011109,504.6847807,12.27692107,-29.70007956,-13.01403528,1.42734211,-27.88847886,-31.95059932,-33.37620083,41.45594866,-42.73668231,-37.31943081,27.95352098,-37.26958135,-21.33333156,10.08388972,2.323087763,10.0173637,-8.913898107,90.7607703,-21.74736955,-15.16196439,-44.9542545,-30.55687068,-40.84499284,-43.40443544,10.89028214,-31.16523006,-40.06532522,23.03397772,-19.9660695,-15.9033306,11.33353807,-25.00215814,-17.01361808,-44.28472217,-39.72428296,-35.00691935,4.820921017,-3.300777925,-0.2706063441,-32.73113757,-0.04938359342,20.42861325,19.86738516,-19.07399005,-48.31003621,-15.95845588,8.838310984,-2.840925376,424.7712673,-43.79900392,-3.255851747,16.57378313,2215.804238,-4.653085836,29.8607799,13.71822161,17.86520466,-36.51438154,9.604169096,-15.98020291,21.25624284,524.416547,5.603837949,9.500034335,5.443762293,-10.00535744,1739.463521,-42.76488463,-38.69846513,-15.50398027,-2.207189647,15.00673546,489.2977968,-24.80038925,-1.012715395,21.15374542,-46.88060567,-40.88797186,-45.39769497,-46.81785261,-33.68221108,-44.55883983,-41.3000164,-30.39480799,-47.00919489,-36.00741626,-38.07503084,-46.52783025,-23.07838431,-43.39618172,-42.5086619,-34.80048471,-45.58007771,-40.25863688,-41.60183751,-34.46667963,-42.18079014,-32.58942212,-46.63470533,-37.9525878,-34.81057207,-46.08781736,-42.59960688,-46.15233248,-19.26135974,-37.91453839,-42.21961048,-45.42825903,-44.30382983,-40.96470099,-29.69573726,-38.58409452,-46.02936528,-42.76395632,-35.3203415,-44.11723743,-38.06783288,-33.00994475,-22.09706053,-25.6318103,-35.95357284,-46.14125101,-39.57971487,-46.22156772,-45.29251374,-43.73213514,-41.6626375,-39.26917181,-41.15233831,-45.75322572,-42.9840669,-28.16327658,-44.46093635,-44.48542376,-38.32781506,-18.33390296,-31.28763599,-28.93059546,-44.04951041,-47.2766454,-40.03217427,-41.76542509,-44.30029973,-36.13181673,-24.46259139,-34.48008407,-46.07310951,-41.38853604,-43.59479207,-46.33566532,-46.96334548,-38.96233998,-37.97722158,-48.22871152,-29.36037021,-43.65528815,-46.16498554,-46.63936303,-40.75506002,-38.79345702,-46.67165978,-39.33828184,-19.9191933,-44.19638505,-46.65918822,-46.43908094,-49.80303393,-40.3340374,-43.74376288,-36.27561879,-33.46832138,-41.49712628,-45.55504993,-45.08392189,-48.42628372,-48.04932182,-40.16254849)
mX=[200,3](0.4280386954,0.1504781988,0.1969048198,0.06213136674,0.7623705692,0.1252295479,0.8468544483,0.3050677716,0.3533476778,0.1077293971,0.5028809237,0.8266460871,0.4542625325,0.8573153555,0.7110412517,0.549465183,0.9063221493,0.6815685978,0.6657404658,0.2322047748,0.3411435521,0.7553157268,0.8814775887,0.4738830988,0.9100042023,0.492571112,0.2897048953,0.2056885817,0.3590725686,0.4060796039,0.1585638866,0.1243839092,0.7557432354,0.5911088278,0.08062499138,0.7088590996,0.3461540586,0.7185466978,0.4172358288,0.5598801389,0.4272986123,0.1557397198,0.1610667954,0.5307666005,0.079773737,0.5653167165,0.2856267354,0.926456252,0.9773696647,0.02162330045,0.06399548754,0.3821129203,0.3845393109,0.5062525196,0.7287136974,0.2622371874,0.6628904482,0.6514778007,0.5571000838,0.03331441594,0.2859294179,0.04751591494,0.9899180266,0.6722624162,0.210045985,0.3747555682,0.3558233596,0.05843131175,0.2683367422,0.1978122157,0.6566906958,0.8732230158,0.2640449721,0.09896288816,0.6475099657,0.8025712329,0.4452862891,0.7977870709,0.5797621453,0.7395225214,0.7722357036,0.4193838949,0.6117097102,0.6268639684,0.9281774857,0.6653485241,0.5356124034,0.217385453,0.3186814641,0.3909433538,0.8581241838,0.969260912,0.8967021873,0.9549178364,0.6424042283,0.1058610431,0.2479161004,0.245130188,0.6764353407,0.3780147533,0.6869393463,0.9584141354,0.4914728395,0.1980821254,0.5421060952,0.1169684556,0.1755759023,0.7801305905,0.3053665,0.7233144262,0.8323169441,0.1262354731,0.7744314715,0.7237149882,0.4056949061,0.840786449,0.7318048127,0.235578953,0.8612261149,0.2523799748,0.9440008324,0.07176689906,0.4539783814,0.998250062,0.4754681564,0.1499655184,0.9848759343,0.8089098707,0.4619288177,0.4836916524,0.5615886329,0.3291622228,0.4736239165,0.1661385158,0.6516762626,0.332840173,0.4331174695,0.3616530013,0.686158159,0.3340362748,0.5221965045,0.6068445701,0.3437832033,0.9365081797,0.8341276482,0.745267801,0.1742214744,0.02370396449,0.4597178198,0.5962472288,0.710743249,0.4045985923,0.992418999,0.8822805812,0.2059280668,0.6943733267,0.09074230277,0.7544544989,0.01124531558,0.6954387602,0.5237915551,0.0449533801,0.8213269142,0.7918768804,0.1136977408,0.6121323605,0.1813423164,0.4908587472,0.7333038191,0.5774069009,0.2126272559,0.05872802311,0.4872534719,0.5878874208,0.01130975307,0.6734463412,0.2351306721,0.2209618826,0.78481632,0.7417995709,0.9615793891,0.875751572,0.08449476444,0.1469417914,0.2909022067,0.8863686799,0.03153075847,0.7015951214,0.2705078073,0.1726924814,0.6345960977,0.8094747085,0.7789620469,0.9943103382,0.431780237,0.5814674955,0.6066951714,0.9474703958,0.1849299525,0.8184287945,0.05440441302,0.3261877516,0.3250697283,0.5559568695,0.3691603518,0.5189646097,0.7637499818,0.76811752,0.945313036,0.3041031176,0.2782434289,0.894252795,0.2036111011,0.8754889132,0.2562802651,0.168505023,0.9366759384,0.6251376306,0.2921402195,0.4463203231,0.06886569391,0.8524583536,0.622523295,0.03271479009,0.9634133416,0.319494803,0.003889577079,0.1321881127,0.5355607697,0.4663820538,0.8476198476,0.6366144819,0.9362972916,0.8132017678,0.008776512356,0.9214606879,0.6005873237,0.4677042194,0.1009561692,0.9710113914,0.7076771836,0.5864970528,0.5794221901,0.2902112445,0.01116452578,0.5620844765,0.9047457302,0.8296241485,0.2421745321,0.867242917,0.9722266751,0.6194124089,0.5158275898,0.4119018756,0.006361140707,0.504799135,0.2236099392,0.9119204959,0.3986146963,0.9505408676,0.319728281,0.782831141,0.3615007013,0.9043162736,0.8996823016,0.836052631,0.4847101896,0.5252113105,0.1332476663,0.09557917161,0.2585015327,0.5435007359,0.3347553982,0.8104785485,0.6951887029,0.1809141627,0.6454919652,0.2759865309,0.3880275433,0.7482916327,0.3986433775,0.863895857,0.1340866213,0.9174453661,0.6363344177,0.08693985015,0.3754758153,0.02358539472,0.4396728947,0.1491529568,0.5141134948,0.07115248364,0.1125387328,0.4299497903,0.04233322839,0.9862989535,0.4416242243,0.7936127369,0.5991657573,0.2230142764,0.9999780889,0.4737726387,0.4410283924,9.697856649e-05,0.486638778,0.4400087163,9.692237776e-05,0.315550936,0.4969334445,0.999977423,0.4099656867,0.4605116756,0.9999781512,0.5661763391,0.3945562574,9.71035907e-05,0.5751017419,0.4450515186,0.999978145,0.388668864,0.6226322095,9.684571687e-05,0.2992809682,0.5103295145,7.922229416e-05,0.633543387,0.1765322287,9.525494679e-05,0.5625636279,0.2681926426,9.657477584e-05,0.4144156533,0.4410293307,0.9999781422,0.3409238692,0.4862697832,0.9999755445,0.6396193986,0.179398633,0.999978139,0.5099455018,0.3476561905,0.2031551095,0.6517591934,0.154373537,9.679433371e-05,0.2772658745,0.5880455591,0.9999781298,0.6717593997,0.3191885238,9.715509644e-05,0.4833792695,0.3674906414,9.681184459e-05,0.6368431237,0.4899981506,0.999978042,0.5073911513,0.4876415535,9.11555919e-05,0.3611075372,0.6902458553,9.689761347e-05,0.3520169871,0.4713235568,0.9999781089,0.4667597985,0.3826529938,9.706724165e-05,0.6590345563,0.3558138606,9.708066586e-05,0.4527216551,0.4938245794,0.9999785344,0.6248760037,0.2036879778,9.713686299e-05,0.2556576641,0.5606959503,0.9999732448,0.289082935,0.5519991682,9.79155246e-05,0.579410418,0.2454924017,0.9999720007,0.6625746441,0.1440850775,0.9999886784,0.5835383414,0.2612451674,0.0001068201223,0.4350982378,0.4107543567,0.9999780887,0.6259157354,0.4066139904,0.9999782406,0.4935184383,0.6582981973,9.671033455e-05,0.3557014605,0.6470401943,9.69132569e-05,0.3063640551,0.4814473029,9.704501907e-05,0.5163841755,0.5146915272,0.03574148864,0.6646267508,0.1454295091,0.9999781691,0.6177847215,0.2260572502,9.796127293e-05,0.5163908125,0.3271860761,0.9999774641,0.4166391968,0.4293339128,9.704626827e-05,0.6970911759,0.5663398675,9.726078286e-05,0.3069528787,0.7442648402,0.9999780298,0.706595004,0.3181715727,9.67377252e-05,0.3903440017,0.5502372846,0.9999781574,0.4930999306,0.533999128,0.0326377479,0.3813342162,0.4493512773,9.770016079e-05,0.2340589861,0.5795099504,0.9999833007,0.5547524467,0.2853324582,9.708997388e-05,0.5739074353,0.4051882367,0.9999780126,0.6696741744,0.1339661149,0.9999780817,0.5979546556,0.4571243482,9.705984596e-05,0.2894154269,0.4909316325,0.999978016,0.5164780597,0.3386096685,9.697057614e-05,0.7287375813,0.3618792423,9.690972547e-05,0.3733128982,0.5877091996,9.710306746e-05,0.4588182219,0.4117749539,0.3298347863,0.6277147813,0.1908650992,0.9999781441,0.3092665078,0.7373265866,0.8838793216,0.3422121142,0.4752903182,0,0.5143820443,0.6629611934,9.697584113e-05,0.4971499112,0.5047612512,0.6305246216,0.4935338126,0.3874218158,0.9999779816,0.6712490843,0.133006024,0.9999795825,0.6172949515,0.2329534574,9.707398918e-05,0.2366603686,0.5989479649,9.710885194e-05,0.6724960297,0.1409365741,0.9999780743,0.6754436532,0.6254778938,0.9999779474,0.4099684759,0.5740999557,0.0001072916622,0.3126410706,0.4789519233,0.3280139549,0.5689018443,0.2670884559,0.9999780502,0.6162565762,0.366278767,0.5395486578,0.5484051273,0.4669493145,9.710560194e-05,0.4150558754,0.5167099234,0.9999781521,0.6831857709,0.2343712228,8.949821156e-05,0.5554864953,0.3125873633,0.5670327277,0.4327729741,0.4142815515,9.703491775e-05,0.6824284295,0.4885953343,0.0001134352217,0.2938340861,0.6098408238,0.06600907765,0.3803836518,0.4516960215,0.447643069,0.5361007643,0.401373466,0.9999780037,0.5738311076,0.511495147,9.105409614e-05,0.5338857968,0.5569321385,9.695725858e-05,0.262008668,0.5246882953,0.2459371963,0.6245734826,0.1918531367,0.999978071,0.2670719124,0.5891824277,0.9999784863,0.5592664178,0.2783558765,9.703006584e-05,0.3945358167,0.540772772,0.6214875964,0.4630265683,0.3760072234,0.49245845,0.4436619807,0.4708277432,0.9999779829,0.6794671628,0.1180359664,0.999967388,0.6271010213,0.1813821666,0.9999775509,0.6851728227,0.3828530807,8.992364591e-05,0.4149064676,0.6718516279,9.710672441e-05,0.5744651369,0.3870808212,9.768535166e-05,0.3313629263,0.4640164571,0.9999706777,0.5542579707,0.3027964884,0.4567553132,0.4926000125,0.4549924866,0.5956423312,0.431669622,0.5343885397,0.4128844059,0.6096229795,0.2079383225)
