mCurrentIter=100
mCounterStuck=0
mYPrev=-11.82074396
mParameters.n_iterations=100
mParameters.n_inner_iterations=1000
mParameters.n_init_samples=100
mParameters.n_iter_relearn=1
mParameters.init_method=1
mParameters.surr_name=sGaussianProcessML
mParameters.sigma_s=1
mParameters.noise=1
mParameters.alpha=1
mParameters.beta=1
mParameters.sc_type=SC_MTL
mParameters.l_type=L_EMPIRICAL
mParameters.l_all=0
mParameters.epsilon=0
mParameters.force_jump=20
mParameters.kernel.name=kMaternARD5
mParameters.kernel.hp_mean=[1](1)
mParameters.kernel.hp_std=[1](10)
mParameters.mean.name=mConst
mParameters.mean.coef_mean=[1](1)
mParameters.mean.coef_std=[1](1000)
mParameters.crit_name=cEI
mParameters.crit_params=[0]()
mY=[200](21.77298341,27.84472889,-11.88247113,-5.006789673,-9.375036358,1921.502041,86.05000632,593.8415022,16.93826854,161.7633269,-7.801150625,27.54713721,-16.21504164,-17.23569954,21.39914207,56.72670998,239.4651138,30.68106435,-19.54080693,25.43926366,41.37581682,666.9303613,-3.391521169,63.06541447,42.55812186,683.4042614,-7.147724596,4.47885768,-21.82848209,2163.264539,47.08251627,26.35652983,-13.14070035,1403.420216,1155.674626,22.16550422,25.90542648,544.9527712,27.72573697,-11.81814541,14.72102079,-16.11137372,22.09532298,15.64709482,42.45082742,14.998943,-10.22321865,-1.0173572,9.738391155,71.97735008,22.33053061,45.50327486,25.04096135,-6.258454811,-2.223074343,65.35244233,48.06388248,26.95466649,0.847583874,2985.52345,52.88442361,80.09513586,271.6367866,2191.47695,-3.91073298,43.54073948,37.93330433,14.40773625,2948.455228,67.71356326,415.7311281,2666.147895,47.15496888,2.852125039,-18.3851845,46.11393326,35.57224345,-12.98553295,30.78771209,388.4037355,-18.15253907,139.1442887,995.6602008,-9.229998843,-0.1856178549,-19.9009513,867.8850195,18.93067972,-13.03115835,5.72453562,92.78907117,37.20471999,-11.32828744,49.86400304,72.64730733,60.93440046,-23.76175617,37.71788766,33.30420875,127.825902,-13.73856553,-16.30622292,-15.47948204,-15.68841827,-21.08844779,-15.88702697,-15.39255114,-20.72440264,-14.00112771,-17.29408224,-15.76472264,-11.87812833,-20.97466397,-17.11091112,-17.49197355,-19.18958907,-20.86319319,-15.60281918,-20.61715183,-20.63606531,-11.5339,15.04664351,-18.44084216,-13.5647811,-18.48677664,-3.339069004,-10.87700153,-18.70218409,5.168548735,-19.13114458,-19.05023088,-16.13274138,-14.0860563,-17.90615812,-14.43746268,-11.84512319,-18.35128136,-1.1305535,-11.63373247,-21.64521364,-18.258249,-20.4475953,-16.19592748,-5.992687034,-16.70667472,-10.47563841,-11.64182215,-19.20883043,14.18371743,-14.67278305,-9.105228716,-3.267334086,-16.37266258,-20.55464505,-21.43021446,-22.24720179,-1.946192559,-21.79894635,-20.67407747,-20.03477744,-19.2584722,-14.01975654,-15.53638842,-19.27236145,-16.15761615,-15.2435176,-22.50578049,4.245401166,-22.66815958,-18.26449207,-12.66675866,-14.14242296,-19.51514584,-18.46370781,-0.1754099883,-19.89246945,-5.760736031,-19.76545795,-22.7213241,-19.12122238,-17.35201351,-2.171980884,-19.66357389,-18.04278715,-22.57935285,-17.55821644,-17.89970216,6.562949505,-22.39879039,-19.26865177,-21.266558,-11.49636045,-13.97990282,-19.18527425,-17.74933002,-23.89900316,-10.49616024,-14.48576341,-21.19943132,-11.82074396)
mX=[200,3](0.07346217574,0.7706685054,0.6955842814,0.5614789641,0.7286282481,0.7986930662,0.6947615287,0.5552527616,0.1273697825,0.6177810693,0.2776512338,0.5919142647,0.1384952714,0.3575643939,0.6744406651,0.5932369418,0.05425455272,0.1705046203,0.758537424,0.1348797147,0.5193717216,0.02338656567,0.1845891913,0.1816850143,0.2784770126,0.1979855438,0.4252226663,0.9624134408,0.2646242328,0.3475391065,0.6893403769,0.738920896,0.1119662385,0.854271293,0.5665028281,0.8565262138,0.345494745,0.630529144,0.4385246394,0.4999889368,0.6058515918,0.1068854607,0.9905148596,0.2961471752,0.724890543,0.479962139,0.8427613135,0.9190163142,0.2088067498,0.0181018488,0.442591102,0.3231941024,0.8011371061,0.7489103406,0.4410577511,0.6138385231,0.2138707295,0.4329739165,0.6576452527,0.8160206624,0.7387582288,0.9757647146,0.496440463,0.6434263456,0.5002282058,0.000949377045,0.01966210463,0.7562559031,0.259573988,0.5508829445,0.9475105344,0.8839706394,0.518407429,0.515828611,0.9527365257,0.8448936548,0.243772418,0.1671093379,0.4619205693,0.5726999663,0.6295588663,0.1290958132,0.3845413985,0.306374631,0.296754275,0.4007757769,0.5538864324,0.5422184832,0.1242079488,0.09516340228,0.2189610599,0.7420952526,0.9023349572,0.7439424918,0.1092801881,0.7516245777,0.2498312272,0.5497466785,0.576353563,0.9479017519,0.04595837847,0.2379493166,0.9383521391,0.3292723396,0.0376818533,0.9722269268,0.8962729343,0.3184750106,0.330945077,0.8395303846,0.6519021279,0.8025310406,0.4353144155,0.01169578247,0.390047729,0.7102985972,0.8006701729,0.5303338444,0.4482969306,0.6422171645,0.8337197075,0.8635348195,0.3238914661,0.1596965929,0.2891739697,0.6170867277,0.7909135331,0.2156985395,0.7663555393,0.9101373687,0.4174894393,0.7705970537,0.1149219694,0.2236439665,0.3593278422,0.08933241899,0.8520879027,0.05037141311,0.5722212053,0.3906863732,0.368488866,0.4885434471,0.7631840435,0.3917362535,0.9228012272,0.5389410361,0.7370328979,0.3137843602,0.9534936992,0.9357280893,0.1448376789,0.1724642388,0.8618150665,0.6575956646,0.9980346743,0.4816640484,0.3039065794,0.8871431915,0.526579264,0.2394870593,0.6783502712,0.5017570958,0.283808641,0.1612401144,0.5852319944,0.7071688843,0.140796841,0.5351967609,0.8269682847,0.4814279867,0.08298390002,0.8755203963,0.3088024898,0.8400959322,0.3534941496,0.7864578158,0.1931708551,0.7758839054,0.0376762588,0.07317904425,0.1764261398,0.6424936796,0.9709101714,0.4097381044,0.9686734568,0.9875814106,0.06956651041,0.3684365356,0.1386034896,0.04694128268,0.2322807388,0.02613693385,0.9819488931,0.4908948701,0.5658079736,0.09532895033,0.09511094556,0.966893088,0.3706870408,0.9016597696,0.6834890149,0.1890642007,0.2036154483,0.8211580932,0.8101229986,0.06575870056,0.06519171859,0.3830186849,0.914617207,0.9405447063,0.002563860912,0.005005649833,0.3869421869,0.9082253118,0.151677877,0.04522347593,0.05737628738,0.9368616522,0.7079838938,0.2527801901,0.7955480832,0.2808740477,0.6626378876,0.6688050674,0.2670824022,0.713708516,0.8110550382,0.8788821391,0.1621328598,0.5914595721,0.891093764,0.635515214,0.6973905527,0.2244175081,0.5288015843,0.2530692768,0.3721771516,0.2208032915,0.316473724,0.1431125419,0.6008303296,0.3718127662,0.4629403802,0.03990702221,0.3349381226,0.2086446118,0.2689564942,0.02052479507,0.2754760488,0.4501118791,0.454750378,0.6633104544,0.6259436356,0.6843021707,0.6036510912,0.7216779711,0.6205748278,0.336936111,0.5859225798,0.08988258435,0.2421532659,0.7608791401,0.8798214952,0.4084279967,0.9530137706,0.5233086444,0.4578148237,0.8617144658,0.5895427041,0.7104082055,0.8881590635,0.1135310077,0.5426629739,0.4212034341,0.8214735312,0.7888352097,0.8948354431,0.7088109951,0.2926360017,0.1980735569,0.4691085037,0.9902048732,0.3638206772,0.4242469344,0.1504526041,0.7858650835,0.9815297558,0.8308908662,0.4149812757,0.4786083717,0.4153460184,0.6712654847,0.9295563738,0.6302847219,0.1041840906,0.3471245052,0.9213297885,0.5055669621,0.07557362195,0.4780511114,9.710306595e-05,0.5205898542,0.2709795364,9.071149813e-05,0.5221863577,0.2694918756,8.744383457e-05,0.5286405176,0.2635369049,9.700221716e-05,0.4730499348,0.3358173079,9.684898762e-05,0.3812222434,0.4534016779,8.946831407e-05,0.5700745243,0.2273366879,0.02433964888,0.4834505263,0.3174167418,9.694146733e-05,0.3634284207,0.4737746419,0.9999855544,0.558711941,0.2484248192,0,0.4395388608,0.3804756258,0.9999865131,0.5723500566,0.2366871695,0.9238287008,0.5236094001,0.2870779161,9.715764925e-05,0.3446264556,0.5024379494,9.716480433e-05,0.5992067419,0.2087917004,8.679436964e-05,0.587476718,0.2159254419,9.722478751e-05,0.4308691261,0.3869843903,0.7880686246,0.6144113967,0.2066734311,0.8390377197,0.5054167853,0.3146555036,9.692183357e-05,0.3424200399,0.5129843653,0,0.4992852808,0.4792926483,0.000105505004,0.5256851204,0.2522854804,0.9999781225,0.382572284,0.5072858007,9.703142924e-05,0.5942202293,0.3616866335,9.384661512e-05,0.4798909796,0.2958687281,9.689039483e-05,0.3938674557,0.4123332825,0.9999780546,0.7089954373,0.4914370727,0.9999780829,0.5267919997,0.3752022742,0.9109685303,0.6371641196,0.1997723236,9.674223083e-05,0.412644104,0.7595138604,9.69656771e-05,0.3592119002,0.5723739619,9.687884245e-05,0.5244657503,0.508016364,0.0001044018761,0.6273963463,0.1991058695,9.533772075e-05,0.541665115,0.2406773432,9.70468363e-05,0.3908645094,0.4149371251,9.68894021e-05,0.6523583796,0.3731587396,9.502983433e-05,0.4673820234,0.3132592906,9.725492056e-05,0.4484483314,0.5606510143,9.668989705e-05,0.6997082705,0.5362049416,0.9999780558,0.6563645546,0.3975219414,9.686319386e-05,0.5115250933,0.4303031464,0.9821116792,0.6102666749,0.2162619365,0.0001050910143,0.3170284945,0.4938252806,0.0001041986887,0.6458555731,0.1925346287,0.9270638806,0.4427804306,0.450123845,0.9880920704,0.6547611154,0.198651203,0.0001159233406,0.3007883133,0.6649953511,9.538809641e-05,0.5181666614,0.2534364366,9.688198451e-05,0.3703606055,0.4347900619,0.9999779416,0.3652663409,0.5855418627,9.699079739e-05,0.4459643365,0.3489065846,0.9999779578,0.601006275,0.5186112934,9.685204088e-05,0.5506044367,0.654019529,0.0001017210469,0.6262630993,0.2918003456,9.676829981e-05,0.476307773,0.5111486901,0.6884387649,0.5492700335,0.240409828,0.5852264756,0.5547325067,0.2338439974,9.724947396e-05,0.7292789819,0.4379484212,0.4975370564,0.5695644733,0.2230666243,9.723322537e-05,0.5454890608,0.4206775581,0.0001010106992,0.3119110508,0.5243809207,0.6187138439,0.5064758949,0.2911110174,0.9999844928,0.6465371373,0.3270345666,0.1542832828,0.6583806463,0.1854584812,9.686805956e-05,0.3774953483,0.4324951395,9.674205243e-05,0.4146653739,0.5970208024,9.632451058e-05,0.5688161892,0.5199184883,0.6096813837,0.489646307,0.3643103413,0.9999780317,0.7427190855,0.5510110966,9.774656862e-05,0.4342006409,0.4846503646,0.3843808321,0.5655706314,0.2220895203,0.9999779853,0.6877104857,0.1910176613,0.0001058598864,0.4377673321,0.352811919,7.923284363e-05,0.3084180252,0.523771049,0.2130258901,0.6222842689,0.2901487008,9.694774909e-05,0.3474039625,0.7359530395,0.7740987901,0.579876939,0.437128875,0.9999780135,0.7163922342,0.4130765948,9.699209464e-05,0.5516001727,0.3736361574,0.6005649537,0.4532044457,0.4842647866,9.695322756e-05,0.3527252268,0.4508288954,8.983423844e-05,0.4536127781,0.5756126269,9.696053491e-05,0.6347636485,0.6020819654,0.4954652452,0.5598147637,0.2249472581,0.5003829924,0.5154922006,0.2628666835,0.6243419196,0.4524454962,0.4044228219,9.735568358e-05,0.5781177872,0.4635451793,0.000104741663,0.3186971668,0.5911630164,9.682830758e-05,0.5003274496,0.7478359255,9.715221868e-05,0.4401037495,0.4739266882,0.1998833582,0.6300703012,0.1930421767,0.5467707318,0.6180189581,0.2836119747,9.301516497e-05,0.4802424046,0.2854001999,0.8599255488,0.5405123854,0.5271520617,9.769792377e-05,0.3321190831,0.4752422087,9.930752924e-05,0.4169120832,0.3931869589,0.6052515707,0.560501542,0.3546553406,9.701065286e-05,0.6907409552,0.3459748596,9.685629245e-05,0.4043289423,0.6202294995,9.904845206e-05,0.4328813459,0.5166716639,0.7116323784,0.3613653453,0.511209053)
