mCurrentIter=100
mCounterStuck=0
mYPrev=-49.0697561
mParameters.n_iterations=100
mParameters.n_inner_iterations=1000
mParameters.n_init_samples=100
mParameters.n_iter_relearn=1
mParameters.init_method=1
mParameters.surr_name=sGaussianProcessML
mParameters.sigma_s=1
mParameters.noise=1
mParameters.alpha=1
mParameters.beta=1
mParameters.sc_type=SC_MTL
mParameters.l_type=L_EMPIRICAL
mParameters.l_all=0
mParameters.epsilon=0
mParameters.force_jump=20
mParameters.kernel.name=kMaternARD5
mParameters.kernel.hp_mean=[1](1)
mParameters.kernel.hp_std=[1](10)
mParameters.mean.name=mConst
mParameters.mean.coef_mean=[1](1)
mParameters.mean.coef_std=[1](1000)
mParameters.crit_name=cEI
mParameters.crit_params=[0]()
mY=[200](-34.61368709,11.26850777,-6.693507987,1135.117376,-32.40309737,-46.62181571,-18.16790758,3547.796635,-27.59007315,4.139907184,9.697670391,15.34106462,672.5147051,302.3219421,-39.93483622,1028.692661,-22.02511945,464.1036399,-47.86469976,-38.83061094,-11.55691143,-40.7694624,5.897403977,104.0202476,0.08310077606,-11.04080301,-12.95733796,4.567307694,-51.33637719,-34.69887194,25.65178256,21.1355147,10.68474816,-45.28685984,7.431876853,45.48015591,3.163220307,5.708937462,4.656260708,-18.47919168,6.06382652,-6.931796004,-2.891222175,2.761010239,-41.10669591,-9.790039701,-8.174013293,3538.298273,-49.63229405,-24.0521928,-0.1821747607,-2.591219249,17.44138374,15.41156464,4.925881951,20.69531902,-12.42094099,48.55739523,-16.9285342,-9.782515238,-36.49720462,-22.43555766,502.7768793,-24.11207127,-25.50463075,-37.26280072,5.884346588,6.377586669,4.577561557,-20.27854258,-28.85548413,-38.14387134,10.25462397,-16.76191115,2.711702343,-49.22829254,1.303223942,-33.02621575,-0.8786632827,-15.1337476,10.51917062,-44.31595717,-24.15184834,55.74887891,-20.78829353,17.62070833,663.9266416,29.21809525,23.50557958,17.16830564,12.42243749,46.41527937,-1.146248031,114.638203,4.471221031,233.0996184,14.81899443,-38.99913708,15.76452616,589.712246,-48.74451059,-45.69564983,-49.40954517,-45.54611511,-47.38668334,-50.10870385,-48.07750712,-42.64944617,-47.29778108,-47.03593777,-46.84110162,-35.56113584,-39.35930339,-49.66106505,-37.95036918,-46.33043444,-46.6558587,-46.51155861,-43.36268913,-44.93543465,-49.01418851,-37.14472688,-29.12031501,-40.78207091,-45.78613753,-32.96386852,-33.40332453,-48.47807512,-45.68074649,-46.55559473,-46.52541279,-37.48241449,-49.64456045,-48.74101115,-30.70636879,-48.11982539,-21.74364973,-47.13132174,-46.27395833,-36.84434178,-35.17477605,-44.44977569,-29.10967412,-49.85167284,-47.32045637,-39.9864443,-48.93259999,-42.83829569,-44.09981628,-46.6003891,-49.15354287,-31.71142452,-23.21579125,-47.51403209,-47.18202658,-32.87781134,-33.53478073,-50.30066345,-50.29968902,-32.16180995,-45.32037659,-43.01821395,-43.81679623,-48.3527215,-48.55023091,-49.17145863,-48.34326921,-40.69284878,-49.58446076,-46.59825414,-42.95663581,-3.582952954,-45.91920721,-37.77757138,-34.05761616,-52.69044562,-33.51056941,-24.54424759,-47.27817488,-48.64868252,-24.16047335,-48.92556908,-48.9686105,-45.01619505,-46.13471271,-47.41747552,-49.06287117,-51.72908954,-48.57805112,-45.29699947,-47.30126306,-44.94207895,-31.16399214,-31.04187113,-50.14886696,-45.05745124,-41.88655383,-47.7663297,-44.81422082,-49.0697561)
mX=[200,3](0.841203532,0.5941803266,0.606014539,0.04603535798,0.770742588,0.8638834547,0.27918176,0.1720417832,0.5200639525,0.5183359894,0.07840789212,0.2480228105,0.6167777968,0.4053913429,0.6781201579,0.4120529356,0.6605458174,0.3708473082,0.2096988394,0.1199480173,0.7162167473,0.3078263567,0.05635876401,0.01140464788,0.006910833251,0.7307615855,0.577839913,0.5520010151,0.792988179,0.8210162384,0.5291157992,0.3857171174,0.2511239676,0.4865607563,0.1309489216,0.9557423582,0.7299564616,0.299169352,0.1407080847,0.9129549443,0.3966094795,0.1124153415,0.6564271213,0.4150635058,0.5823549113,0.7417971307,0.3025059305,0.08972728283,0.5392025563,0.2515360245,0.6160906306,0.06362752127,0.2443514026,0.181217489,0.8397301103,0.5812511048,0.3094299686,0.5617048132,0.4695536426,0.651081032,0.6046618298,0.5114378295,0.1328122709,0.9419427998,0.7090944461,0.2165204558,0.7637988957,0.6153051794,0.9081888578,0.8996124671,0.3248198949,0.3114397854,0.4475887785,0.8604639957,0.7027771315,0.8109846084,0.7678293695,0.7205563006,0.121257848,0.8821115852,0.3293445683,0.1620922991,0.06463126317,0.8925632574,0.03479618126,0.4570593874,0.5021367116,0.9759557661,0.5742461434,0.5471081993,0.4223621577,0.3327873402,0.2936655246,0.1420413408,0.9250805988,0.813083231,0.07760058616,0.1536899318,0.9745121645,0.3394652766,0.6781969776,0.3367339452,0.3821999223,0.8953499012,0.7304713625,0.4791572625,0.04707334092,0.6295342384,0.8661710092,0.3480710701,0.8716946501,0.3496912794,0.6826756203,0.885340365,0.7867886548,0.9697439556,0.05465818027,0.7103268662,0.8090726524,0.5688526815,0.2477306528,0.9152564057,0.6652373529,0.2974483577,0.1979960229,0.8553590903,0.05900348353,0.751368581,0.7781778307,0.2370461974,0.9761130742,0.1953312006,0.6937491378,0.529556,0.5984413549,0.6735287499,0.7125827552,0.004199033594,0.3163202863,0.6530731957,0.8098543612,0.4931887494,0.03279329763,0.02442159099,0.3679184797,0.6048330473,0.4109977267,0.738484939,0.7896598276,0.5324697878,0.4614085873,0.5396436026,0.1059806801,0.3943614548,0.1627342104,0.845198318,0.3712874006,0.3120585897,0.9980124895,0.1086462211,0.4238824715,0.9851742403,0.6302669629,0.9462821225,0.5534176675,0.2654752661,0.1478808542,0.4734744698,0.3544614695,0.6288674958,0.7956377002,0.7791959423,0.2729977787,0.4235772618,0.7952805951,0.4723275138,0.7667004179,0.2140084518,0.5579340703,0.8304159206,0.5973310564,0.7437128399,0.03794840355,0.4388028912,0.2211166505,0.6447316529,0.09794707388,0.3510353917,0.09713179305,0.8771838884,0.8235588523,0.3408064254,0.5455086664,0.8160068695,0.3606355788,0.80217578,0.5476006549,0.2038041351,0.9029738834,0.8793689351,0.754389513,0.4041201347,0.9079195326,0.6904560893,0.3224498888,0.959085333,0.4689258104,0.9855207064,0.8483847414,0.2316555772,0.01996151582,0.286297318,0.7481428556,0.5802155356,0.3684746108,0.4564126802,0.9311218155,0.9815289656,0.5111238464,0.1177711771,0.08983526764,0.6302000517,0.2525764825,0.494920775,0.16933223,0.6647493602,0.6458792111,0.1523644431,0.159511958,0.3784519896,0.9197061438,0.6823206723,0.4483271562,0.3537876313,0.7063547481,0.9390610854,0.07459377307,0.9218793039,0.8572204875,0.4462021269,0.96370592,0.5054302527,0.928870815,0.825518366,0.6903170823,0.1221467486,0.7510123242,0.6316884333,0.04101446032,0.02273348929,0.4303208574,0.1778751896,0.6278858217,0.4803482428,0.2210329523,0.954792477,0.1879093015,0.6849755731,0.4525158155,0.1064132769,0.2712881106,0.6457254275,0.2640383286,0.3962795712,0.5734129262,0.8335947608,0.9315685982,0.854776445,0.1262252872,0.9600835343,0.08098926975,0.9900381307,0.4994447102,0.1876309144,0.09840935787,0.4833387244,0.2223890801,0.2006569808,0.4374919914,0.2872948652,0.2396049889,0.2881344214,0.1327800171,0.02661522632,0.7850230973,0.9941177961,0.2130634682,0.4046682361,0.1765049464,0.01208747205,0.9412229899,0.8835696902,0.7240258832,0.2679626769,0.5027889681,0.5605128773,0.06681059842,0.1986908528,0.007550816906,0.3835775017,9.690194245e-05,0.5016936395,0.3553062683,0.0001027835831,0.6085451632,0.2519657985,9.692351706e-05,0.4546636193,0.4039598303,0.0001059201769,0.6582755927,0.2142465806,9.701323625e-05,0.5152162876,0.3371236569,0,0.3647038072,0.5074906031,9.762728017e-05,0.440846865,0.4169344896,9.048279589e-05,0.7040055264,0.1875597973,0.7742325762,0.5599424618,0.3049675675,9.685880372e-05,0.3350406042,0.5474882279,9.776187632e-05,0.5687168073,0.2806733617,0.9041430353,0.5003873526,0.397278032,9.708217389e-05,0.7251142479,0.1751371916,9.676011813e-05,0.4162769788,0.4381573705,0.9999801121,0.6276983859,0.2371766,9.255359342e-05,0.5483375633,0.2960070657,0.0001045663792,0.3226917805,0.5702306799,9.691982354e-05,0.4698916315,0.3759308975,9.680162678e-05,0.6130791035,0.5030668985,0.1894643306,0.6207812457,0.2302105361,9.68378289e-05,0.3808261102,0.4841180025,0.9867525058,0.7317327878,0.1690634536,0.9752872254,0.5020393345,0.4100184395,0.0001023253145,0.3274952673,0.656094578,0.0001014178407,0.5710109967,0.2742337682,9.707033431e-05,0.6028283861,0.6447818118,9.707186526e-05,0.7550254494,0.161105095,9.785136152e-05,0.415438861,0.4357315103,9.771044094e-05,0.5115560037,0.3275656854,0.8743086109,0.6236722266,0.2345845929,0.0001052088181,0.3193296461,0.5530325761,9.696242088e-05,0.701344091,0.4502298985,9.69654339e-05,0.4959687665,0.5202335562,0.3527647766,0.6303333705,0.2179056639,9.679319507e-05,0.3821313966,0.732023765,0.5383269594,0.5362869182,0.3173084074,0.8761215139,0.4154359941,0.5016799975,9.692110263e-05,0.4575094642,0.377014989,0.2607754206,0.6433121774,0.2023331837,0.9999760804,0.6654912206,0.4513007032,0.9999779862,0.7521445185,0.1584469077,0.0001050553729,0.2960380427,0.5740089706,9.090761673e-05,0.6692683991,0.6327797603,9.723680878e-05,0.5490796741,0.4520864652,9.684807502e-05,0.3845885433,0.4610204744,9.692047906e-05,0.7030947925,0.3037595685,0.6265149092,0.5752607634,0.2790777065,9.596856257e-05,0.4726826841,0.6188480689,9.731130283e-05,0.5088834092,0.3288010612,0.1738583271,0.6477809442,0.1885988135,9.68687781e-05,0.3529444671,0.5075867187,9.628824169e-05,0.2593330789,0.7294833548,0.9999780226,0.6769023028,0.6512878326,0.7964855666,0.613527636,0.2453311772,0.0001014202284,0.4408288319,0.3932072348,9.703231747e-05,0.7359257691,0.467692322,0.1249341355,0.7754598619,0.1556071025,9.710631335e-05,0.5335052864,0.500334988,0.6201548584,0.5319662277,0.3331725098,9.688665117e-05,0.5090938342,0.695735996,0.9172294872,0.6623325338,0.1931662788,9.738925635e-05,0.2843192887,0.5918014393,9.252670429e-05,0.5818329267,0.2585443032,0.6644307594,0.4730954288,0.4554972618,9.688501953e-05,0.3922082968,0.4513576382,9.707310154e-05,0.5882946917,0.3976205818,9.6932952e-05,0.4327524833,0.5667404581,0.9999779624,0.6579190833,0.363794172,0.3761015494,0.517562585,0.3220551064,0.5274292337,0.6516192673,0.190449701,9.702013202e-05,0.5963757022,0.530311537,0.9254828411,0.3565875614,0.5822816764,9.689462185e-05,0.4531019955,0.3792291623,9.708943972e-05,0.7314224648,0.2894715458,0.9763152828,0.6845153232,0.5094131913,0.5019013031,0.5421343105,0.4282643702,0.9904074521,0.7642775237,0.1546067287,9.035694628e-05,0.3081202434,0.7781185255,9.398315953e-05,0.5826717139,0.255368831,9.679208573e-05,0.365950986,0.4813670407,9.753862874e-05,0.7242053883,0.6166950143,0.6537266791,0.5844981019,0.2719220801,9.678025538e-05,0.4854299226,0.5409262656,9.652153012e-05,0.4763298907,0.3553938327,0.1101517177,0.6657389602,0.1628442711,9.695352665e-05,0.6180470179,0.3796707364,0.7503127707,0.634473705,0.2165212665,0.5637791483,0.5176575136,0.4568490222,0.5895515174,0.5291465535,0.3204642781,9.683253695e-05,0.3962462577,0.6113715718,9.706281688e-05,0.4108585549,0.4295239137,0.713225844,0.6899740811,0.2974784445,9.621475703e-05,0.5572903962,0.6842179064,9.716134623e-05,0.7573401662,0.4394977784,9.686373201e-05,0.52943125,0.4644990436,0.2697442894,0.6466685581,0.1849893244,9.532141759e-05,0.2579241529,0.6084242782,9.762307939e-05,0.3321985531,0.5157095621,0.3678351381,0.5645000657,0.2778512356,0.5163384129,0.4618932229,0.4025451696)
