mCurrentIter=100
mCounterStuck=0
mYPrev=-42.5563172
mParameters.n_iterations=100
mParameters.n_inner_iterations=1000
mParameters.n_init_samples=100
mParameters.n_iter_relearn=1
mParameters.init_method=1
mParameters.surr_name=sGaussianProcessML
mParameters.sigma_s=1
mParameters.noise=1
mParameters.alpha=1
mParameters.beta=1
mParameters.sc_type=SC_MTL
mParameters.l_type=L_EMPIRICAL
mParameters.l_all=0
mParameters.epsilon=0
mParameters.force_jump=20
mParameters.kernel.name=kMaternARD5
mParameters.kernel.hp_mean=[1](1)
mParameters.kernel.hp_std=[1](10)
mParameters.mean.name=mConst
mParameters.mean.coef_mean=[1](1)
mParameters.mean.coef_std=[1](1000)
mParameters.crit_name=cEI
mParameters.crit_params=[0]()
mY=[200](33.38866964,15.65976358,1692.824387,24.94389402,-45.37292229,11.89787486,-40.16561862,-3.027609598,1.817281144,7.021917571,-22.79295994,59.84850994,-43.34156957,102.8930219,17.44957821,-4.012010608,-5.338010474,-37.83503642,36.11556729,-6.095627413,-45.66102958,-22.28163992,-12.69545514,-12.16006451,-35.41761921,1793.620141,-6.082631289,35.58618259,-2.597531295,-40.44770829,-36.79340775,6.461955121,23.09288126,21.12081721,13.90985451,15.56295816,-12.52649583,-8.612782642,-6.846521161,26.99185081,-22.28393575,12.23622572,52.4132726,35.60000049,-37.53618428,-44.75857652,-10.03673337,-30.922488,2169.314777,26.47025378,-37.85712522,32.44867615,-14.03726755,3488.12429,-41.32515124,-42.30581682,12.21793382,326.8323038,19.72243015,-30.39989077,5.775298069,-6.98396053,1.956185093,2873.340164,-4.336302024,42.31609396,-18.43157868,5.323265485,23.76822592,-42.28930819,-44.23139508,46.26616693,505.4724852,-20.37196104,2.030962086,11.338944,-41.79417106,21.78180313,18.42900308,-30.10282512,-32.61892139,19.66138576,11.41434336,2642.678376,21.95413306,-42.67781688,-33.32080011,-15.80171354,30.41516809,232.3215149,-12.96980077,9.7350242,63.35255573,-3.633952466,-9.139240408,44.50060029,2.475318618,182.822799,18.97997863,-36.88170901,-45.50652805,-38.74174865,-45.705373,-43.77023434,-37.05675718,-24.42113673,-39.97343651,-46.11214081,-40.75570976,-43.6912861,-40.98275869,-46.23146921,-35.46063123,-31.46082518,-23.405843,-42.58497628,-42.87567256,-39.481059,-42.18495917,-37.89473484,-46.67825739,-35.88108736,-40.29372939,-25.67209485,-42.81046713,-45.21452901,-42.59487202,-35.55862758,-27.29251433,-45.91011688,-37.9480039,-37.90644783,-12.99026338,-42.25871244,-26.5856665,-40.64896432,-38.73377464,-35.73760366,-43.69606114,-46.26028576,-32.01703854,-45.34297366,-41.33732428,-39.40832533,-44.52682027,-47.14183694,-46.25571118,-19.89220715,-33.56767505,-45.34658215,-39.98859857,-28.11609697,-37.63142757,-35.7208733,-45.82195107,-40.3422584,-39.11794776,-45.42020944,-35.02711306,-41.49401394,-43.62011259,-45.93403605,-37.57107036,-34.06976967,-47.98812182,-42.2876771,-41.98152681,-36.09768281,-34.60952206,-22.13707443,-46.41834957,-40.20374743,-41.17398411,-30.69468011,-47.58557408,-19.2298081,-45.51801945,-46.71798682,-29.53512664,-44.04147844,-26.85707208,-48.25302849,-38.58121045,-39.34592261,-35.20195279,-43.47517083,-46.87698687,-43.92399847,-39.04887224,-45.25405033,-33.30473596,-28.8868622,-45.22567477,-47.5426077,-43.2541412,-20.76887768,-47.83385436,-47.41616552,-41.17625848,-42.5563172)
mX=[200,3](0.5414007263,0.9965052781,0.2338471316,0.3087217681,0.8068436039,0.7006554784,0.1731482453,0.0331873683,0.1457623275,0.7106407147,0.05451344884,0.5178940161,0.4385015122,0.4668460192,0.4763662009,0.3639381945,0.4159110508,0.8685451913,0.1633159133,0.3227268871,0.3696413679,0.5005708011,0.8336220694,0.2775038634,0.8242858114,0.1320057235,0.5488654216,0.5113484288,0.5117452078,0.8298205157,0.5635557562,0.1982036014,0.4489896593,0.9009335384,0.1872377014,0.3863173774,0.805967435,0.3948634499,0.4050697012,0.04494211866,0.2710152615,0.1999816237,0.6602320651,0.3599747061,0.9011331686,0.6797033604,0.01398527027,0.6280719519,0.8195221984,0.3097538979,0.7723024111,0.02013998413,0.368314701,0.3360502308,0.19475362,0.2667580745,0.993459802,0.9783070655,0.4295848311,0.757292069,0.5521118709,0.5012959921,0.4286723452,0.762179689,0.2312892029,0.5779216904,0.8999072787,0.2174086046,0.672516852,0.3587694746,0.5746766122,0.688971842,0.3226866733,0.2819870658,0.6182182552,0.9435887534,0.1139439264,0.1117803903,0.7489593986,0.1613754703,0.7483483516,0.6469017339,0.7392655261,0.9135673606,0.588563742,0.1526561456,0.4618655768,0.3385922029,0.5696883918,0.3482580689,0.5786877195,0.4374830813,0.2450059551,0.05090600395,0.0695653813,0.4539863361,0.9635791444,0.6568126507,0.8858912272,0.6598207014,0.9267464126,0.4971118,0.01060462306,0.4715219742,0.8575997094,0.4089129003,0.7839976642,0.730629825,0.4968391957,0.769140976,0.378628151,0.5279035362,0.2074117328,0.7621479442,0.29611043,0.07371523418,0.536121169,0.4233948743,0.2542015765,0.95167537,0.869781448,0.740638554,0.252796686,0.3968825098,0.170729882,0.8790107252,0.8867109887,0.8567802594,0.9698607051,0.9866280518,0.8142299974,0.890604918,0.08457130362,0.593826526,0.163562325,0.7385036406,0.4871820281,0.285110299,0.8354822899,0.1415203555,0.6629361645,0.2409158747,0.6093989405,0.0116906303,0.9190978928,0.09004308446,0.09624560426,0.2830623106,0.9628316235,0.1236965632,0.9371268478,0.6239667381,0.3292478676,0.6988944018,0.349948259,0.9726691191,0.3480271935,0.7734952168,0.2930607753,0.4811084983,0.001899205281,0.02754699857,0.1319449565,0.4548798295,0.3036023707,0.06802569573,0.4417709522,0.5050705588,0.4153504324,0.8460990459,0.5975439815,0.463705278,0.04078927782,0.318797931,0.7889229667,0.9479205936,0.183584501,0.3174119955,0.5835226526,0.525677177,0.1214776538,0.8751871371,0.2611156113,0.8498798899,0.08844934476,0.6414728003,0.7998735589,0.2921512549,0.8157710829,0.0009861347266,0.1219598306,0.006790948152,0.1453641892,0.8238843372,0.1392075411,0.6067123721,0.9714167546,0.7242702318,0.7528971485,0.2299659488,0.6514973349,0.2543099038,0.5572612346,0.7977762188,0.8740626993,0.1097100275,0.9310665035,0.4730637802,0.5265186268,0.2080650287,0.9296554128,0.5320527253,0.1586750278,0.8565783969,0.7260103094,0.9896557804,0.2165678548,0.3122850163,0.05250232198,0.5914767432,0.7519865003,0.2204130139,0.4422042082,0.704542719,0.6989447087,0.3796044803,0.6306904427,0.809447644,0.1867894048,0.5460537657,0.3902160869,0.5309724602,0.719990565,0.8334741237,0.2676838984,0.8887588944,0.5630477013,0.3886880772,0.6889427705,0.1018442817,0.680238375,0.6452652059,0.4116528981,0.7789154421,0.9316246023,0.3526186776,0.2089365156,0.8904397418,0.06786256759,0.07562027934,0.02304199473,0.0721429992,0.7253234314,0.3763228693,0.9210223932,0.7025142551,0.3354558342,0.4345315916,0.1520356982,0.2405248598,0.6328789951,0.633228519,0.6744968826,0.5840765623,0.2268531507,0.9800915724,0.211841245,0.09498496019,0.3801785779,0.03742135925,0.238747193,0.664044578,0.6044984497,0.9568114292,0.6944427003,0.7875680555,0.4509191144,0.9587847628,0.9425672788,0.03059780597,0.6125764468,0.7103168288,0.1168896073,0.7996827424,0.172808791,0.6125305615,0.9109769747,0.8448500773,0.2794983724,0.8628206261,0.08635545267,0.9971270221,0.405224296,0.04554713955,0.1082447602,0.9085909563,0.4802431254,0.6212378806,0.4934350808,0.5560739471,9.693253131e-05,0.3207423281,0.5010458383,9.701534294e-05,0.5685431883,0.2430160156,9.699749668e-05,0.323966738,0.4970737006,9.692292346e-05,0.4677489298,0.3584555488,9.757556121e-05,0.5819695824,0.2236506802,0.9999780936,0.3501473406,0.5108196193,0.9999780231,0.6059002229,0.1982588129,9.699999882e-05,0.4265771137,0.4034476335,0.9999779969,0.4901133118,0.3447973967,9.692069383e-05,0.2663278898,0.5212599031,9.696508213e-05,0.5319268289,0.2790205568,0.0001213045312,0.3919517418,0.4369275082,9.700900344e-05,0.6089938277,0.1685850284,9.707082927e-05,0.3979105547,0.6182487017,0.9999781244,0.3382114494,0.5087816607,0.9999780199,0.5633588377,0.2586274796,9.68853446e-05,0.4889494233,0.3312321355,0.9999779969,0.4546995609,0.391753699,9.7150913e-05,0.2386238114,0.532911071,0.999978008,0.6345850538,0.1490975892,9.755260569e-05,0.387546448,0.4381584132,9.697523969e-05,0.6183286866,0.2762228795,9.700013187e-05,0.5126612724,0.2688627541,0.99997785,0.4242513202,0.6056849662,9.816904364e-05,0.2509659273,0.5269531479,0.0001055874122,0.4421364362,0.3950909799,0.9999778176,0.5458842506,0.2731527387,9.726695942e-05,0.5963127517,0.1541686329,9.687714228e-05,0.650374064,0.4364310752,9.707485272e-05,0.3489245552,0.4709033994,0.9999781142,0.4561732975,0.4056205797,0.9999780156,0.6327400913,0.1840022015,0.9999779702,0.2783440914,0.5215267122,9.698514047e-05,0.4825538537,0.3350248945,9.688372875e-05,0.3827801958,0.6576797255,9.672794346e-05,0.4869000222,0.4799263374,9.710803301e-05,0.5366296981,0.2224518287,0.9999781592,0.5739546715,0.4621360513,0.8973512215,0.5235279599,0.3071196708,2.243411195e-05,0.3676587598,0.4514621558,9.706793441e-05,0.651480678,0.2688969409,9.704995982e-05,0.4525829693,0.3719963271,9.69453379e-05,0.3861856567,0.5394227104,0.0001039374999,0.1992452963,0.5641425873,0.7950138746,0.561612786,0.2163994471,0.7238302949,0.4067395206,0.4240010381,0.5899090008,0.4847040692,0.3308955858,0.9999780271,0.7106515816,0.4721871839,9.69626564e-05,0.6472525542,0.1409918316,9.699372024e-05,0.2907458657,0.4895872847,9.674925687e-05,0.5481753278,0.4013930626,0.999978195,0.5164983541,0.5838910862,0.999978003,0.6261580229,0.2760888756,0.9999782518,0.6547693907,0.1249576885,0.7026183235,0.4010952816,0.4524695812,0.3760754384,0.5413248843,0.2129522886,8.894688064e-05,0.2004789902,0.5649513208,9.690069623e-05,0.4192051646,0.3977302678,9.695482632e-05,0.4895999692,0.5498347939,0.9999779864,0.536422577,0.3825560568,0.285195028,0.5045710369,0.2941352296,9.689746866e-05,0.3233239823,0.471846296,0.6997487452,0.3406803009,0.5590261419,9.704198878e-05,0.6284188155,0.3341526997,0.4994841499,0.4396174663,0.3730901022,0.497342464,0.572042296,0.1644789782,8.997561654e-05,0.4985507955,0.4468157555,0.9999779354,0.4542478409,0.4773126792,0.5728263417,0.6518567293,0.2197805437,0.0001040146784,0.333418836,0.6931132578,9.728557072e-05,0.3669550056,0.4461733062,9.710332616e-05,0.5010428016,0.2856807874,9.713898726e-05,0.3363474487,0.5532802589,0.7052604487,0.2580427228,0.5200437945,0.5648907694,0.4523812061,0.3558899697,8.813297216e-05,0.6929371591,0.4793044252,0.760205291,0.5428413237,0.2592059513,0.0001064330771,0.4170868897,0.4179238935,9.870079963e-05,0.6755056376,0.1902816262,0.64780978,0.5551403184,0.3439459722,9.777687047e-05,0.4851617779,0.6173890285,0.5511203727,0.3688490923,0.4516072944,9.689796267e-05,0.1908028641,0.5739542322,9.869249298e-05,0.5290650024,0.45513994,0.9999781875,0.5624705292,0.4876003141,9.691992499e-05,0.4034261702,0.5035690622,0.4628276354,0.4534321244,0.3577810409,0.692985225,0.570783622,0.1659626927,0.1014382961,0.5325906875,0.2196203215,9.702165203e-05,0.2743499341,0.4925366467,0.9999781151,0.6504912041,0.3307438442,0.9999780399,0.708527914,0.1566178411,0.6058891281,0.5403665609,0.2825492152,0.5468580889,0.422481878,0.4522096327,9.699780048e-05,0.5082070346,0.3685783875,0.9999781484,0.3671169249,0.6301031112,0.4478913568,0.3375665118,0.4592911115,0.4735823308,0.4313386513,0.3751542288,0.6976195112,0.5951207772,0.2353734947,9.697147478e-05,0.2351499259,0.5316370335)
