mCurrentIter=100
mCounterStuck=0
mYPrev=-59.56248959
mParameters.n_iterations=100
mParameters.n_inner_iterations=1000
mParameters.n_init_samples=100
mParameters.n_iter_relearn=1
mParameters.init_method=1
mParameters.surr_name=sGaussianProcessML
mParameters.sigma_s=1
mParameters.noise=1
mParameters.alpha=1
mParameters.beta=1
mParameters.sc_type=SC_MTL
mParameters.l_type=L_EMPIRICAL
mParameters.l_all=0
mParameters.epsilon=0
mParameters.force_jump=20
mParameters.kernel.name=kMaternARD5
mParameters.kernel.hp_mean=[1](1)
mParameters.kernel.hp_std=[1](10)
mParameters.mean.name=mConst
mParameters.mean.coef_mean=[1](1)
mParameters.mean.coef_std=[1](1000)
mParameters.crit_name=cEI
mParameters.crit_params=[0]()
mY=[200](-39.82195603,-22.3319501,-62.82067671,662.5974816,-59.13639274,11.69360516,-2.328631143,-51.20125452,29.95935497,1479.011442,-65.19571611,-32.39866425,-43.4506881,-22.20976484,131.2639139,10.461619,10.28885557,-23.47332387,-25.50844607,-60.65496738,3501.199832,-18.56691858,10.56796079,-53.22130138,-59.97412392,-65.57010494,-32.622185,13.52482149,-44.74552429,-63.80931799,-20.64882376,16.93009759,15.18745783,-31.45883322,-55.39456343,-48.15561202,25.60603314,-53.77966035,-49.75627514,23.08770807,-61.3978166,18.39638444,-41.6670189,21.08169547,-68.32799833,4.161044752,2.477239423,3.675457945,166.1809491,10.92382759,-66.81901609,-4.072461887,-18.59485011,5.527798217,-26.41998284,68.16518763,-17.60319347,4.151282126,-24.99026654,22.31469297,-5.136271731,3.049773666,-16.52610563,-23.26339372,2561.631198,-23.13977573,-5.132042932,-37.46758527,-43.28452304,-38.46439268,-51.40478613,-16.74263933,13.04342693,-32.80465516,47.93064113,-11.13022321,-9.336387455,-69.2962609,-3.933359455,-50.70005773,-5.453577741,1865.944449,-18.91351702,-30.08565662,1.180163079,-40.01330447,396.038471,-10.55714029,-58.01024636,20.04100819,5.188283108,-53.50160239,35.46094762,-6.041413399,353.1519392,-9.348727446,12.24307973,-38.19008491,-31.00647172,-16.84972385,-68.69724434,-36.37950745,-62.71438167,-68.35906859,-67.45870924,-66.45525752,-60.97504809,-59.43339718,-7.213794821,-68.45501227,-65.37456223,-49.1267919,-50.67200342,-68.08753816,-58.61654834,-63.99164379,-66.20470653,-53.78289435,-67.4941626,-66.16047573,-54.64345943,-58.49652025,-36.12603692,-40.48643294,-65.38726282,-59.87484534,-68.59447908,-58.41738681,-59.71912216,-66.19944049,-68.57236708,-63.81200312,-5.859746784,-63.17877712,-58.61553902,-45.94969124,-67.64997024,-58.20781851,-65.3288128,-47.97690474,-62.1348122,-50.41131912,-66.48405468,-68.45791012,-65.30650751,-58.01745107,-51.18329188,-66.71700919,-65.74188507,-63.69600909,-59.5962634,-58.29491765,-67.79394715,-39.88040694,-57.95118496,-64.63742492,-56.10053389,-66.12628199,-63.44362779,-52.52252959,-65.24756094,-57.30160987,-53.1931057,-65.56348562,-68.3703039,-63.61643171,-47.74131291,-66.73461583,-64.21822533,-63.5636472,-65.44575164,-59.96571164,-49.99296268,-56.89590512,-68.39796809,-65.81409137,-68.37679275,-56.07159472,-52.62545111,-61.52341802,-41.50935359,-65.94767191,-68.99854531,-61.44917454,-53.80347421,-67.27312355,-56.68646219,-47.07993186,-68.43923238,-62.02747353,-59.07560132,-58.22014472,-67.06917782,-62.32114113,-68.27228299,-63.3280659,-63.00709228,-51.0213229,-42.96833091,-59.56248959)
mX=[200,3](0.08477544916,0.7115829189,0.3660551068,0.8321889259,0.5952955676,0.7265768412,0.1664618028,0.5414491222,0.1555067005,0.5417974926,0.164940943,0.1350623888,0.003346798937,0.5197303355,0.1153206961,0.9047219415,0.7225618807,0.8846685464,0.1901729026,0.8930890227,0.4461930745,0.2321170343,0.6662415186,0.2196612422,0.3707191962,0.9538069755,0.7871473886,0.5391096557,0.004169591321,0.1901707878,0.1116416449,0.250058547,0.4730277911,0.2079794813,0.7051428766,0.5331382874,0.0202299721,0.5296659558,0.6056686787,0.2103094809,0.8221138381,0.1452639086,0.4379177441,0.350708423,0.09210335729,0.7776502908,0.1178707944,0.9343994769,0.2435898211,0.1760779742,0.3010008186,0.5807897284,0.8092409444,0.3582976525,0.8651325456,0.4998216783,0.7310459186,0.2702860507,0.3303473966,0.5591046677,0.6444452038,0.02598033603,0.007739961902,0.751808812,0.1344941027,0.6304254771,0.4982083382,0.9660597297,0.3210764599,0.06589545434,0.4037042745,0.5946291057,0.09206480816,0.5825342915,0.2598840401,0.6377388776,0.4824180654,0.2293598017,0.6658424791,0.776437601,0.07058428662,0.5797155581,0.07567475049,0.9509308796,0.4123498223,0.3194368572,0.6644979081,0.4081740867,0.3862709982,0.528926841,0.7980886651,0.8374405149,0.1017143018,0.327149828,0.3003873789,0.9758321145,0.05087590965,0.4720302913,0.9451299772,0.13475258,0.6341550541,0.6183562533,0.5251100207,0.5635764135,0.4845792508,0.8795580272,0.5039783221,0.5726197672,0.9920220095,0.6534252974,0.9827705533,0.3467712244,0.6434508473,0.2948275389,0.1283507818,0.5796301659,0.5097332883,0.6516954484,0.7609714115,0.9238872774,0.5012916222,0.5301223812,0.4596257903,0.951540762,0.9166604144,0.7714725573,0.5136421242,0.3498819771,0.6772958256,0.1099870749,0.5525267807,0.9604831526,0.6701061845,0.4242907146,0.3371883756,0.4255251952,0.4145000598,0.9096219368,0.987785764,0.9307638444,0.1877932399,0.6972868484,0.9256392115,0.4697385771,0.4549494826,0.09490251375,0.3123858303,0.8568100933,0.8100154399,0.8236533916,0.7448184438,0.4670803551,0.2817977419,0.2942035965,0.2771473887,0.8796853682,0.280792405,0.8438198376,0.2347960509,0.8139006669,0.9485327947,0.03160736685,0.0188921202,0.1203466914,0.7608654623,0.1420046632,0.03327350442,0.4301865749,0.5643348351,0.36035623,0.8048822489,0.1501784426,0.4579916473,0.8972870036,0.7691249373,0.7398153869,0.5891720181,0.7131973905,0.237158871,0.9957483438,0.1812022525,0.9025273978,0.2638488196,0.3103086517,0.6259857876,0.8524658418,0.9186272939,0.1030148383,0.6958888035,0.8918076808,0.7831954699,0.498983602,0.602487208,0.01039183384,0.08460438183,0.7867429237,0.1934026888,0.6893992577,0.0739572265,0.8547654945,0.548999485,0.3815308307,0.1519813402,0.650750049,0.8481955048,0.3289947616,0.5641502396,0.5592703486,0.2185779747,0.3937447087,0.4742236698,0.3766610738,0.621263113,0.7376184399,0.1488513345,0.7549253468,0.3657837939,0.970592803,0.4175518218,0.1766023776,0.4379321294,0.7141394472,0.2218408573,0.9824901232,0.9134151109,0.9722912576,0.08327662162,0.7905407029,0.9614782271,0.2206178551,0.8136491302,0.3067959485,0.2950532996,0.4254183111,0.5947183037,0.2804427645,0.246995483,0.9237871263,0.673301586,0.04842651361,0.4609355108,0.04522794423,0.839107966,0.7236245807,0.06221659914,0.1230367799,0.9350057423,0.6047279483,0.7425471418,0.04224731941,0.7572857787,0.02181576046,0.8298278305,0.610151021,0.8606186516,0.6287570958,0.6830605642,0.01124977423,0.3937707035,0.1840730132,0.16842971,0.3590350625,0.8613050107,0.3805564863,0.3361450652,0.4474209073,0.1726485189,0.2624886588,0.9988140988,0.4011779726,0.2548668502,0.8787521311,0.6418608753,0.03686008927,0.2648962529,0.3437707339,0.9407311712,0.05752209624,0.5147233918,0.4836281666,0.8875871535,0.3717503438,0.887424872,0.2005487285,0.2043600052,0.4462125798,0.3960980026,0.8460918141,0.6856066715,0.2485433306,0.2771463643,0.800435896,0.7445486379,0.0654929057,0.6122988141,0.7916092894,0.05839908234,0.7016515005,0.697366883,0.7034163592,9.70318692e-05,0.3669868381,0.3776939959,0.9504752815,0.3416082745,0.4030440363,9.693031874e-05,0.2282655017,0.5035420066,9.693288675e-05,0.3938131349,0.3632181357,8.994751138e-05,0.2916327445,0.4368603665,9.685571758e-05,0.4737493695,0.3489615699,0.0001053035513,0.2173178384,0.5159305642,0.999978156,0.5721622478,0.2975713472,0.9999779853,0.264737657,0.4737802673,9.69838294e-05,0.3645041074,0.3665345341,9.690883064e-05,0.5004177395,0.3362148121,0.9999781416,0.4267040619,0.3883315923,0.9999781855,0.6556997266,0.2153789978,0.0001058685202,0.3249444363,0.4005004773,0.0001064213157,0.2050474247,0.5301857116,9.688543061e-05,0.5366386061,0.3117627244,9.698564997e-05,0.3955221447,0.3273568664,0.9999781052,0.6094873486,0.3740263845,0.04237278849,0.2997493556,0.4264590779,9.704553175e-05,0.4462777563,0.4437368627,9.708586394e-05,0.640203295,0.1749004863,0.9999780615,0.5578885857,0.2241197605,0.9999779911,0.3746382869,0.3543824132,0.9999780228,0.7203828211,0.2346293079,9.692346627e-05,0.45938966,0.28422295,0.0001048536082,0.2098739568,0.5251222651,0.02544508317,0.2948145552,0.4380086938,0.9999780238,0.5100335149,0.3620489616,9.709206451e-05,0.5735249282,0.3455222638,9.235768652e-05,0.4405800765,0.455761664,0.0001053681595,0.3188641821,0.4035076494,9.766542315e-05,0.52514254,0.2547277062,0.9999779792,0.2300410231,0.5166618038,8.770215132e-05,0.3918957411,0.3134947346,0.9999779574,0.5966535587,0.1708812196,9.686519416e-05,0.6887256138,0.1862622654,0.04231160675,0.3247694232,0.3854576804,0.9999780953,0.4983298019,0.2959437558,9.687319279e-05,0.4720202332,0.4349465041,0.9999780686,0.6478508837,0.4096051449,9.682641172e-05,0.5555115826,0.2494040413,0.9999841763,0.4535674299,0.469534631,9.634882181e-05,0.2751840104,0.4359706909,9.696488662e-05,0.3754229955,0.4592305609,9.69635029e-05,0.429111359,0.3008252932,9.687960454e-05,0.5857777743,0.3849136507,9.67327905e-05,0.2457940131,0.6238663121,9.690312804e-05,0.3415190589,0.3627300768,9.579384973e-05,0.4820440163,0.3147220537,0,0.2373079836,0.4656135828,0.99997813,0.5956856811,0.1959374313,0.9999777871,0.5216016565,0.349238228,9.69365656e-05,0.3750109844,0.4662171753,0.9999780433,0.7282043794,0.2406911619,9.702150699e-05,0.610976843,0.1621926358,9.69887608e-05,0.4961065582,0.4147081797,0.7563227876,0.3378085811,0.3853074083,9.742844782e-05,0.2763587738,0.4324077492,8.980601989e-05,0.519593851,0.25975806,9.717526438e-05,0.638922956,0.3369503428,9.059229429e-05,0.3990357198,0.3209351866,9.700738879e-05,0.4636098416,0.5355247839,0.0001054735086,0.1679544718,0.5531266105,9.67303277e-05,0.3100948371,0.5001389422,0.0001054409166,0.4362756519,0.3998471302,0.8851489984,0.53785307,0.2601731767,0.9999781442,0.5961502238,0.4958340961,0,0.2895866657,0.4171557168,0.7940552185,0.4347453178,0.3151074741,9.707209817e-05,0.525463496,0.3679906066,9.698152577e-05,0.342632109,0.3631049084,9.726965471e-05,0.5833618563,0.2339479673,0.999978123,0.445064764,0.4798361492,0.9999781084,0.6063388976,0.2870091239,0.004258146924,0.3774651313,0.4647368151,9.726876982e-05,0.4701675464,0.286619632,0.5746689962,0.4955074255,0.3637181855,0.0001072847774,0.1786576639,0.5422950871,9.061523796e-05,0.4687581528,0.5699000129,9.716784883e-05,0.5337782579,0.4166102414,9.698287454e-05,0.7208039145,0.205996762,9.681588315e-05,0.2560569571,0.4477251654,9.705536564e-05,0.4107211437,0.3954258803,9.680453067e-05,0.2854182878,0.5440826586,0.9999781658,0.6399516555,0.1441665964,9.681788708e-05,0.38527366,0.4740484974,0.9999780192,0.5310402071,0.4030656481,9.697233765e-05,0.6429294583,0.4381819849,9.780224507e-05,0.4566285479,0.3812098135,9.696336084e-05,0.5549840989,0.2732298914,0.9999779932,0.5225098409,0.2253118339,9.706897781e-05,0.6151156513,0.1148870852,9.686350384e-05,0.3467326914,0.4843891438,0.026349535,0.2187621497,0.4598217401,9.688490594e-05,0.4471261137,0.3875732372,9.692530453e-05,0.5044275689,0.2579077824,0.5847891359,0.5803370113,0.2946187413,0.9155127926,0.3853863263,0.4537199954,9.004898308e-05,0.2580051976,0.6763509741,9.678422416e-05,0.5050908629,0.481844521)
