mCurrentIter=100
mCounterStuck=0
mYPrev=-45.30121335
mParameters.n_iterations=100
mParameters.n_inner_iterations=1000
mParameters.n_init_samples=100
mParameters.n_iter_relearn=1
mParameters.init_method=1
mParameters.surr_name=sGaussianProcessML
mParameters.sigma_s=1
mParameters.noise=1
mParameters.alpha=1
mParameters.beta=1
mParameters.sc_type=SC_MTL
mParameters.l_type=L_EMPIRICAL
mParameters.l_all=0
mParameters.epsilon=0
mParameters.force_jump=20
mParameters.kernel.name=kMaternARD5
mParameters.kernel.hp_mean=[1](1)
mParameters.kernel.hp_std=[1](10)
mParameters.mean.name=mConst
mParameters.mean.coef_mean=[1](1)
mParameters.mean.coef_std=[1](1000)
mParameters.crit_name=cEI
mParameters.crit_params=[0]()
mY=[200](179.9234275,358.4269987,-38.08427077,40.4210188,18.30577795,2260.064372,282.4814839,-38.17939619,-23.43595975,-42.9915479,-28.59810244,-5.734643427,119.1124755,-42.59698844,-45.17056367,-38.17494209,24.85957638,16.33304283,-8.903889248,1227.990635,-0.09026818328,-34.098529,-37.75322677,16.52181367,-16.85003959,36.16797733,22.45145182,1135.970666,-28.61388923,-9.845115953,-40.32358008,-46.34199699,-11.90756076,26.46132812,-41.56302514,-41.7097206,-37.8770721,21.72779477,-26.31241751,-17.88498785,27.70773767,25.04650027,-17.64998319,1386.011173,5.01284827,45.90222446,37.76065273,4.133959174,-13.03099218,5.207783196,-35.92284077,23.02828595,21.67688977,-44.06844216,-29.82739649,1.880491104,-32.69242866,-17.97394269,19.04081892,-33.22285363,49.21302408,46.57859554,4.588778904,18.71865748,26.67429701,26.69094074,38.55017795,102.1457619,5.347461087,12.31849688,17.16722673,-46.99188158,-2.229290478,6.839428317,-19.10652668,-46.07576563,-8.154132521,-22.79710469,22.88346508,-29.29678313,-35.17245247,31.41159859,647.5204178,22.22086956,-24.76223847,-44.30861264,-37.84053342,403.5734304,4.248325237,-0.4223829556,-2.762504815,-3.96937323,-39.02944883,-2.311632037,-34.60629909,19.37391668,-5.873936533,52.85851521,126.5780189,-20.31489565,-42.69087669,-43.34596898,-38.4417259,-33.62616267,-36.19088528,-46.94014783,-47.90596371,-41.95570551,-44.62075564,-40.67826641,-42.33162795,-36.13353027,-43.77532834,-26.76118013,-47.7693994,-38.53872927,-45.06954439,-46.00672126,-45.91409992,-44.24156794,-33.29960474,-35.96046332,-37.66006175,-42.3796075,-41.63916832,-31.72655578,-47.84852094,-41.94864324,-33.35394991,-41.41022421,-36.44815769,-44.6738222,-42.59040775,-45.596358,-33.58814384,-48.83908658,-47.01640479,-35.82486352,-46.83750545,-44.35720685,-36.40931933,-38.7859366,-16.75163467,-47.66207271,-34.86409276,-38.75475504,-44.05744515,-45.3764124,-38.49408261,-46.74753189,-30.72928316,-46.11068633,-38.57628523,-39.75027228,-30.95017872,-39.9074622,-41.48855511,-47.94864274,-48.41178729,-36.57067641,-45.32606615,-44.933014,-34.70198757,-45.90294557,-40.52235987,-27.36954736,-43.64895004,-46.92830165,-48.56424028,-42.73455961,-41.76874725,-38.23363109,-40.56921797,-47.30040761,-43.53341968,-43.76846514,-44.80663504,-45.34530244,-33.47956048,-48.27124321,-43.73242672,-28.72685237,-40.97615032,-32.29276146,-39.75389942,-45.58668913,-40.65931255,-28.45909477,-46.25434927,-43.49287698,-47.60393493,-41.87762193,-39.08138521,-40.69842439,-48.90286094,-41.39527009,-39.90206665,-32.17169028,-46.75555851,-45.30121335)
mX=[200,3](0.4815283691,0.288595456,0.1696349528,0.4791864496,0.2023763893,0.185337318,0.370035285,0.4729050456,0.5678909016,0.2361561237,0.6231364043,0.9865454341,0.9888191422,0.9416504033,0.08536558827,0.9320851265,0.1804851259,0.001602976539,0.8633443695,0.1911600752,0.2077015956,0.1651735527,0.1324711822,0.5462437011,0.8845923614,0.7536711279,0.1153638256,0.9227406687,0.4030055397,0.3716766694,0.1851887516,0.02774439278,0.5859276086,0.3656432016,0.8478067793,0.03812853499,0.292984129,0.05655458597,0.3427469112,0.4108121602,0.5100210993,0.4781849071,0.4403605727,0.2573465806,0.5546698207,0.317178649,0.5732408392,0.2196776335,0.6176052941,0.3625282956,0.196017994,0.3462803465,0.4640349443,0.9050525907,0.1992018097,0.4311772044,0.7761410038,0.3097852333,0.07883889463,0.1353942244,0.389211269,0.382632265,0.8395899854,0.8406227201,0.4265707321,0.2675878188,0.8917721174,0.2664947871,0.5024526132,0.8064935904,0.9362374049,0.1001035418,0.03514405594,0.03444579832,0.5109293316,0.5318030382,0.9280002978,0.7816147993,0.09594617045,0.9559423762,0.3995178009,0.7393699166,0.1706130895,0.09528968059,0.01635226269,0.06594019671,0.6688023488,0.996441654,0.8249119118,0.1587466344,0.02776470135,0.5434858943,0.358047479,0.9118540285,0.5642003173,0.1498753471,0.04739817943,0.7103734592,0.577002933,0.2768483137,0.8920932294,0.7226527052,0.2685503513,0.2155147443,0.5963247525,0.4030163892,0.5531158724,0.2851260372,0.1761967942,0.1290093945,0.5380050413,0.3234314765,0.6024342891,0.8982582105,0.85381152,0.3506114541,0.3155832001,0.5524814969,0.1428157868,0.7601703967,0.6988835475,0.9832894834,0.4582440252,0.5688012678,0.9761234587,0.1713468082,0.524297203,0.08844285471,0.4869903919,0.7740913792,0.2427684393,0.01697814194,0.7232936383,0.8700800894,0.4689647092,0.3384530589,0.9023100227,0.8863947723,0.813178965,0.7067573217,0.9756304455,0.4971450425,0.3119877179,0.8708248999,0.4301645919,0.4934040794,0.7435227899,0.7120451971,0.8152026967,0.6486675085,0.8377168423,0.3348006788,0.6315547092,0.2806525736,0.7865374057,0.8129071671,0.9050481627,0.6174999993,0.9192429471,0.2155475354,0.4802862182,0.4090175233,0.393901121,0.7217727648,0.04114048183,0.4236133008,0.7337477615,0.7032581631,0.7856908423,0.1630204633,0.6271405939,0.2559617199,0.2788805642,0.7552261151,0.2417685301,0.919695097,0.5275978812,0.3576537499,0.6709265791,0.2276699114,0.8793095301,0.002557860254,0.418010642,0.765243994,0.7750506652,0.9963278058,0.4656609513,0.4489292589,0.8538765208,0.1279303208,0.8665137636,0.6758845704,0.6446538271,0.6469152039,0.9265449173,0.1107444859,0.8810324258,0.7335496188,0.9693703392,0.7697445868,0.9658309788,0.1560253991,0.1568585123,0.297202549,0.7483688956,0.792034088,0.6911903315,0.9441784398,0.630984495,0.8662549689,0.6318631931,0.2387604786,0.9368482441,0.8218818338,0.4527814571,0.3363373568,0.06255338074,0.6981745723,0.6844312811,0.6536187662,0.580487577,0.8402002215,0.6220527379,0.7427940949,0.4459123576,0.5093206947,0.5027806478,0.3875561314,0.6771262891,0.3473593072,0.8075200513,0.549893883,0.04080202449,0.7192051508,0.08908411376,0.2274533417,0.9569432785,0.225295514,0.01747505085,0.6122191985,0.5155688221,0.6629698145,0.2792361802,0.1457559666,0.9942149845,0.4335207609,0.9541267553,0.3201757561,0.02965151081,0.0534381218,0.9669555922,0.128856961,0.00852125613,0.6881785934,0.4203590658,0.6647012951,0.5294385447,0.2452659687,0.9723305527,0.6579018697,0.3264139384,0.7016553712,0.095205602,0.2370643981,0.75971471,0.8329313674,0.6016810862,0.6869732681,0.5915019612,0.7956159302,0.5767770934,0.8545658677,0.07023117061,0.5877360448,0.3799711419,0.8242243391,0.5970208632,0.5390998277,0.05268905364,0.07990915003,0.2949893855,0.3071966299,0.4514120227,0.3019083974,0.6574864722,0.1326599797,0.1093778776,0.9483636329,0.2032033422,0.8004061808,0.4908060975,0.601736199,0.1129876532,0.362770458,0.7991414069,0.3909064818,0.06320522737,0.1073557653,0.4159119934,0.2548664008,0.0001050581925,0.3285972883,0.4386932028,9.708972083e-05,0.3358194931,0.4338256512,0.9999780887,0.3382617235,0.439737166,9.702481163e-05,0.6262634393,0.1600416339,9.691508007e-05,0.4432572802,0.3352809516,0.9999781496,0.5988825564,0.1917192333,0.9999781048,0.5160602288,0.2849708445,9.850736695e-05,0.2583178519,0.4758099901,0.9999778618,0.4021701658,0.4936039428,9.708653771e-05,0.3914776377,0.3838450938,9.77847908e-05,0.365298649,0.546772514,9.706589732e-05,0.5289707094,0.248286687,0.99997797,0.6393611044,0.1542790267,0.9999780061,0.2586419012,0.460520635,0.9998906128,0.4960974814,0.3162776365,0.9999781783,0.5679628521,0.5226738027,0.9999781557,0.4191380894,0.3992773843,0.9997591171,0.5569832351,0.2324871995,0.9989230415,0.5493126792,0.4128277393,9.697428785e-05,0.4172449605,0.4875693555,9.689639713e-05,0.6489467265,0.1448725212,0.9999782677,0.4724369727,0.6075828026,9.693364802e-05,0.4741317285,0.3135505592,9.591057616e-05,0.2465221726,0.5549545344,0.9999780949,0.3810155195,0.3995932937,0.9999783037,0.1891733646,0.5775157028,0.9997685578,0.5204352604,0.277104752,0.9999780026,0.369262775,0.5371849914,9.696232116e-05,0.5479352892,0.5374295378,9.777914922e-05,0.381940093,0.3932377834,9.666763305e-05,0.3774159779,0.6057210034,0.9999782274,0.6274441468,0.1651684226,9.688174411e-05,0.242120063,0.4750793893,0.9999781485,0.5700141382,0.3853443539,9.691636903e-05,0.2011204349,0.6520304162,0.9998248645,0.5405195182,0.2338409983,0.9999779964,0.4588020368,0.4579017095,9.689541617e-05,0.5608489839,0.2080352706,0.9999780774,0.4609161888,0.332707367,9.075751771e-05,0.4207763841,0.4673070294,0.999875513,0.6799655799,0.2146392122,0.9999778626,0.6030278803,0.4712906044,9.705073826e-05,0.7649040185,0.2624247775,0.9999851994,0.5639248752,0.3185059612,0.9999693907,0.3262161018,0.4183409221,9.050284811e-05,0.5563160698,0.411800272,9.701754156e-05,0.3182525811,0.5266545865,0.9999780077,0.4594711882,0.3385558325,8.925556737e-05,0.4953483181,0.297532683,0.9993722404,0.5732338969,0.2034436491,0.99998007,0.562698086,0.6104137962,0.9999780843,0.4511539181,0.4885544343,0.9999781074,0.3174389166,0.5604921557,9.709327524e-05,0.4061322086,0.3720783455,9.691597261e-05,0.4545066256,0.6195131366,0.9999780173,0.64796547,0.1199974267,9.275786297e-05,0.2079348406,0.5133973835,0.9999781467,0.4773918142,0.4183412395,0.9997094763,0.5368059088,0.2399701272,9.665008302e-05,0.1809883883,0.6228720906,0.9979342316,0.5921261726,0.3104778103,9.707262123e-05,0.37181027,0.492718688,9.711281032e-05,0.5908240065,0.1766032307,0.9999781167,0.4690396739,0.3150146444,9.723694776e-05,0.500234764,0.4733109055,0.9999454251,0.1954430573,0.5232943163,0.9999781004,0.4311461886,0.5230731189,0.9999423655,0.5750865402,0.2009490214,0.9999852546,0.4697239587,0.4005978349,0.19802034,0.3090538806,0.4202857583,0.9999780404,0.6125768803,0.4036340826,9.707197742e-05,0.5873514348,0.3131742889,9.627401795e-05,0.3005140255,0.5906145678,0.9999780211,0.4954471067,0.2841618182,0.4595217907,0.4192712558,0.3559489536,0.9999780288,0.3699096361,0.4790484263,0.9989422932,0.6110342509,0.250539268,0.9999780631,0.5184014765,0.4751046919,0.9999781797,0.3897740882,0.6388656361,0.9999780554,0.5184806107,0.357909442,9.709423393e-05,0.4408625978,0.4427665126,0.9999849137,0.2138559006,0.6706252787,0.999978022,0.6440310142,0.1260372666,9.788111482e-05,0.5935466416,0.4894573045,0.3991080132,0.507304731,0.2565639993,9.696511113e-05,0.3253179904,0.5088003683,0.9999779961,0.395667262,0.3780468218,9.697807612e-05,0.6937095978,0.1413502611,0.9999649148,0.568617995,0.192639116,0.9999780424,0.4704376145,0.5211371316,0.9999781325,0.5220484979,0.3712344159,9.707944658e-05,0.4239594328,0.5314838856,9.691354848e-05,0.2574591168,0.4554805256,9.697080954e-05,0.1738588073,0.5765623021,0.5855964025,0.4181950801,0.4392522605,0.2938814898,0.4639038977,0.328131563,0.9999780036,0.3233650384,0.5275740258,0.9999781684,0.6281774624,0.5290377261,0.9999780243,0.5041002378,0.435824903,0.9999781486,0.5967833784,0.2680995445)
