mCurrentIter=100
mCounterStuck=0
mYPrev=-27.61181919
mParameters.n_iterations=100
mParameters.n_inner_iterations=1000
mParameters.n_init_samples=100
mParameters.n_iter_relearn=1
mParameters.init_method=1
mParameters.surr_name=sGaussianProcessML
mParameters.sigma_s=1
mParameters.noise=1
mParameters.alpha=1
mParameters.beta=1
mParameters.sc_type=SC_MTL
mParameters.l_type=L_EMPIRICAL
mParameters.l_all=0
mParameters.epsilon=0
mParameters.force_jump=20
mParameters.kernel.name=kMaternARD5
mParameters.kernel.hp_mean=[1](1)
mParameters.kernel.hp_std=[1](10)
mParameters.mean.name=mConst
mParameters.mean.coef_mean=[1](1)
mParameters.mean.coef_std=[1](1000)
mParameters.crit_name=cEI
mParameters.crit_params=[0]()
mY=[200](14.01031915,-25.69227445,-9.510653719,1082.525447,1.102063862,-21.18724835,13.09162121,-6.032574057,-17.79014556,20.4139162,6.344979184,1.981330959,-26.42031477,2563.799713,23.37777307,-31.40036363,-2.523980164,285.6085566,-13.88928406,34.782401,965.2131274,-10.86616655,14.01896474,63.15929574,-25.55332615,-29.70036015,71.20591367,3041.165729,31.93305922,-18.05560387,-8.450780153,-2.848204506,26.51998499,1114.751089,35.27256338,7.44657209,948.2634748,21.34274747,-32.48961661,-29.28487281,1424.578139,4.358120154,33.01818531,40.03156241,21.44775236,3.139591456,-19.81094625,33.61184974,-10.74958748,11.22517509,35.70358886,-18.70577224,56.41197871,-32.47375723,33.01617826,103.36866,-29.04470304,242.4101844,3.886795131,-26.27929369,39.32588089,268.5415019,33.05865776,-8.890357712,28.29662298,10.62016966,-28.74048037,-20.50547933,3.994543325,0.6994497077,36.05628353,-9.073367644,-26.70672633,-0.08211237176,79.81668559,26.57007422,-24.18212582,3591.752855,1803.658069,1405.406929,49.85390342,-16.21530556,30.02015157,36.03920189,-18.09126165,5.433132804,3889.90957,17.96153367,2.16530131,38.55170183,48.14489691,9.70642014,721.5093214,17.24084173,-4.376256927,-28.72789513,-3.131693301,-16.21439153,-29.15746504,13.07792115,-27.71889609,-29.0991389,-17.49885107,-30.45772332,-26.5976497,-31.54910579,-19.33722749,-28.07173649,-23.01769907,-32.03505434,-28.68793159,-20.87766218,-6.514119363,-16.5874897,-32.13838791,-32.32213112,-15.91701225,-29.69240322,-28.44204593,-23.46779316,-16.90271111,-31.30488034,-31.02481171,-10.15874813,-24.28759136,-29.45629259,-26.55178519,-4.82283828,-31.83947035,-31.54624152,10.64997028,-27.04469888,-28.19006355,-30.67744294,-30.27018712,-30.82918376,-21.2966491,-14.74215667,-23.06090904,-31.69625229,-30.03692753,-32.03253603,-24.92778873,-30.46893996,-14.42867302,-27.6643261,-25.94692087,-22.38968724,-32.65658723,-6.632843915,-32.24805857,-32.2378931,-31.43709484,-31.25656608,16.37183337,-21.34773594,-32.01473819,-31.63200387,-19.02296668,-7.700551289,-26.63552327,-28.2387359,-29.95822082,-32.53685685,-31.16957329,-30.42485869,-12.31913951,-32.69789218,-23.47628641,-32.18297339,12.24226654,-32.71356015,-33.00396497,-24.42207743,-18.12803382,-29.70303247,-31.05715214,-12.03023759,-30.90240612,-25.25882238,-31.88853101,-29.60100429,-32.62021425,-26.73991986,-28.77240156,-25.91242254,-32.81819652,-31.87826862,-28.69840264,-24.64295666,-33.8225285,-31.07178942,-18.92718627,-30.93775295,-31.46383699,-24.10553702,-32.16952939,-30.41627984,-33.2175462,-27.61181919)
mX=[200,3](0.5782179693,0.9001630192,0.5407490955,0.1091793769,0.4474092893,0.3630293312,0.7516410376,0.6142735595,0.6735532144,0.1630008329,0.1897162675,0.1300595174,0.6354909022,0.3357986351,0.7415554457,0.1243604449,0.7150654249,0.0607715229,0.531087087,0.5563381081,0.8596558456,0.01657822199,0.8449138597,0.04888330499,0.6268779141,0.7299384226,0.4599279751,0.5279360673,0.1664326624,0.7519891333,0.5685574485,0.8883334685,0.07866214759,0.7977268481,0.7017481848,0.72272243,0.03310237501,0.4187394674,0.6182052659,0.251841677,0.2219927332,0.001562068718,0.5162003418,0.2748993364,0.9057547678,0.6690714686,0.6252660518,0.2807866785,0.9906296996,0.5024543324,0.5027370739,0.4326197816,0.02759172278,0.4864475737,0.9257652904,0.7662051947,0.1559297424,0.5997363291,0.2567801442,0.9578188069,0.1100681258,0.26995108,0.08620192362,0.1819551852,0.5318310819,0.7140386757,0.4580518432,0.3145376725,0.8702709867,0.6199224532,0.9851968569,0.9751190594,0.2842565858,0.6946812251,0.2713213007,0.2797808972,0.6378085479,0.1938945881,0.9472818619,0.3706019077,0.348739986,0.3633606794,0.09999504617,0.05103975864,0.8424197142,0.1140896597,0.860437995,0.2278371693,0.423214584,0.6931515511,0.8213496957,0.4692211099,0.6442312279,0.312445417,0.7722241607,0.5959789483,0.04164969211,0.5830415945,0.9209391398,0.7814499446,0.2873238595,0.09236331593,0.6417419872,0.05064518547,0.9181255186,0.3342436546,0.4558139864,0.849035474,0.004704089207,0.08735401051,0.226027049,0.4835912788,0.9142901643,0.631686701,0.2344826061,0.4079710892,0.5119405409,0.6093709317,0.491918741,0.4113435788,0.8365864527,0.203092362,0.1469467016,0.151241694,0.1583702638,0.783442865,0.8586459682,0.3831062569,0.9392897259,0.984813099,0.9428412293,0.8314809092,0.4400983267,0.9662715725,0.1707648097,0.7043955044,0.8081466629,0.6227325317,0.6758321825,0.7495959918,0.2610349571,0.8935003588,0.0465803928,0.8898089154,0.2974863677,0.4784141731,0.7347987955,0.6836561077,0.309048801,0.7775250552,0.5555643322,0.9926221416,0.654343851,0.8024272712,0.7396785884,0.3504745834,0.05619700673,0.8623372794,0.9879195527,0.06209151675,0.5414091598,0.3732593306,0.9515098985,0.1039967556,0.8168274329,0.1982064174,0.07182526137,0.5284300115,0.2633689427,0.5989511329,0.2072793904,0.7603343761,0.1293615863,0.46367747,0.9639518171,0.5143443162,0.2534542697,0.4672774903,0.6664670525,0.3974184894,0.8721745002,0.216514783,0.9653693922,0.1702081244,0.01588433892,0.4963425331,0.501930257,0.6586880954,0.94914498,0.6965333424,0.8180193309,0.1626564555,0.8647874857,0.351492445,0.8948191552,0.2426247688,0.6762573794,0.7968234767,0.3077437385,0.6498899943,0.307633702,0.7362574722,0.4893594121,0.3222836202,0.9375772882,0.8747075279,0.2454730165,0.5877397096,0.799660371,0.605527076,0.2095948922,0.9780995003,0.6824709519,0.7463195641,0.7542298021,0.5346918236,0.08134914558,0.5643889647,0.2177161406,0.8829296605,0.4384300012,0.4396505563,0.4269485296,0.2445460437,0.3320035637,0.8152207067,0.3672619992,0.4064324777,0.909790951,0.6086289837,0.3837343832,0.4101187525,0.03478656145,0.03617234466,0.020678344,0.1418788857,0.1011781233,0.4962786187,0.1754234394,0.1221411664,0.7731922611,0.8210238611,0.9964206188,0.4724594554,0.3289752944,0.6643167616,0.3992798618,0.3994362162,0.2335704334,0.7192204417,0.2382676589,0.572210025,0.9135933695,0.6816633275,0.4710642694,0.3572912947,0.8387025128,0.5652003819,0.4060720766,0.002153602487,0.01744137316,0.1494410764,0.950622952,0.1803684009,0.3899171557,0.2977511724,0.806014632,0.6550841586,0.9323360794,0.8212329424,0.07923706752,0.1369215194,0.4485883455,0.7229522479,0.8904853457,0.02042509657,0.212607057,0.06427722682,0.2952051999,0.3732478327,0.8504216196,0.7037823969,0.3290256828,0.7806181876,0.5541399702,0.3491775239,0.5222192579,0.3151106269,0.1332324459,0.1953590848,0.7643213786,0.9755554274,0.5785757256,0.4209412357,0.09776317164,0.3411372377,0.5864898759,0.5457159869,0.920863666,0.1110341395,0.0001050275401,0.6516746815,0.3000426993,0,0.5470527331,0.5057538557,9.694759087e-05,0.738673698,0.2277182511,9.675910596e-05,0.5781422451,0.3630230119,9.698142308e-05,0.5557654893,0.5443190888,9.685526035e-05,0.5349815937,0.4271976905,9.687686679e-05,0.7347699554,0.2283467687,9.011585302e-05,0.6021931669,0.326045149,0,0.5742416608,0.5847815087,9.705262435e-05,0.5083776454,0.4516779318,9.074962163e-05,0.609473324,0.3165854229,0.9869003188,0.6680495819,0.2794322062,0.9999780012,0.5577848189,0.579248802,8.81385827e-05,0.7589940863,0.2009238156,9.685326608e-05,0.5642188862,0.3635422577,9.675969226e-05,0.4708126851,0.4862115057,9.724339118e-05,0.6061293231,0.6252299841,0.0001058301733,0.633919771,0.2950287815,9.716476939e-05,0.5992304509,0.4601823864,0.8687423816,0.6196813553,0.3164836188,9.065345692e-05,0.7607263015,0.1975239492,9.68728735e-05,0.527825432,0.3863899213,0,0.4562999146,0.5377779756,0.988226594,0.5580135251,0.5606147623,0.8124339608,0.7066921693,0.2399722702,9.087762123e-05,0.5959682439,0.3141933365,9.719489284e-05,0.6123580875,0.4910668445,9.219431562e-05,0.6538624478,0.6876580962,0.6641101946,0.5863479401,0.3432815355,9.715520301e-05,0.459774215,0.4482173572,0.9999854941,0.5747429418,0.7733842043,9.704202404e-05,0.6710078451,0.2662651257,9.688272285e-05,0.4718794881,0.5822744344,9.698234692e-05,0.5298236816,0.3861844513,0.6171769257,0.5561630984,0.4789824471,0.6332017777,0.5968117615,0.3272144965,9.703117507e-05,0.614746785,0.5626003696,0.1887790357,0.7664283894,0.1842703334,8.959151636e-05,0.6796254887,0.40098775,9.693399177e-05,0.433968234,0.4852802333,9.464641002e-05,0.5836161238,0.3114217738,9.713434033e-05,0.5091019989,0.4065860078,0.7675675614,0.6977368431,0.2437873922,0.6722983124,0.5673935063,0.3730180545,0.798651374,0.4620847508,0.5792669626,9.824960301e-05,0.6556479403,0.2717091503,9.704846942e-05,0.6111362517,0.4971958651,0,0.4846112609,0.6361201578,0.5801571899,0.5526531985,0.4368321303,0.999977986,0.6294591051,0.6198088136,0.5517411211,0.6083497026,0.3065651317,0.0001033561136,0.4274932806,0.5165137213,9.709344366e-05,0.532689235,0.357412168,0.5650300981,0.5534686426,0.4950632292,9.700257013e-05,0.7346610287,0.7945352136,0.6946068252,0.743485204,0.2039004584,0.5822816045,0.5782881776,0.3455000842,9.687226289e-05,0.4743194285,0.4349670614,9.697226716e-05,0.6170658654,0.5895646864,9.687482209e-05,0.4273732327,0.7584682637,0.0001056604594,0.6593202078,0.2652035142,9.707324891e-05,0.6188417141,0.4284199747,9.764811025e-05,0.4316874561,0.5645242292,0.5660811448,0.5424013901,0.4320504036,0.05355072467,0.5611132478,0.3473923289,0.4697979247,0.5465660422,0.5185093359,9.692583427e-05,0.7855097459,0.1678636709,0.610569921,0.6452126751,0.2774603604,9.690034809e-05,0.3949936389,0.6482125013,9.685457925e-05,0.4476131846,0.4676051075,0.9999787487,0.4412107601,0.6981973484,0.4959996917,0.6184608149,0.2912396999,0.536976519,0.5553657252,0.377395899,9.69156906e-05,0.609077705,0.5272698105,9.152324267e-05,0.7343825881,0.3403916146,0.03259499101,0.5757541845,0.3104269685,0.4923536549,0.4629828012,0.5351740449,9.696369751e-05,0.6318676252,0.6470345112,9.69442996e-05,0.5016863148,0.4158664494,0.5701366184,0.6990758802,0.2388240693,0.5800417573,0.5767000948,0.3695173661,0.0001146171794,0.4754765909,0.5606983361,0.4091571072,0.5711966538,0.4603131671,0.03488810386,0.659372578,0.2609950842,9.723217448e-05,0.610000245,0.4351163573,0.6040907413,0.60403982,0.5342694795,0.5012885331,0.5967121799,0.3134880085,9.770022288e-05,0.4555170871,0.4802946717,9.709966375e-05,0.5359524999,0.3479639353,9.700970445e-05,0.4993064926,0.6097473717,0.5214044727,0.5509133557,0.4075834434,0.5321343806,0.4881343364,0.5054618502,0.6199973806,0.7639165262,0.1845659323,0.5890067523,0.6449127084,0.2788482691,9.696405215e-05,0.4831853908,0.4173721603,9.68874546e-05,0.6271874787,0.5070611474,0.5509539443,0.587322268,0.3437746623,0.0001059036466,0.4121979362,0.5482689883,0.4726382205,0.532921552,0.4649642195,9.731156459e-05,0.6383652599,0.3863329256)
