mCurrentIter=100
mCounterStuck=1
mYPrev=-56.79409042
mParameters.n_iterations=100
mParameters.n_inner_iterations=1000
mParameters.n_init_samples=100
mParameters.n_iter_relearn=1
mParameters.init_method=1
mParameters.surr_name=sGaussianProcessML
mParameters.sigma_s=1
mParameters.noise=1
mParameters.alpha=1
mParameters.beta=1
mParameters.sc_type=SC_MTL
mParameters.l_type=L_EMPIRICAL
mParameters.l_all=0
mParameters.epsilon=0
mParameters.force_jump=20
mParameters.kernel.name=kMaternARD5
mParameters.kernel.hp_mean=[1](1)
mParameters.kernel.hp_std=[1](10)
mParameters.mean.name=mConst
mParameters.mean.coef_mean=[1](1)
mParameters.mean.coef_std=[1](1000)
mParameters.crit_name=cEI
mParameters.crit_params=[0]()
mY=[200](45.86355742,-52.24144793,34.46615498,-1.949521134,9.10613436,810.3375946,-3.523612812,18.77975273,-38.86105597,219.9251382,236.6851355,-46.73096026,496.0076382,14.55598069,-14.92657529,12.04056792,-54.8384503,73.28127057,-23.13613828,1905.434051,208.934174,-8.293730224,23.67918751,-39.36103795,-3.886433114,-47.36891797,-11.3826895,49.54135737,-16.18089591,4.138036457,5.43402268,11.0825773,4.099625188,-26.05608559,1.608445811,-1.570437752,-44.68518227,-36.15250446,-38.90118169,77.56684378,-7.587506534,-58.43169015,-27.09788344,-40.59015181,-16.70301041,20.4060824,-30.60789287,867.2893637,-7.697228257,-55.42168674,-46.4084739,-23.15283512,-6.646471555,-29.48946292,-19.70955891,96.72181116,-49.70005454,50.94105473,37.67631642,-31.68285972,-11.45202718,1832.127659,-42.76413986,7.688749113,31.55870361,19.65683284,4.904233295,-11.55411757,24.82049961,53.06027813,-18.36070272,16.65384902,-4.184860874,-11.65316461,-27.70220138,-35.06214712,-31.08113134,3.663418929,-33.0253521,-41.42840874,-2.585508198,2.270627213,-18.23042986,-25.81738075,-40.73318418,18.37405174,-34.32232901,12.93998679,15.10865967,-15.54761128,19.00296328,-22.66955804,-51.52173396,-44.46438808,2.374226055,-40.2796177,-12.79415058,131.7401992,-38.24170112,15.95138997,-54.1428443,-45.03546508,-56.79164089,-51.63378178,-57.06066848,-47.57913434,-37.95768557,-52.0922378,-53.36697824,-46.74686613,-52.26065158,-55.25151135,-50.37364874,-47.75965127,-51.81393228,-47.89916852,-55.52861522,-36.02980113,-51.21470075,-51.75213857,-50.46931692,-54.47171943,-49.02600524,-48.89206975,-56.1124787,-53.2590579,-45.38982285,-54.87283074,-48.44195251,-54.41883113,-46.30351288,-45.97365781,-50.66165914,-53.31148457,-29.864277,-47.34936302,-49.44524766,-56.07931193,-52.24320803,-57.58389918,-47.10749921,-49.93473344,-51.81403371,-53.84057332,-55.37646505,-47.07034835,-49.61632013,-40.74533369,-58.45434863,-54.38231541,-56.05194024,-56.05885126,-50.57841697,-49.53775664,-44.57465825,-53.91800774,-54.67740224,-54.84091976,-41.21066984,-56.18369515,-47.56144473,-50.25487833,-50.45855312,-49.72136004,-52.75560363,-52.00465874,-57.03075004,-43.82789761,-58.19435349,-51.33018174,-56.19625029,-54.67309109,-40.63868924,-51.99623995,-54.02223435,-20.19958084,-55.98538255,-50.60143937,-55.48593316,-47.20668813,-56.84681938,-54.75615648,-52.11657496,-55.78663154,-39.60190287,-52.40704616,-49.48424209,-54.19854265,-57.16624512,-49.28028802,-50.16274708,-53.56478193,-43.37994944,-51.82037678,-51.99974536,-56.4290803,-56.78929698,-52.34138384,-56.46849336,-56.79409042)
mX=[200,3](0.7731095549,0.2415412099,0.3068090021,0.9923076926,0.5638302146,0.2839975863,0.9801937185,0.8293069637,0.962767628,0.2856691821,0.9000689717,0.2491295178,0.5926125539,0.1992337505,0.9182560845,0.7687624379,0.07647202434,0.2311613831,0.4987336568,0.1446558836,0.8457928189,0.725463358,0.01282415356,0.5519664352,0.6025174087,0.389308053,0.6535140144,0.02458612646,0.3021427388,0.1403779708,0.2176821217,0.3526047483,0.08358119715,0.6967537853,0.3408211121,0.3948293438,0.3845238141,0.3187963161,0.05083740701,0.5838403358,0.4003672941,0.9445890724,0.3782751681,0.4280262721,0.7931564056,0.5442119337,0.9361002111,0.5433728252,0.7125471542,0.5598985922,0.1656830869,0.3502404633,0.4151534275,0.1145149342,0.1135700446,0.3655230037,0.7541231224,0.8208022829,0.1625785709,0.03464001835,0.3295906539,0.06386008934,0.3528803908,0.1069133927,0.4522575893,0.8174410237,0.9709028278,0.2222558594,0.4450866108,0.8804220923,0.4851649078,0.6054970498,0.07825583393,0.870986933,0.459233121,0.5543513369,0.3313461585,0.5896878342,0.5346087796,0.8613149758,0.2564604546,0.4216940862,0.2374941287,0.2676540656,0.5040836882,0.8349812115,0.1261436768,0.4158681258,0.2126704771,0.8976291676,0.8118779636,0.2935765318,0.3226791371,0.6529158338,0.5770239846,0.9058248269,0.04444683317,0.9194742497,0.3487521355,0.9511759743,0.6989626437,0.5900510588,0.8383894154,0.2503523518,0.404311072,0.6359240519,0.6216512026,0.8234695506,0.3151608309,0.5287355425,0.1593032449,8.199741831e-05,0.66131616,0.4794275906,0.06036285402,0.4932481814,0.6212601491,0.8992446292,0.08683268711,0.4622235303,0.4612447359,0.8484404419,0.4802120602,0.4385180749,0.4464052995,0.3892778937,0.5276870196,0.1847644031,0.6764168656,0.4400607005,0.4743437292,0.6300318599,0.4765462394,0.5056544721,0.7703546249,0.2232600126,0.9235657818,0.6997357318,0.03926368567,0.7439822893,0.2995157896,0.5162258132,0.05694281039,0.220370371,0.7996936728,0.1284461466,0.8047695675,0.8467841632,0.5339101232,0.2166285119,0.09547542458,0.6546529468,0.2799306574,0.3641573643,0.8034202464,0.2051102324,0.1326697182,0.04295302527,0.5691568181,0.2486616687,0.4388900324,0.7070493621,0.1841637063,0.703061007,0.6155992304,0.9093414446,0.3704546957,0.1381274105,0.6496628636,0.6380037108,0.1925659336,0.6875373519,0.9894129556,0.9365595852,0.6128429061,0.9529330442,0.8508531265,0.2036641145,0.1574965908,0.6880240409,0.7416040225,0.009651910106,0.6691713608,0.08608697731,0.1139824781,0.07395019992,0.867759799,0.5110457146,0.09648591451,0.6261859464,0.813947737,0.004119871513,0.3959839174,0.6481157293,0.9849676975,0.7340606663,0.9930265819,0.1784945031,0.9112394026,0.09317072729,0.5724277481,0.1970166018,0.852307068,0.04130372209,0.965294924,0.9440626954,0.7618321172,0.0145753434,0.893255705,0.9956575512,0.3488397801,0.7757743641,0.5076237811,0.805406676,0.3258398087,0.9546861988,0.1226623006,0.2607609885,0.8624787009,0.1746010594,0.6105562239,0.748508928,0.2792231527,0.1737551598,0.7115178101,0.7821145045,0.6095202732,0.01025894504,0.1547069389,0.1349450582,0.5343487342,0.2974246602,0.02737208237,0.8821630116,0.5698431558,0.7616423617,0.1041855985,0.2377039306,0.6744555511,0.337962377,0.8592172078,0.8826207308,0.06194225724,0.2647913605,0.5959630302,0.8397144344,0.3068203489,0.1007643994,0.7366417589,0.4037447446,0.7351535966,0.496745528,0.4848405944,0.3925160884,0.6498228144,0.1460718139,0.9776467365,0.3712036152,0.05352290632,0.7238206673,0.3115156571,0.6697663293,0.5412513508,0.9224265574,0.4510546834,0.7117350907,0.8755891756,0.9391258992,0.2052517657,0.726538866,0.250956095,0.2756022666,0.9710884333,0.8757273573,0.7855424558,0.4189407387,0.3392934646,0.5850602162,0.3691325172,0.7080823433,0.6874131739,0.02984166825,0.9496418058,0.7580249562,0.7851518493,0.9274253618,0.4621094005,0.1895604478,0.1678216635,0.7997227784,0.5255296962,0.6788957214,0.03710525058,0.4317958671,0.7588039055,0.2858795101,0.5173535685,0.5792238764,0.96941637,0.4267335163,9.1103646e-05,0.4403028409,0.3609864037,0.9999779894,0.4428542125,0.3782375445,9.702290136e-05,0.3818898627,0.4465611815,9.709892529e-05,0.4886092183,0.2992223426,9.740252652e-05,0.3758712555,0.4528536693,0.9999779447,0.4730974287,0.3323643655,0.9999779956,0.3974580522,0.4548252155,9.699289512e-05,0.5153621486,0.274971852,9.699935055e-05,0.4183272151,0.361008291,9.690844825e-05,0.615125787,0.1725195001,0,0.5149206896,0.4562686104,0.0001048971287,0.3266170386,0.5045804387,0.9999780879,0.5236623894,0.2954625394,0.9999781454,0.644158238,0.1859491609,9.759264632e-05,0.520996985,0.2671215189,0.9999780316,0.542444545,0.4556366344,9.702525327e-05,0.3867488308,0.4112030111,0.9999780084,0.3865658529,0.4589054638,9.682060652e-05,0.277474851,0.5640619522,9.701285003e-05,0.4538544594,0.3202749443,0.9999782313,0.5886839461,0.2493705324,9.703749345e-05,0.4478108219,0.487977417,0.0001030334752,0.565926678,0.2291533599,0.921989531,0.4505145556,0.3246146301,9.726664463e-05,0.3397886792,0.4724760324,9.704179387e-05,0.5348375493,0.3895071041,9.717663016e-05,0.6488240988,0.1402213062,9.703023679e-05,0.3961812599,0.3811399143,0.9999780017,0.6033616387,0.3796276891,0.0001145126506,0.3803019867,0.5221442212,9.696912249e-05,0.550912763,0.5093893948,0.9999784584,0.6712357196,0.1808640738,9.055354811e-05,0.5393722979,0.2819277315,0.7491098695,0.4092025621,0.379024457,0.999977974,0.3523662473,0.5103723809,9.695043672e-05,0.2604126622,0.5847717184,0.9999780061,0.5139799882,0.2745646763,9.691440222e-05,0.4714572252,0.4177244775,9.692620238e-05,0.4493536349,0.3178171809,9.698572505e-05,0.3544999436,0.428105294,0.9999780247,0.4953717421,0.4659123868,0.9999780185,0.5887803249,0.1908487609,9.706866318e-05,0.5675947511,0.3317511942,9.692904445e-05,0.4313959298,0.503470902,9.699638465e-05,0.3881722843,0.3915466334,0.9999856235,0.6375717504,0.3005607195,9.704158436e-05,0.5727032285,0.2053508273,0.9999778153,0.5849450342,0.5305746923,0.7010161896,0.4782133675,0.3058567094,9.719435236e-05,0.4973285466,0.3893500026,0.6631891826,0.4092419151,0.3696430783,9.558111951e-05,0.3196887523,0.4818711431,0.9999779414,0.5281210003,0.3570353428,0.9999780573,0.6296046152,0.1365104938,9.633993739e-05,0.2864157646,0.6174043049,9.676600069e-05,0.4223957854,0.5152356905,0.4362472679,0.5008889291,0.2639859465,9.70224466e-05,0.3637337257,0.4198912123,9.602247654e-05,0.6776005052,0.1567372572,9.695729505e-05,0.4558616563,0.4160199362,9.698436235e-05,0.5900942108,0.4213825941,0.9999779974,0.5600883448,0.2297188497,9.703280889e-05,0.445500479,0.320744619,9.729200239e-05,0.5890797301,0.2626680096,0.7410084395,0.3907855987,0.4014913432,9.690491447e-05,0.4764867929,0.5040842604,0.0001213983126,0.320263255,0.4847598832,0.999978055,0.64091392,0.4000996408,0.691963053,0.5017733022,0.3782938344,9.782074624e-05,0.3713367692,0.551121466,9.700606985e-05,0.3784165263,0.4064576001,0.5662273883,0.4975027087,0.2742704798,0.9999709708,0.7030612871,0.2265267141,0.8448095671,0.4478604835,0.4646247931,9.698505252e-05,0.5087994475,0.3669161311,0.9999780264,0.2720322239,0.5941175524,9.69921123e-05,0.3473155637,0.4434369444,0.9999779551,0.5707369559,0.2124835767,0.4948968178,0.4194820176,0.3535082875,9.709071173e-05,0.5841960223,0.1615658467,9.690452467e-05,0.4326077163,0.4328630617,0.5315969953,0.5707319296,0.3060147926,9.696893696e-05,0.405298183,0.371614424,0.8186601946,0.5086633294,0.3825628844,9.310803858e-05,0.5697114314,0.5596736531,9.697716716e-05,0.3960285285,0.5372038876,9.019793934e-05,0.5063579712,0.2527066258,0.6654169695,0.3670316025,0.4329709622,9.694744557e-05,0.4589069959,0.4316787107,9.770661185e-05,0.5976653906,0.3038646019,0.9999780673,0.6151225095,0.1371925182,0.7192028994,0.4648008501,0.3119657089,0.9999779397,0.4685576139,0.5111181695,0.9999780976,0.6018118746,0.2660560607,9.695885394e-05,0.5462609684,0.4231910534,0.0001002675646,0.3195928472,0.4771664854,9.696056712e-05,0.4109175745,0.4435475027,0.9999763822,0.5299352155,0.2439503488,0.4337616891,0.5037245089,0.356562806,0.0001054853088,0.3534621655,0.4304258983)
