mCurrentIter=100
mCounterStuck=0
mYPrev=-38.15305718
mParameters.n_iterations=100
mParameters.n_inner_iterations=1000
mParameters.n_init_samples=100
mParameters.n_iter_relearn=1
mParameters.init_method=1
mParameters.surr_name=sGaussianProcessML
mParameters.sigma_s=1
mParameters.noise=1
mParameters.alpha=1
mParameters.beta=1
mParameters.sc_type=SC_MTL
mParameters.l_type=L_EMPIRICAL
mParameters.l_all=0
mParameters.epsilon=0
mParameters.force_jump=20
mParameters.kernel.name=kMaternARD5
mParameters.kernel.hp_mean=[1](1)
mParameters.kernel.hp_std=[1](10)
mParameters.mean.name=mConst
mParameters.mean.coef_mean=[1](1)
mParameters.mean.coef_std=[1](1000)
mParameters.crit_name=cEI
mParameters.crit_params=[0]()
mY=[200](15.57375464,-23.12643474,280.8670769,7.236674389,-49.3084849,-50.22024427,-47.77219971,-27.82390716,941.9606113,24.38165183,-23.17344133,1503.432865,-38.412979,-9.468483393,30.14845258,13.7762371,-2.366061816,180.9579033,420.7666534,-6.585556302,688.1651241,-38.78059851,349.3119933,56.87165009,-3.515743385,-15.37368689,18.64339899,3.263616477,-48.54480373,-3.414535525,578.752392,5.672772951,30.12063451,1549.400993,-9.350563646,-41.2535981,20.67335304,230.9472327,-6.475183824,-21.96074995,-35.08574009,2594.41486,12.35575144,-16.54184009,11.95514805,-47.25882019,10.25375322,48.7252277,-25.70125494,15.62438661,-1.338766871,-28.12348146,-23.95556003,28.48414344,1036.978202,-5.76737751,-42.07777717,24.00185238,9.889239215,165.5271784,-1.414571834,-4.341707937,-16.45867321,-1.257418683,-9.989588508,-33.13257103,29.37073319,26.7421413,-41.59142707,13.14959243,-11.26885625,-41.30738153,-30.47150026,-39.13140212,-20.45050177,-7.81080774,17.08317082,22.23636464,-9.158079973,7.521562278,-33.80101186,1887.991305,16.11022547,189.6936119,147.1146985,-5.787009857,-19.00109864,38.66255238,25.08087455,8.017570943,-46.63931369,-0.4467054701,2077.555756,-38.45442481,29.75524697,3301.418738,4.942041587,11.08602532,24.33851159,-0.7334319397,-46.16176311,-46.44460242,-42.1574404,-41.89105228,-41.37180351,-43.64719079,-23.86058638,-38.74938978,-43.67818191,-41.33014309,-46.42419737,-37.72344312,-44.6480451,-23.4665018,-42.7700297,-45.70936093,-42.75757794,-42.03542138,-45.41642509,-34.52044021,-43.34437075,-43.6387426,-39.28041752,-41.66602803,-41.96274588,-45.95833343,-41.78256902,-45.84987296,-42.76220176,-39.30987406,-43.30387179,-33.81227667,-13.76166692,-39.64948046,-47.38636328,-46.62215549,-41.55392021,-44.97640101,-39.03476386,-39.45581191,-32.48729179,-35.11807647,-45.2618083,-41.45281599,-29.76747671,-42.98728089,-47.54924161,-49.13918837,-46.15939093,-32.18986995,-45.72044247,-32.1431761,-39.0136838,-32.1590071,-46.15623621,-41.60667303,-25.50845255,-44.20032299,-47.93932478,-45.52097679,-29.08656335,-46.93083216,-49.15000791,-47.85645979,-39.21024088,-43.06451241,-40.48042194,-35.35644419,-41.02570016,-45.63659722,-31.12377471,-49.83630224,-45.34503486,-43.21264395,-44.50490024,-18.55887184,-33.48794805,-46.29028139,-32.33273636,-47.84780902,-46.61516014,-34.3643658,-43.69861352,-42.49695855,-38.88113136,-47.21679624,-34.21099578,-31.56713713,-48.40254238,-46.7498236,-46.11481919,-33.29047607,-4.265385542,-47.8166782,-46.23945169,-39.65500132,-48.44335825,-44.56757086,-41.68807305,-38.15305718)
mX=[200,3](0.6818791738,0.3313559724,0.2784332356,0.282212997,0.6018757177,0.6486845207,0.4002639631,0.06769307751,0.3511331308,0.06278292916,0.7809573575,0.7359698086,0.5613610216,0.4846678834,0.4378282027,0.4829589148,0.4628390366,0.4449119132,0.7256794667,0.5217467006,0.2574907327,0.676518589,0.2929653015,0.5834105636,0.9414761646,0.3403916503,0.01648860703,0.3038690787,0.7920625201,0.8638809232,0.8183674367,0.8019761733,0.07651704446,0.8513556391,0.1615627771,0.1203009301,0.7520267655,0.6296561294,0.4899396878,0.4221533624,0.4524610525,0.7949714007,0.2008805593,0.4223694359,0.9977751407,0.2728962276,0.9514577152,0.04182523677,0.4397414326,0.8902363487,0.1836833119,0.190865162,0.2390846369,0.2260094372,0.6338448571,0.1820939474,0.2112174919,0.8728765441,0.2430689339,0.5939758267,0.07156056832,0.1988810141,0.1474831386,0.3446785216,0.6875644972,0.03712232698,0.8966375665,0.1115592589,0.3427052692,0.04721582974,0.201520617,0.3282814559,0.2194341494,0.3630874289,0.8362434081,0.8836725452,0.8323054191,0.1635341431,0.698438573,0.6493416098,0.9105414412,0.3589534205,0.5986466222,0.8286216388,0.2404145989,0.4390165025,0.4723211769,0.8484321465,0.762347383,0.7022219965,0.5405121956,0.03171664593,0.3180948836,0.165975475,0.8134385342,0.6869197823,0.5014658172,0.7522924082,0.930593135,0.5298292695,0.2224670726,0.05750765113,0.1000141655,0.3935168677,0.2405688749,0.1171036367,0.5869467287,0.06299956341,0.8339880359,0.1422333785,0.952228846,0.01770592533,0.02329158025,0.3965435655,0.1808798583,0.8292204712,0.5072410624,0.7439889049,0.7412836915,0.5127413323,0.7634137139,0.473898298,0.600210076,0.8224403987,0.05330830815,0.09243738952,0.9709933541,0.9286681273,0.5511078282,0.3611942484,0.2657763766,0.7614181503,0.2959128413,0.1254609331,0.4684641745,0.2329126528,0.5438209765,0.387605029,0.9585683907,0.911886634,0.5749681604,0.4948347476,0.9876391385,0.8897398332,0.0982653726,0.7345908885,0.4226830269,0.6019535146,0.1028300315,0.5685388616,0.3271586661,0.8504906204,0.5326485329,0.5802040735,0.504560213,0.6678441811,0.08726971784,0.2716194088,0.7191528402,0.2635602337,0.5577678493,0.9717526758,0.4601949677,0.04960634021,0.2344472439,0.8616071038,0.8668870948,0.1554669357,0.2213665326,0.5790756674,0.4525955166,0.1228116674,0.9999624553,0.3796409807,0.1780696765,0.1736634322,0.9079170981,0.6647987845,0.3884066116,0.1083049834,0.1452716653,0.3232376533,0.2987640434,0.3986364695,0.4945082289,0.8153593106,0.1515164681,0.1501249302,0.7444849369,0.7049414068,0.6580370786,0.7882949311,0.02751235758,0.5623567999,0.7502416776,0.4490380296,0.7249008552,0.2687894635,0.3137505853,0.845273721,0.8595905533,0.4522318003,0.4473278277,0.9828391051,0.5926814481,0.6619745306,0.08435625464,0.7893959613,0.9479209469,0.2872319947,0.6512622468,0.7145295927,0.6723405415,0.7318302985,0.6713146358,0.1355687768,0.6412469224,0.2890982274,0.5429760041,0.6195251467,0.6163063559,0.4907303255,0.3769737425,0.7728662101,0.4173882661,0.6206759365,0.8705165151,0.1712281026,0.9311724055,0.9342526147,0.6217074242,0.1367358419,0.5300585139,0.9404904334,0.9837952127,0.3080746665,0.7287539313,0.999666633,0.4004653878,0.8738988587,0.03114149474,0.3100821054,0.6504894265,0.5568258133,0.2173697033,0.02238286226,0.8076641728,0.3578744966,0.9291832324,0.518663063,0.1311901121,0.3320531885,0.9651422619,0.2576649837,0.3035417096,0.7937438449,0.6399201138,0.7700156029,0.530136236,0.7023297938,0.6138258519,0.2593990788,0.9620457068,0.809212281,0.9111578363,0.972484088,0.6325777399,0.3309388649,0.9024649892,0.5217459833,0.3898904712,0.5176295781,0.2070269917,0.4113927401,0.8825345245,0.4046490441,0.001192936902,0.08973894621,0.1131890796,0.05667455079,0.3775552911,0.3692040356,0.9046070564,0.6921261862,0.9653172779,0.4771828671,0.07763739645,0.0007354516466,0.7737349478,0.01185594564,0.8478928697,0.5792755185,0.094639531,0.895422438,0.9287171957,0.4108593067,0.1952480351,0.7160944124,0.006159712996,0.6980093187,0.1062564826,0.558730608,0.2808709188,0.3342081305,0.4683814956,0.3319375982,9.694882234e-05,0.3607460544,0.4134858978,0.0001034204297,0.6341818659,0.2262441604,0.9999832083,0.5585437931,0.2967936148,9.03016736e-05,0.4617216458,0.3333600537,0.9892461815,0.4224679483,0.3762264673,0.0001030410713,0.6555923714,0.2075592407,9.770755072e-05,0.3330488717,0.443162545,0.9999699906,0.6346242626,0.237023485,9.516807575e-05,0.4988649268,0.308276113,9.701000123e-05,0.6805812233,0.1866013076,9.703603547e-05,0.4255884803,0.3569367637,0.8684901485,0.3638936252,0.4266286779,0.99998625,0.5800732308,0.2837317414,8.999716886e-05,0.5374877336,0.2827172012,9.690914704e-05,0.321220916,0.4652043766,0.9999759615,0.6606725785,0.2040753084,0.762616604,0.4730376015,0.3306741145,9.698782841e-05,0.6967972793,0.1747845083,9.700391016e-05,0.4282419765,0.353584515,9.68954692e-05,0.4266368757,0.5505608455,0.9999758701,0.6628316236,0.3266185581,9.708803808e-05,0.3599485357,0.4102136771,0.866731567,0.4911591712,0.3202143777,7.760004058e-05,0.5713532531,0.2524328453,0.999976105,0.6553670734,0.1947890714,9.948352923e-05,0.5097321149,0.2989599031,9.694224674e-05,0.3029787255,0.4884808484,0.0001196938083,0.6511169695,0.3166619421,9.709909515e-05,0.4186829453,0.3615478088,9.70042169e-05,0.7116630284,0.1619362188,0.9999781289,0.3752825571,0.4533485874,0,0.5160084031,0.5493749229,0.8465575981,0.5920782391,0.2288374125,0.2372214648,0.5757933398,0.2361843308,0.8568132184,0.4833661327,0.3259155904,8.990951262e-05,0.4528861313,0.3330668913,9.685752795e-05,0.3963404859,0.5955864824,0.999978087,0.6256229626,0.3761139595,0.999978162,0.5004337504,0.5399043525,0.9999780047,0.6924221688,0.1868770832,9.779422052e-05,0.5783654194,0.3730431045,9.689513577e-05,0.3766516906,0.3965554954,9.729072242e-05,0.7374547582,0.2742950656,9.311501667e-05,0.2887208141,0.5086964395,0.436510861,0.5707547171,0.2413917153,0.5242010486,0.5004567328,0.2987389512,9.660486066e-05,0.4990909095,0.4721742831,8.788756525e-05,0.7123329712,0.1492889552,0.5446133363,0.4245907342,0.3599827477,9.690296873e-05,0.6102328186,0.5482722468,9.698128085e-05,0.3441772326,0.4218151789,9.723368757e-05,0.4158708964,0.6473897662,0,0.5021961663,0.2964994081,0.9999781125,0.5504400544,0.3942039268,0.9999780286,0.408005725,0.5446946732,9.724259124e-05,0.6064121914,0.335803745,9.697234335e-05,0.4735628709,0.4195350344,9.688082689e-05,0.3852403002,0.5145591427,0.9999780385,0.7357985311,0.2963352396,0.4628353766,0.6041714746,0.2126271364,0.4508246183,0.5741441693,0.2435448323,0.4653750889,0.4704690792,0.3176616728,0.8421349358,0.6859342125,0.1722155912,9.759646013e-05,0.4072153217,0.3644435513,9.769041559e-05,0.6126841325,0.4209285803,9.686041252e-05,0.2379727434,0.5968381517,9.697558056e-05,0.2986801423,0.4691383914,0.09746223723,0.6014249184,0.2158829618,0.9999854005,0.6004944103,0.5622248955,0.6157101755,0.5326050356,0.2861343798,0,0.4635016233,0.5048870741,0.0001104784192,0.4970244489,0.2922228515,0.6526720467,0.4205827798,0.36827849,0.9999781176,0.41165727,0.6658656633,0.9999785031,0.6808979882,0.4056113067,0.4861838892,0.6228712606,0.1961371229,9.707603327e-05,0.7303564142,0.1401796959,0.5710619879,0.601924382,0.2928988278,9.691198458e-05,0.5015844278,0.4069453574,9.657192556e-05,0.5460791418,0.5774196163,9.69073633e-05,0.3620342545,0.5462922427,9.708521171e-05,0.386305076,0.3792823219,0.999984865,0.5206349266,0.4506239964,0.6416026454,0.5214399845,0.2859982499,0.8094881988,0.7125804403,0.2321986566,9.699266486e-05,0.6517152821,0.5050363587,0.4136219789,0.5705402949,0.3340128205,9.712700489e-05,0.4219875721,0.4741293572,0.427403354,0.4604167815,0.3216279234,0.6754732252,0.3328934553,0.452874708,0.9999781071,0.1908317153,0.7430959985,9.95368503e-05,0.5142173873,0.3829969214,9.981360853e-05,0.5966931361,0.2184302182,9.513943237e-05,0.65553904,0.2930066126,0.6410476154,0.6142735693,0.2014730886,0.000101755229,0.4880954407,0.2955695475,9.815480972e-05,0.3811922162,0.3823474241,0.864466132,0.7005893012,0.1550071157)
