mCurrentIter=100
mCounterStuck=0
mYPrev=-24.66239234
mParameters.n_iterations=100
mParameters.n_inner_iterations=1000
mParameters.n_init_samples=100
mParameters.n_iter_relearn=1
mParameters.init_method=1
mParameters.surr_name=sGaussianProcessML
mParameters.sigma_s=1
mParameters.noise=1
mParameters.alpha=1
mParameters.beta=1
mParameters.sc_type=SC_MTL
mParameters.l_type=L_EMPIRICAL
mParameters.l_all=0
mParameters.epsilon=0
mParameters.force_jump=20
mParameters.kernel.name=kMaternARD5
mParameters.kernel.hp_mean=[1](1)
mParameters.kernel.hp_std=[1](10)
mParameters.mean.name=mConst
mParameters.mean.coef_mean=[1](1)
mParameters.mean.coef_std=[1](1000)
mParameters.crit_name=cEI
mParameters.crit_params=[0]()
mY=[200](287.2645543,2795.8413,28.04852228,-32.93189999,1725.186978,10.67684328,-27.82923702,-10.99375129,-10.38252972,480.5795346,402.5629146,1259.412135,42.6039457,38.00179808,36.977881,115.8257285,8.622523723,31.93835512,89.73540934,-28.95927229,112.5248887,29.30561463,68.70833889,392.5297423,-8.803500979,-9.994632636,35.0435706,26.1221686,1.601817176,37.92884329,278.6625703,3756.682435,11.85859599,-21.93174883,-2.893764081,-27.10725862,-8.641179937,2.605819366,577.9651003,-27.06772958,-19.60176127,-4.776527339,-10.88548958,-8.587894162,-26.02937072,142.0255588,177.479801,15.07732213,19.96538545,16.85438345,21.29317749,2478.524541,1061.262826,-5.450402286,29.16577208,2.230922463,44.90018746,-13.62838425,27.20595333,-0.6422596736,57.12300711,1291.406047,58.9942098,39.66874155,3.971218499,-8.461093472,18.31762862,463.0013733,5.096163152,90.21731392,22.68339868,29.00902836,11.85274032,12.62495172,13.09129906,54.52545596,18.01095678,1950.756249,16.53509483,9.985382339,-18.10305312,30.25597972,67.81048618,-0.6497191465,39.98002258,38.66541135,5.873387441,27.87221306,-1.538421362,-0.09269344234,49.83224523,-22.60996744,4.396990811,-13.14865879,2671.090367,1462.580065,16.78412357,6.337812835,-21.16750411,-13.34053443,-21.78797286,-18.36760801,-6.359819108,-26.09542594,-28.69650305,-15.42605631,-23.53805804,-17.48838091,-14.42355495,-18.84622666,-15.88457525,-23.43457038,-24.12066303,-5.808256509,-10.59282966,-17.92761504,-21.21562427,-26.13662526,-30.46664961,-12.67449518,-24.40168798,-24.74317296,-31.59845174,-27.66082489,-16.18389203,-25.00533123,-8.287804874,-28.55361652,-20.75363753,-15.07299849,-30.42466936,-24.68014488,-22.74563635,-23.37771215,-7.930606301,-10.66414071,-33.71199741,-9.486881386,-18.25426736,-23.31981172,-29.46555577,-32.46323046,-6.704360498,-0.5096302308,-30.72623715,-22.4636636,-12.35765845,-24.02390797,-28.83271392,-26.70425992,-19.70953453,-15.62700299,-18.958485,-9.966230573,-16.83904473,-31.26081472,-33.77627867,-27.41055586,-22.79049006,-2.73908125,-24.39640216,-4.227415342,-25.03736323,-25.80352644,-23.99531413,-22.32540109,-21.58971893,-14.39581872,-27.21089352,-21.39232774,-19.57131077,-24.31804855,5.242297101,-26.49571714,-26.99414116,-34.23445613,-17.40431513,-18.24747136,-11.36374551,-31.47284617,-30.14786831,-18.55340304,-19.52990045,-21.67843197,-32.85493234,-29.46790045,6.617891306,-19.06753581,-11.81464291,-25.76358807,-35.45179136,-27.92013214,-15.23022724,-25.06401178,-27.04746698,-25.7895603,-20.70221304,-29.29654652,-28.56414992,-24.66239234)
mX=[200,3](0.5529228572,0.06578909701,0.351668073,0.9437420055,0.03159361564,0.08074829274,0.04496286701,0.9520431329,0.4556758195,0.9120290154,0.5068180536,0.4692272454,0.2493904398,0.1509262869,0.10316181,0.2753592375,0.8477970856,0.5174026985,0.7550482399,0.4046493656,0.4384218931,0.3996172878,0.4710507823,0.2815760449,0.2378545975,0.6669966479,0.2141884787,0.3168631634,0.2926457646,0.1783517107,0.9096682278,0.564272801,0.05509594159,0.07070535461,0.9667597661,0.04351181675,0.4481238974,0.5423700649,0.2201545721,0.6105737059,0.9402847845,0.724487251,0.9943448154,0.8849262734,0.2443398413,0.9771964169,0.7679313665,0.1276057683,0.8482163047,0.02403540687,0.8244525393,0.7026124811,0.8701135697,0.2036075893,0.3302553032,0.5180980642,0.166356579,0.3006115596,0.3214063189,0.4801844133,0.2685730599,0.1890166995,0.3249792769,0.4204800755,0.3949681257,0.9485197047,0.3595961554,0.1424419344,0.3823820901,0.1558849218,0.07451429748,0.3041928049,0.1479950581,0.6127470851,0.6141955951,0.01367127975,0.113500534,0.7137518516,0.5375448638,0.249382827,0.9802736401,0.5925064318,0.6965160852,0.8674344097,0.4767692622,0.6858537409,0.673342388,0.4871581646,0.4906829308,0.9784820291,0.05420818254,0.9979522975,0.1174611826,0.9347475446,0.01417449124,0.00793745588,0.514907505,0.4687632648,0.8416588783,0.6952000357,0.3583245241,0.6070895944,0.5850257287,0.720764587,0.5820246817,0.434711106,0.5818932861,0.3616811067,0.6287900485,0.6537600549,0.5971437704,0.8266813446,0.5347003779,0.7857182709,0.981519537,0.2886268701,0.1875201971,0.08181086358,0.2283766889,0.5268519497,0.2555352438,0.1621833797,0.6346167683,0.8600982283,0.4557673279,0.7487659413,0.3285816581,0.5548111736,0.6647281446,0.6085791237,0.2753413475,0.4420955661,0.1855714269,0.4219838118,0.5619261488,0.226691165,0.2699597171,0.2709859713,0.1133148206,0.7414697073,0.09509365445,0.4013193837,0.4321326659,0.8740838745,0.1242072136,0.8172095478,0.6560678936,0.8174431947,0.8679112298,0.3930603861,0.7278924833,0.2510491939,0.9074075272,0.06512944056,0.7598802088,0.01601267568,0.03926282518,0.5904745288,0.03097026769,0.2171545298,0.3439103987,0.7747431054,0.6778446991,0.9197061477,0.5043808678,0.4627388393,0.6268180767,0.1964853929,0.5215482355,0.7188957385,0.9648044204,0.38914788,0.5724581737,0.6277828313,0.8087423141,0.9243404941,0.5705008076,0.6393254629,0.1062154966,0.6499001785,0.7987116461,0.79804632,0.1532576676,0.666040888,0.3155508065,0.06523951783,0.5780611199,0.8274836338,0.9972611375,0.7304285587,0.9818438216,0.4218219758,0.1924376999,0.8051791297,0.2379761827,0.5657089309,0.6026286139,0.6863121549,0.340583338,0.7890969369,0.7355961491,0.7851065534,0.3860980585,0.1326806637,0.09451323189,0.3090132931,0.3788225041,0.165608542,0.006243973265,0.4721530696,0.9237518289,0.3758961957,0.3385368516,0.02672702725,0.3637214141,0.9334349035,0.499141481,0.2196983059,0.4199985723,0.3663237711,0.8548483015,0.5417577611,0.4164983136,0.04476905076,0.8545878679,0.7150648236,0.9045475592,0.9186930818,0.7443620665,0.08995056027,0.5570792738,0.2963095375,0.935218337,0.02554486444,0.1072142991,0.2032547055,0.8931142823,0.9635556087,0.1763006292,0.8334348899,0.2828240922,0.6405787069,0.3462420183,0.5068750267,0.8975198508,0.2682983713,0.8852839348,0.2387024522,0.4025433396,0.8715766919,0.333898817,0.7650209168,0.6890561703,0.9750603944,0.6970549297,0.4586038423,0.7381140041,0.9205693274,0.2020268771,0.09590550849,0.815467722,0.3736025278,0.8357930697,0.2514254897,0.1379928309,0.1917605637,0.7923427147,0.9535459247,0.1244060333,0.7013032173,0.1734319197,0.778242502,0.9534789394,0.855100087,0.4193679314,0.5366136224,0.5452479817,0.4825803524,0.8051021735,0.8966222216,0.7046228802,0.2910020717,0.008679087113,0.05682286158,0.07909758261,0.6427814812,0.130356931,0.1461890196,0.6592792416,0.4456642052,0.880129493,0.7756088353,0.6719035889,0.7569413469,0.7616751856,0.6317937098,0.4934299713,0.8344873176,0.5215800229,0.31453607,0.8484099182,0.6279743397,0.2976184298,9.708046952e-05,0.5596319131,0.4268087315,8.908150926e-05,0.6439855491,0.2979328359,9.697183652e-05,0.5273221639,0.4765091194,0.6638179027,0.5831968205,0.3940766178,0.07168031943,0.6496631229,0.2884488251,9.693783675e-05,0.4932846234,0.5140362378,9.009026032e-05,0.3681159688,0.6699533179,0.9999657425,0.6707998238,0.2633455186,9.701862148e-05,0.5496072701,0.4022771571,0.9999843883,0.4419578374,0.5667044631,0.9999779997,0.579484732,0.4261578283,9.698928003e-05,0.4845476047,0.5183930444,0.921586321,0.6687484896,0.2639355469,0.9999780753,0.3804616656,0.6603062284,0.960263228,0.5329147978,0.5003917444,0.1945578882,0.6511723402,0.2815513443,9.697234672e-05,0.3778199687,0.6022036607,0.003658163551,0.5233577875,0.4167719088,9.702232652e-05,0.3750960858,0.708491154,0.8880472575,0.6702069664,0.260801477,0.7958682051,0.5942656376,0.3566420508,0.0965119201,0.4789547281,0.4779459462,9.703943723e-05,0.4053777173,0.5666637324,0.9999779871,0.3998052315,0.6313143922,0.6132609756,0.5911045977,0.4553445732,0.01701445947,0.5887985775,0.3355885888,0.7849669562,0.4144854903,0.52205103,0.05344966256,0.5798836837,0.5282570558,9.710626789e-05,0.3705413294,0.7066469369,0.7395331233,0.5279201285,0.4049720639,9.710752229e-05,0.4420165618,0.4535325614,0.9999756777,0.5507502703,0.5481368562,0.04791377896,0.3629238965,0.6043575421,0.9999779723,0.3515983788,0.6969994342,0.999965262,0.6747810711,0.2538812834,0.5598993864,0.3830534978,0.5147262169,0.9224319975,0.6729783464,0.2549997664,0.3541435812,0.632930339,0.4576056551,0.1260632637,0.5432029676,0.3603174555,0.6416674712,0.3531199185,0.5723211962,0.6567516,0.4541909194,0.4598681282,0.9123802051,0.6711305389,0.2559520688,9.438011461e-05,0.3730751832,0.7892054254,9.973804393e-05,0.3870662653,0.5067134204,0.5629101414,0.5638541141,0.5436775506,0.9618229857,0.5788965829,0.3742655052,0.1369932065,0.3770560077,0.6382796325,0.09291798347,0.4597102605,0.4238209723,0.7153880938,0.4109747016,0.4905203928,9.856892907e-05,0.5381322004,0.5652611923,0.99997794,0.4863016152,0.6219703035,0.2615991447,0.6430574431,0.4660889971,0.7471442474,0.305233832,0.7184179564,0.1031379558,0.6588105028,0.2683940213,0.4274327732,0.330632818,0.5607934721,0.4363167805,0.4764972111,0.4119957987,0.11465762,0.4049463996,0.4833664611,0.1421336302,0.3523107577,0.6417448924,0.2024840356,0.6596812947,0.2661205224,0.8269855777,0.5978810939,0.5009334153,9.704829425e-05,0.503499273,0.7221694557,0.7818687208,0.4851403759,0.4358667635,0.1270846039,0.521116058,0.3654704791,0.6542832539,0.3522265374,0.5490466769,0.2043501432,0.5220676487,0.5691752758,0.8009979465,0.6158084756,0.3213759135,0.1818720011,0.6719960899,0.4152188981,0.3777561578,0.4350553913,0.4744562427,0.6649465534,0.3418395853,0.6383892569,0.2022273972,0.6008390219,0.5125948826,0.869882018,0.5207218735,0.5940869528,1,0.3119618281,0.8018640473,9.703424703e-05,0.3429237893,0.5485085672,0.3045027475,0.4683618175,0.4082701794,0.756320791,0.4157719296,0.4971946951,0.9876661289,0.6432225266,0.438849074,9.712179257e-05,0.4687246971,0.6228623697,0.2558796232,0.2863941319,0.7160127357,0.0608152043,0.4307827373,0.4569295857,0.5469301024,0.500724796,0.5269199243,0.4615567209,0.6699489947,0.2505082524,0.4436238521,0.5922937745,0.3130814359,0.6861842587,0.3148330727,0.5892316767,0.7301970425,0.4855043456,0.4089751995,0.6447300394,0.442227472,0.4784224836,9.677562133e-05,0.3536189549,0.82507834,0.1582269018,0.6176097519,0.48295047,0.9845238562,0.498676031,0.6807788064,0.2818867322,0.4952797852,0.3793179355,0.2663526683,0.3680031929,0.5214853232,0.5240588185,0.4943217276,0.5741855729,0.7206340007,0.6812612329,0.365400148,0.3110762812,0.3094052261,0.6486454237,0.04202266764,0.4301711011,0.4471733358,0.7986111219,0.354735101,0.5197257979,0.9152594226,0.6186941278,0.5290156641,0.7751951821,0.4800036552,0.4455712542,0.01051405175,0.3145171284,0.581908629,0.3783776377,0.4700927177,0.5926526872)
