mCurrentIter=100
mCounterStuck=0
mYPrev=-1.086150371
mParameters.n_iterations=100
mParameters.n_inner_iterations=1000
mParameters.n_init_samples=100
mParameters.n_iter_relearn=1
mParameters.init_method=1
mParameters.surr_name=sGaussianProcessML
mParameters.sigma_s=1
mParameters.noise=1
mParameters.alpha=1
mParameters.beta=1
mParameters.sc_type=SC_MTL
mParameters.l_type=L_EMPIRICAL
mParameters.l_all=0
mParameters.epsilon=0
mParameters.force_jump=20
mParameters.kernel.name=kMaternARD5
mParameters.kernel.hp_mean=[1](1)
mParameters.kernel.hp_std=[1](10)
mParameters.mean.name=mConst
mParameters.mean.coef_mean=[1](1)
mParameters.mean.coef_std=[1](1000)
mParameters.crit_name=cEI
mParameters.crit_params=[0]()
mY=[200](20.77262706,1678.66437,10.84765766,-29.29529732,257.8034243,66.2447337,-16.60575474,30.05875593,-4.451190765,-1.112753435,25.70624934,8.381484087,4.67819481,2980.147755,1671.126835,1142.172808,78.51156655,-3.225353306,434.0847183,52.46267615,-9.226499242,53.21189281,296.0564136,-20.25362455,2.286182994,-28.43588166,-0.9668095561,43.6250832,-6.661435969,-22.845865,-7.291330591,-5.778721744,-29.21804712,8.32563411,26.36258721,23.39520694,25.93726577,654.4966134,-24.91140054,755.735864,185.8450566,950.3330771,-5.424860701,-21.44780294,9.970839689,3063.64752,15.5944096,-12.20558124,1330.712645,-27.74079567,13.86736583,1.628690843,60.97868436,2986.321296,186.0656197,32.19513398,-17.36812889,14.03336169,-25.90502466,33.35936123,10.52217886,222.4571094,0.3781977409,15.92974273,18.80308886,13.2842287,19.27080235,18.50797892,380.2790083,-20.86493529,38.13559732,399.2969991,2438.366448,26.13884687,34.14662058,33.1667366,50.04340774,2629.742976,-1.044733147,-11.75688198,9.276067118,2253.719641,-15.06205917,282.672816,8.272715304,59.54204921,5.611152476,86.14363203,3182.328011,15.5637323,22.41634814,335.6546361,1790.289515,22.10716353,66.52309604,18.21145636,30.25556788,-5.281301433,13.82045458,35.50115683,-27.11654243,-13.54287954,-30.18348849,-23.52243581,-16.686763,-9.680807889,-25.0743654,-20.93056494,-21.63929598,-26.01052039,-14.95655271,-24.44966944,-23.56884402,4.891142827,-18.12333941,-9.833632641,-22.63437918,-23.57903569,-12.93985569,-23.30131606,-25.77401837,-28.44063831,-27.64949155,-19.74651423,-14.57037754,-23.50625154,-29.10305387,12.29540307,-28.6094578,-28.21757683,-7.778112736,-26.7111139,-25.25328563,-24.82855459,-14.46882518,-11.94696472,-30.58374153,-20.17562076,-19.71994111,-24.05523287,-33.53955239,-21.42460812,-20.73842365,5.042756743,-29.96571307,-20.06366146,-28.86135283,-17.65281749,-26.26963957,-16.97725163,-5.74709259,-11.90689425,-31.07217879,-2.170201949,-7.399917825,-26.8300747,-21.48766323,-16.9878057,-23.30882284,-31.89354786,-25.42158331,-17.385795,-26.07211171,-24.68370183,-16.62445407,-22.92398938,-28.3723618,-28.84040335,-17.50436438,-29.95021853,-21.69970554,7.976961741,7.096595215,-10.04703854,-29.29223797,-30.78429829,-30.05967986,-21.76858359,-11.46972911,-22.86146644,-29.01988945,-30.39044646,-21.3171056,-23.17946157,-31.57574943,-22.07451102,-19.18290714,-27.02908077,-23.29358705,-31.85447816,-26.80364824,-5.867252815,-30.54262327,-16.31813031,-27.15409773,-30.87694983,-11.51111423,-26.81760858,-20.52335627,-1.086150371)
mX=[200,3](0.3785467224,0.6183400529,0.869344438,0.7478415676,0.1524325887,0.1600290899,0.5038641115,0.7517814584,0.7410986553,0.08057646362,0.5128697403,0.4559338881,0.808912326,0.0212910198,0.4113329222,0.2109169632,0.9542981078,0.9703649554,0.1371244008,0.4675458837,0.3853940964,0.943065825,0.3572224567,0.9581182288,0.513666713,0.4865708446,0.7605800351,0.475481309,0.7945897979,0.3654559814,0.8222868318,0.9261156784,0.5507369665,0.9132134926,0.08201024238,0.680709293,0.7013898704,0.671403657,0.2666841161,0.6675436116,0.1310923699,0.04981332724,0.1980775745,0.1864986255,0.1326844891,0.03062338245,0.380236825,0.08607824381,0.7723522921,0.1473376882,0.4791491872,0.3562975046,0.4799381982,0.7744187419,0.008484853797,0.32574505,0.2011845864,0.4642529705,0.876638534,0.9464924866,0.327552982,0.7268319122,0.3716992453,0.1787808702,0.7847820705,0.9911961158,0.3987164811,0.4389968355,0.1134295325,0.9782707967,0.6577822406,0.5216622195,0.2744378078,0.7462418423,0.6358201861,0.5946567404,0.4125418245,0.5707861225,0.5737396505,0.4255931139,0.3340816635,0.04886920141,0.9460327763,0.722281589,0.1630154431,0.7321887382,0.4347334736,0.4531238329,0.66254267,0.4689685859,0.8807386946,0.3331861594,0.6122965143,0.06876679074,0.6252381425,0.6772906125,0.8300938761,0.5801135657,0.3214189736,0.3149628977,0.1222278685,0.8310388487,0.8545744479,0.0162386514,0.6080987239,0.6912431092,0.09808854052,0.5839003007,0.9925614966,0.3980398718,0.9374654363,0.01633194245,0.06186204824,0.2895323342,0.2535300404,0.5078675618,0.4273352077,0.7874831205,0.05181503054,0.2985276687,0.7521959802,0.7685965835,0.1043450058,0.4965162952,0.1051998397,0.2336248221,0.07506548286,0.5438006588,0.7091049319,0.9045534652,0.6875573875,0.4869018148,0.6423450978,0.4933487807,0.8511935999,0.7384397634,0.1615348607,0.03740459801,0.291210746,0.4484826833,0.8826188565,0.1018620153,0.2641234088,0.698717335,0.5448663826,0.2467701999,0.1422115161,0.4389023847,0.5759230628,0.5041263725,0.6592412587,0.7000862552,0.8038130087,0.6100411289,0.8176182117,0.4420044727,0.9522920231,0.3026414283,0.3950184023,0.1241803642,0.7175925676,0.009626555704,0.8116382968,0.2049349096,0.3457522419,0.09981087485,0.9360036473,0.6219969691,0.8478124177,0.6362619702,0.596339069,0.2208793709,0.4551380716,0.8765534786,0.9206136922,0.6482307859,0.4068141368,0.5271719845,0.9152676216,0.7125345959,0.337902094,0.1156631749,0.5683703676,0.05373580851,0.1755169525,0.3109216249,0.9658305044,0.6045550948,0.7503200803,0.8752496528,0.8331642336,0.2731079786,0.6234574281,0.2364092494,0.9009254202,0.8671734786,0.001310375638,0.6574066557,0.6887604392,0.8557068654,0.2514890241,0.5814389778,0.7740293337,0.7880333875,0.4408554311,0.0385883812,0.3594318159,0.1125276731,0.2721441597,0.6471318758,0.6322335146,0.9015208805,0.826900225,0.7283577438,0.5361743243,0.09677765467,0.1502110181,0.5951158518,0.01041488909,0.9888886385,0.8471775521,0.1937261646,0.3842750394,0.8805217016,0.2160619419,0.1830498321,0.8670646306,0.2278898135,0.4050841298,0.9666730419,0.815626458,0.8905800663,0.3128650413,0.02098710393,0.0271741956,0.3463399114,0.7994527398,0.2801628381,0.3669584856,0.7329848932,0.7926039418,0.2844243851,0.498657773,0.5628628667,0.2207077568,0.05981436576,0.4846850112,0.5536159019,0.3027295855,0.1427442525,0.9909583851,0.1247075462,0.4195758121,0.5604580326,0.2470916013,0.6053464156,0.9881581076,0.914033914,0.5574862698,0.8004035108,0.5339959574,0.2433499397,0.5279040514,0.1706591721,0.9356543584,0.04166943774,0.07322801789,0.2646468406,0.1978492158,0.8918765605,0.4204989242,0.6953631806,0.8477186415,0.7608651018,0.4084235379,0.1597928424,0.3692850921,0.2979624066,0.06305236784,0.3022480125,0.3787165169,0.9233032767,0.2080938516,0.9781459253,0.1875275157,0.3466301616,0.898296432,0.5436740585,0.7188767168,0.218946181,0.9642300456,0.5307614626,0.2517380169,0.5176203538,0.6743830183,0.8257875545,0.6648886864,0.23286832,0.07523317242,0.9897877826,9.720044839e-05,0.4933027157,0.5821506435,0.9999779788,0.4701385599,0.6464343048,9.692537723e-05,0.5049118913,0.5607020163,0.1445107606,0.4649968388,0.6225309389,0.9999780268,0.4952203935,0.5706554106,0.9999780967,0.4611362202,0.6666815101,9.701253325e-05,0.5197193348,0.5276457037,9.729200379e-05,0.461057761,0.6211475088,0.9999779906,0.4988247819,0.5509351207,9.698367396e-05,0.5286157387,0.5133622458,0.9999772728,0.4811515254,0.6199867172,0.9999844345,0.5559452753,0.4650164416,9.781544858e-05,0.5057452282,0.5759895306,0.0001134095667,0.7805271389,0.3154987894,0.0005145715095,0.4416488839,0.6609174876,0.9999781441,0.4457581852,0.6933717123,0.9725924796,0.5058162397,0.5338884646,9.69075477e-05,0.5484514887,0.4818843163,9.694594069e-05,0.6629194791,0.3815333784,0.999978108,0.6240293963,0.4149139858,0.5601699766,0.4877807929,0.5940463385,0.9773996226,0.5365046346,0.4865003969,0.1892741629,0.5200299003,0.5388496926,0.3209939244,0.4464781791,0.6423071809,0.9999779783,0.7383658223,0.3511618767,9.730897794e-05,0.5849091615,0.435779897,0.8670300013,0.4964565698,0.5674620129,0.0006157998767,0.7888598983,0.2789985992,0.9471664109,0.5787170313,0.4435089429,0.3579665058,0.5295523947,0.5069480885,0.9999844389,0.4473565727,0.6977793512,0.1795058643,0.4377926549,0.602584238,0.6619560434,0.6355493012,0.3919279751,0.7954454754,0.5153499026,0.5250552357,0.9999777865,0.4868442394,0.6144446112,9.707516114e-05,0.4714294678,0.6830920406,0.2204302105,0.5552501867,0.4654674786,9.102680098e-05,0.6764141636,0.3576708969,0.02622876535,0.57455177,0.5611488404,0.7860564478,0.5847408764,0.4324429338,0.705471396,0.5312588225,0.4994630043,9.70396294e-05,0.6065870136,0.4114028144,9.703969506e-05,0.3600247093,0.6108180617,0.9999849227,0.3779490248,0.7939474184,9.718614971e-05,0.5633792021,0.495097019,0.999984856,0.6850295252,0.3659023085,0.6202356371,0.4704559872,0.5556452309,0.8200951218,0.4001091856,0.6485591735,0.9084122139,0.5597197184,0.4588318635,0.3538994095,0.5989628036,0.5966103218,9.718067199e-05,0.5000114987,0.7308307576,0.3336867891,0.6061104138,0.404274657,0.388595031,0.4802260463,0.5357027494,0.9999780469,0.3747782206,0.7237840467,0.9667213231,0.4055059586,0.584458173,0.06608029148,0.5753049915,0.4817236083,0.9668748429,0.5445506524,0.5002459621,0.4789261856,0.5427773963,0.6564929694,0.1647122216,0.5882378079,0.5461480524,0.518403692,0.5599648005,0.4478248626,0.1492589396,0.3461390384,0.6464610312,0.07181343451,0.7216834412,0.3243455383,0.8475497521,0.6478737876,0.3795591874,0.09477058507,0.3928336887,0.5621989104,0.0008133116236,0.5807070507,0.6150335436,0.03383245896,0.6368111652,0.3706663517,0.6952465178,0.5430281237,0.5279703432,0.5552670033,0.576025609,0.4326955002,0.7087378822,0.3548400643,0.6272043028,0.2084929629,0.5104270919,0.4871471013,0.6897888106,0.5955300681,0.5734918891,0.9999782031,0.4569993402,0.8274206158,0.0001154953769,0.5245018062,0.7947434816,0.7850590631,0.7418710613,0.3240315381,0.7699331337,0.6084405055,0.401685982,0.7755533873,0.5487706188,0.4791804039,0.2450170552,0.4197958029,0.546491979,0.07970568769,0.6420826998,0.5019728976,0.4749342595,0.5283490035,0.6834075866,0.08653074341,0.5888820334,0.424853013,0.7322090228,0.5099665334,0.5245894685,0.326823152,0.3752815811,0.593200447,0.6783571125,0.5762088156,0.6133993764,0.3941353243,0.645595231,0.3617143022,0.6793794998,0.5482324663,0.4597007108,0.4286474993,0.5891940348,0.5510485956,0.3098153427,0.3439787296,0.6694567275,0.8568169074,0.6077419738,0.4080707516,0.4771526233,0.3777602754,0.5898439079,0.3397871425,0.4828464455,0.5002096468,0.4272613842,0.6461192347,0.4676219192,0.9876033976,0.5696856773,0.6995102348,0.8054805091,0.5077404104,0.521634442,9.791520824e-05,0.5378300881,0.6427153108,0.2413539782,0.6062718576,0.3914245805,0.369666308,0.521443407,0.4573159033,0.8144488589,0.3489470581,0.6375518261,0.1574613059,0.4375971628,0.5373018277,0.5462862675,0.5904184181,0.5663472851,9.727846782e-05,0.5271579083,0.7264236636)
