mCurrentIter=100
mCounterStuck=0
mYPrev=-37.14673301
mParameters.n_iterations=100
mParameters.n_inner_iterations=1000
mParameters.n_init_samples=100
mParameters.n_iter_relearn=1
mParameters.init_method=1
mParameters.surr_name=sGaussianProcessML
mParameters.sigma_s=1
mParameters.noise=1
mParameters.alpha=1
mParameters.beta=1
mParameters.sc_type=SC_MTL
mParameters.l_type=L_EMPIRICAL
mParameters.l_all=0
mParameters.epsilon=0
mParameters.force_jump=20
mParameters.kernel.name=kMaternARD5
mParameters.kernel.hp_mean=[1](1)
mParameters.kernel.hp_std=[1](10)
mParameters.mean.name=mConst
mParameters.mean.coef_mean=[1](1)
mParameters.mean.coef_std=[1](1000)
mParameters.crit_name=cEI
mParameters.crit_params=[0]()
mY=[200](-20.89774791,-46.22787316,9.770948943,-39.42809705,-16.72861388,232.5088296,1.204274603,155.8267238,1568.874635,-39.56399388,-27.83641113,-21.10020022,18.92985773,-24.57339601,-24.58278606,-33.40195271,172.9190461,255.3361102,-13.80832942,-17.77004631,-34.6624923,-5.22487483,-12.87632365,-0.8040434445,12.23087235,-40.14649497,1006.450141,43.45204871,-35.0245438,-0.3396659436,251.5160636,-28.02396436,-54.07252928,-15.02273295,-8.045453081,21.26779272,-24.05531801,-8.447972571,2775.508421,8.689846701,19.67421707,-2.396207308,739.6920284,27.12770788,-28.47787536,-45.53552079,-11.27869352,15.17393458,135.9959515,37.80381633,-3.11229655,3333.262153,-42.45782307,797.7073488,-11.12412926,-33.98479181,204.7649283,9.73176826,444.6382005,25.57110717,25.41649678,12.02465241,-5.961056877,-23.17030639,1.894949459,-42.07285488,-23.503638,2.947339411,-15.20012522,807.0974259,187.5928154,41.68855492,397.0515834,3081.682939,1.065485359,-25.30622242,2.946043989,71.95391187,-49.71817009,-5.025909274,-45.10778359,18.27406268,51.72872149,3.556015495,-35.27037108,2.578775107,-15.13119343,310.0877257,-50.47407368,-22.0138645,591.9360871,-38.80001821,2398.983827,110.0425054,6.753207717,-42.10069363,54.40960535,1889.190163,-39.64842614,2747.254403,-38.25870237,-44.36829612,-50.84355592,-49.83739988,-47.78086258,-53.93513904,-33.13803394,-52.08167903,-48.17840563,-57.58178615,-57.48626019,-39.30895745,-34.39425159,-54.53871758,-35.00825476,-25.34399156,-50.47359865,-53.16063239,-10.87828122,-53.62394777,-36.69972728,-50.84754047,-54.11730085,-58.4847642,-41.53035983,-32.40767555,-51.69643185,-29.2797168,-48.46177287,-49.67084526,-49.79212629,-25.67070807,-39.77354546,-62.58387244,-56.83507053,-40.25705626,-10.13966615,-59.43182761,-49.46739856,-49.83169012,-55.26167674,-48.35966412,-38.77826827,-43.05946321,-54.32316595,-33.2578937,-59.12544838,-44.86014983,-30.13481624,-52.35211627,-58.78438135,-49.92651208,-59.2669714,-48.6386509,-27.68159118,-34.48187385,-37.13016425,-35.57887025,-44.96969299,-53.90580416,-56.19751855,-49.50341895,-54.5417079,-45.75978949,-42.67262767,-61.06605133,-57.95454437,-25.05196155,-22.16820285,-57.05406896,-54.03843545,-57.905772,-44.33767109,-47.12529381,-43.64311853,-52.13028259,-63.0595224,-53.26248387,-39.83241101,0.4712000181,-53.10496485,-46.58660188,-43.08051554,-57.21207132,-4.658414317,-56.48534362,-53.02936305,-55.1544209,-27.27719928,-48.02294515,-47.69197168,-61.87156643,-64.50590108,-43.24973202,-59.66738205,-66.17533423,-47.49134059,-33.09096646,-47.65274233,-37.14673301)
mX=[200,3](0.7400548939,0.7939789274,0.4144719807,0.2801283936,0.2287636079,0.5809071784,0.1464304897,0.2540298117,0.3333724197,0.5418159989,0.6078942605,0.5503772116,0.3067900671,0.4970389766,0.8052930046,0.5576401073,0.0179075595,0.4259803291,0.6306327306,0.2840509911,0.9031886305,0.2495975004,0.3635639254,0.2000280268,0.5049500053,0.003423560448,0.2272878753,0.09244932747,0.4593731789,0.6789639817,0.0204038325,0.6167796018,0.6865592135,0.9548133586,0.5784216246,0.7509064159,0.4584367371,0.9982424414,0.3742493819,0.6881754944,0.7314198264,0.6318691672,0.3821468622,0.1810019193,0.7745429045,0.9013096525,0.4899146959,0.6633908803,0.344233147,0.3308772206,0.2149068829,0.9236218634,0.6649304157,0.08131177913,0.8161781713,0.8502978592,0.481505397,0.6745143749,0.7506889751,0.629379297,0.7201884546,0.3812004639,0.6424937055,0.3580252784,0.4644531396,0.882308267,0.5264017273,0.5233306207,0.8372601181,0.1584003505,0.2699233574,0.9171189189,0.8975722735,0.8403615103,0.8264138445,0.01852057483,0.2093342952,0.5132341776,0.4076863893,0.3282808239,0.05937096583,0.4962466809,0.9721220665,0.9543816409,0.483675258,0.7621713993,0.3442524853,0.4261128998,0.889990921,0.5698116473,0.8044892978,0.9597518813,0.1120576774,0.6989217722,0.6539876413,0.1908186615,0.7892612884,0.5414499855,0.4601049488,0.6026241139,0.1522609661,0.7069675209,0.7568513989,0.1062037154,0.7943632076,0.1110325827,0.5323085437,0.9853722369,0.8681739016,0.4725233593,0.7328896337,0.7054743021,0.2752906662,0.4504899374,0.2649142864,0.08494241459,0.0619527696,0.6204133979,0.8756775405,0.7455020254,0.7986216637,0.5652270409,0.9913621797,0.7158241588,0.8132170697,0.7256495326,0.5362276835,0.5082802192,0.04028271183,0.8595091154,0.9445661454,0.8667715897,0.5743144793,0.6333765323,0.6580902684,0.1712067403,0.5184000942,0.5976447065,0.0797879724,0.4467594481,0.8488831293,0.276015419,0.03626201096,0.9757605509,0.1920108668,0.7748452163,0.1081463896,0.06855252773,0.02085704039,0.5348350004,0.236557896,0.07739053307,0.8799596656,0.3198312787,0.3540187786,0.002669120363,0.3642120159,0.6759009847,0.244850215,0.8821557943,0.2411473509,0.1770762083,0.9701382093,0.8391478912,0.6003933827,0.04916365714,0.1639369302,0.4727925626,0.8475200052,0.9223617517,0.09139482054,0.123082762,0.05552103185,0.9437455576,0.6630864096,0.1301186135,0.2921292817,0.4305866423,0.7267570284,0.9607342886,0.8272527635,0.1940600232,0.5234093982,0.6458671526,0.8957067172,0.3091402759,0.1666649225,0.8602862068,0.4327240127,0.3276399696,0.5842380159,0.1463341799,0.2528099434,0.7488368525,0.8123278631,0.1847894977,0.4254354809,0.366486596,0.9414816102,0.7093821519,0.3860479776,0.8772122616,0.1445226089,0.6166487724,0.7698104879,0.6909004697,0.7624295444,0.0565079846,0.9878178651,0.07011136702,0.8342173724,0.4390129461,0.1695083714,0.4420852323,0.9636686891,0.9395179435,0.08769775945,0.04433146229,0.3199814632,0.9891565709,0.09278401704,0.03806293595,0.100756645,0.8043221222,0.2692303338,0.6559677953,0.5975959335,0.7133083914,0.6105969659,0.3109587967,0.3503021614,0.9605646963,0.9318833047,0.1863394595,0.3332612165,0.621746756,0.3272734139,0.2212896937,0.06438557702,0.851507199,0.00952529416,0.2165023874,0.4982719643,0.2951270626,0.7813535435,0.8991785278,0.3791816335,0.2918977379,0.288217008,0.9348175061,0.9154535366,0.5044898177,0.4702167871,0.6458924175,0.573922627,0.5852731417,0.4055175659,0.9201029495,0.1370563605,0.111438847,0.5418486026,0.7333506382,0.3741095182,0.1514004004,0.7762778831,0.5564007142,0.3924019432,0.9129960516,0.4145494347,0.4066122642,0.3991833021,0.3090929751,0.12686236,0.4682806544,0.7151802423,0.4471595001,0.03065722228,0.9026662203,0.01841579632,0.2027195758,0.3478044108,0.2320771975,0.5988547724,0.8284237444,0.782626274,0.2121283582,0.2335704581,0.696502033,0.9929665869,0.3963423748,0.2794416939,0.5667472653,0.1225779799,0.1394494665,0.4140884958,0.688636768,0.2547216392,0.5122757423,0.1707625019,0.0236052985,0.9398656815,0.6546057686,0.2571646102,0.06336647872,0.6112423904,0.2836757218,0,0.4966899916,0.4842304241,0.949797833,0.660681343,0.252736137,0.08477212252,0.6066109377,0.2861247131,0,0.4883119206,0.4947430035,0.9620730258,0.6617041349,0.2506566208,9.691869636e-05,0.5541214838,0.3711602844,0.6925227728,0.4645751718,0.5318594943,9.69526559e-05,0.5198058342,0.4275106862,9.772531066e-05,0.4438436431,0.5529152254,0.2488291515,0.6279890215,0.2644201303,0.9625087186,0.6648477139,0.2466371999,1.733418256e-05,0.5146988472,0.435582284,0.999985199,0.4825358505,0.5239034786,0.840221137,0.6606777203,0.245388581,0.3509590886,0.5792535361,0.3199300662,9.698016637e-05,0.4228792319,0.5755747893,0.4349392363,0.6341206988,0.2544373749,9.696611684e-05,0.4977454524,0.4732809182,8.988583338e-05,0.5572938527,0.3616599566,0.8308252246,0.5079558225,0.4897077969,8.973668386e-05,0.4088813049,0.5939112401,9.690483511e-05,0.474326219,0.5147430354,0.8571696221,0.5883801155,0.3209403509,0.999977933,0.4420589917,0.5799765632,9.689521962e-05,0.5186920403,0.4201282738,9.721575785e-05,0.390274201,0.7499002547,9.726951871e-05,0.5812664533,0.5131255042,9.691713717e-05,0.391270641,0.6233497289,0.7985449477,0.5310343624,0.4380615432,0.04427840056,0.6249783378,0.2583247557,0.8094782375,0.5872934,0.3175767469,0,0.4136043932,0.5204663197,9.69726655e-05,0.5423806482,0.3873629178,0.9070549258,0.4434239539,0.5695613563,0.9999781457,0.3720725937,0.8036668576,9.700873216e-05,0.4373580554,0.4666528897,0.8782698853,0.5483012026,0.4755252695,9.682988629e-05,0.3876419386,0.6438725193,8.204011024e-05,0.4070436165,0.5415858101,8.98312614e-05,0.5653436353,0.3256534835,9.703774725e-05,0.6259025298,0.5151473595,0.8327729157,0.5628404276,0.3660719854,8.968641043e-05,0.448765884,0.4450458321,9.707763205e-05,0.4047954634,0.7352551274,0.5194473968,0.4120941194,0.5125314849,9.688255521e-05,0.5206874455,0.5966752714,0.999978073,0.4318943619,0.6286626923,9.720352786e-05,0.5418123181,0.4011941683,9.699382605e-05,0.3798663392,0.5474980672,0.6891178409,0.5222034205,0.4507956378,9.042606389e-05,0.4104517036,0.4838944795,0.7556978132,0.5942482423,0.5162803559,9.725648153e-05,0.6394741863,0.2433767571,0.7035711847,0.6710499099,0.2264080443,0.8217719368,0.6740263526,0.2263245628,0.6466781516,0.5896223496,0.2865782429,9.697201661e-05,0.6195351457,0.4583628744,9.694146212e-05,0.3508014616,0.5941173182,0.5076597361,0.4051012881,0.5220769991,9.710107052e-05,0.5500065654,0.3443636438,0.7087039815,0.5402037959,0.3984266878,9.691018253e-05,0.5740023426,0.5677207661,0.001137862444,0.3988983161,0.6756067367,9.701675386e-05,0.4217071087,0.4552915878,0.4706556757,0.3941109937,0.5462042368,0.0001359582593,0.3355556824,0.7985807815,0.9999780969,0.3841640589,0.7048379315,0.4813130478,0.4365290005,0.4750956043,0.4916180368,0.5421611456,0.3953001769,9.685090779e-05,0.3888770697,0.5268377431,9.71073955e-05,0.6217232443,0.4804347768,0.7661811237,0.5128797903,0.5917445268,0.02347894834,0.5677952681,0.3006336726,9.716520361e-05,0.3357105318,0.6043534907,9.721215165e-05,0.4509682753,0.4257038156,0.5030414394,0.4275876208,0.4903209726,9.707258004e-05,0.5383291943,0.635301525,0.8708450978,0.675791229,0.2226199781,9.678015894e-05,0.6065964662,0.4048638261,0.7424931403,0.5638640712,0.3404279151,0.7176418729,0.6064814533,0.4992564891,9.685708234e-05,0.3880571029,0.5316432962,0.9999835407,0.5681480929,0.8607027362,9.777895687e-05,0.4430514902,0.4282103432,0.5630681173,0.3799747365,0.5759402424,0.6695430276,0.5514105326,0.4259033073,9.678273507e-05,0.5199069984,0.7460200669,0.000210935552,0.5580535662,0.5448348788,9.701721849e-05,0.5393506224,0.3498596611,9.700457367e-05,0.4032167536,0.4920984173,0.499847593,0.4439472869,0.4654821463,0.7834216619,0.5016959448,0.6179887803,0.0001052015373,0.3561954604,0.560110924,9.697783772e-05,0.4008672821,0.4932682792,9.04293036e-05,0.618236314,0.4414590821,0.7200758731,0.6563939118,0.2249312196,9.696033289e-05,0.3101312095,0.6492356879,0.6209621982,0.5820943581,0.2743043121)
