mCurrentIter=100
mCounterStuck=0
mYPrev=-16.78408078
mParameters.n_iterations=100
mParameters.n_inner_iterations=1000
mParameters.n_init_samples=100
mParameters.n_iter_relearn=1
mParameters.init_method=1
mParameters.surr_name=sGaussianProcessML
mParameters.sigma_s=1
mParameters.noise=1
mParameters.alpha=1
mParameters.beta=1
mParameters.sc_type=SC_MTL
mParameters.l_type=L_EMPIRICAL
mParameters.l_all=0
mParameters.epsilon=0
mParameters.force_jump=20
mParameters.kernel.name=kMaternARD5
mParameters.kernel.hp_mean=[1](1)
mParameters.kernel.hp_std=[1](10)
mParameters.mean.name=mConst
mParameters.mean.coef_mean=[1](1)
mParameters.mean.coef_std=[1](1000)
mParameters.crit_name=cEI
mParameters.crit_params=[0]()
mY=[200](21.65769931,-9.074719828,50.00751695,-32.33881574,796.8180797,2140.294159,100.7016671,9.437427528,103.6791847,-16.16085703,34.06849391,239.1399411,-1.109010419,-39.79416019,-36.19575869,2.435736641,121.6039991,16.84068987,2226.071245,22.51717469,434.5232816,229.2658997,-32.5774207,37.93100894,31.16892639,11.41391234,242.9485875,24.13261462,7.024645079,-15.29711397,13.25483482,3220.99359,19.24070288,-16.30151242,-15.52045741,-16.90726906,-5.66978466,16.13010517,-43.16701144,336.5430017,-33.33126586,45.4849649,2.949646849,441.2654023,61.11801893,7.880062915,8.612688779,87.81123734,44.80713525,597.3105175,-15.23771744,44.43915246,17.30612875,-13.28960301,3.425607798,63.46281402,1019.13759,1216.239113,-40.34404823,-1.576015795,-4.41016801,38.36853035,190.6997477,-35.21147571,-13.01814017,54.98608551,1042.145989,1492.164012,0.2762164841,-3.551835686,-9.658547849,1142.151943,-23.13923298,37.80415892,120.983667,-20.60554624,-12.1889918,0.3839898063,578.2024905,-4.284012637,26.69254112,25.54948057,17.52429776,17.07742144,16.54562909,-25.17719295,1072.079972,513.1259345,1530.580535,424.4861036,-15.90224702,20.48544353,171.6076956,137.0464873,-13.38889481,1018.693678,-42.50535798,92.76895081,23.76634721,22.95332099,51.70959498,22.25234956,83.28735222,7.744653457,-35.81358585,54.31798615,-28.3655547,-13.47532215,-24.72161629,-38.97015453,-30.80178628,-8.660104384,-28.85989952,-25.13744086,-28.59585439,-18.95283076,-38.65907102,-17.72655952,-32.4868969,-22.75750593,-30.49086977,-19.54584543,-33.01816048,-8.359122329,-27.41280398,-28.26150708,-38.70307782,-29.12877712,-24.51226091,-33.19484282,-36.90756037,-21.31227538,-19.26569709,-34.23282673,-32.61078447,-16.38701829,-24.89425292,-39.96730654,-24.77912565,-18.57650243,-34.17900981,-35.26854871,-30.34870113,-24.64776807,-27.5814373,-27.53497519,-30.76748386,-34.15673827,-37.58029939,-30.61497197,-32.40305828,-32.48570785,-9.400388571,-34.51726851,-24.20658124,-37.70791345,-11.39965489,-25.3916271,-38.1643474,-8.660573645,-36.04096068,-23.43077706,-37.56216264,-40.06794419,-17.11830678,-16.76025517,-42.32349806,-38.18482455,-31.04197369,-39.13710339,-37.17063051,-40.6688781,-34.98108836,-37.8983434,-23.92835185,-31.34620687,-40.68702905,-44.74966608,-21.37314227,-30.26127001,-41.15644851,-42.41563605,-38.19063376,-40.37003964,-39.24434269,-38.75611457,-34.37216284,3.095409786,-31.12930484,-44.75945151,-27.60060667,-42.01610728,-22.15475801,-17.0137153,-39.95864777,-35.61941567,-38.5108311,-37.97789726,-27.84999138,-16.78408078)
mX=[200,3](0.4405016889,0.3938924049,0.9586709019,0.1101721049,0.677180848,0.7020068658,0.3640334051,0.2088784413,0.378604714,0.6688585992,0.6823906885,0.4477794429,0.610783713,0.1156620951,0.2396797037,0.2098134743,0.9477733856,0.02641677771,0.5433669996,0.3798333986,0.255173216,0.2779039194,0.570249374,0.8693810761,0.1073065965,0.6573989854,0.1152680104,0.09563361473,0.3399516324,0.7687918739,0.3018261637,0.6186400859,0.995454546,0.06600948638,0.02318683872,0.4089209303,0.732789275,0.01998801677,0.7813706055,0.8279996299,0.6062310744,0.3039443594,0.4872191305,0.5591025886,0.4140112198,0.2609667348,0.470060165,0.8487613988,0.9247118772,0.3279372168,0.2752037861,0.4295347265,0.8517227361,0.7520113328,0.03489886016,0.2311629715,0.049805784,0.392303831,0.4082391344,0.967159465,0.3520011036,0.4374247904,0.09029930991,0.7606008308,0.1508895448,0.3625535524,0.005712641457,0.5935845112,0.4603059415,0.8502371867,0.1695358142,0.5239122256,0.9787895094,0.9893501284,0.6097528457,0.8842993697,0.8052456635,0.2628302983,0.05565115507,0.03899586527,0.3902134234,0.8027866157,0.9373516791,0.4760555033,0.02241824463,0.4826738911,0.2184116774,0.3198746923,0.3041466559,0.3816657724,0.0827276761,0.125170083,0.9230137322,0.5181004784,0.5210426086,0.003699037777,0.6505967049,0.4275726806,0.9449806634,0.5791631582,0.2120799778,0.6867569472,0.5344555531,0.5825667403,0.7161800672,0.4109691435,0.7954452224,0.3425332608,0.2411274186,0.7255819256,0.1964544281,0.6234523223,0.7599762214,0.8341924155,0.4756321217,0.5102151601,0.4816445134,0.7111208324,0.2780590476,0.2202709296,0.5051919016,0.3551263699,0.6303627556,0.4360807318,0.2827618938,0.3320264511,0.7830558215,0.4190992199,0.855407109,0.9491695651,0.04703170911,0.3516186418,0.7407100671,0.1718025319,0.4534467281,0.9555835927,0.006994812284,0.8709203695,0.6889660503,0.8600858374,0.6176032211,0.5234374046,0.2483058957,0.3204283418,0.2975107735,0.7884184913,0.9818314218,0.2595310658,0.5472072218,0.06546661158,0.5972741838,0.7454783614,0.5870252038,0.4006692031,0.909511029,0.917931,0.8785944283,0.9235296368,0.5496769878,0.8139809329,0.292386822,0.5624320447,0.6450482123,0.8806239671,0.5733264173,0.5857005282,0.1886056961,0.4213336256,0.2312125241,0.9560791496,0.05577508038,0.7294814526,0.702776954,0.03107151442,0.2151558348,0.4573316082,0.5103689318,0.6911344953,0.6255060652,0.7960548276,0.3390710016,0.2297931399,0.8157942776,0.1744635082,0.8159183192,0.1739555818,0.8945420762,0.5021316252,0.1400484935,0.7788883543,0.5683311067,0.5518358886,0.8340746361,0.536564494,0.7390787954,0.07392967888,0.9928779706,0.8964747232,0.1477212412,0.1923366838,0.1663784293,0.7017881276,0.642374478,0.01886936352,0.3252236843,0.06328272231,0.809493535,0.9865870245,0.763001683,0.6692701949,0.8666329475,0.7773221866,0.2902187796,0.9038346224,0.369817445,0.07134638379,0.1312852288,0.468105763,0.6960852001,0.3419167674,0.9736628737,0.7734938227,0.7948449058,0.1391480829,0.438635653,0.1609150709,0.7152017462,0.5368040019,0.01483891802,0.6904826832,0.6589218046,0.128338785,0.7353953862,0.728043179,0.4981441366,0.1047041184,0.2816109771,0.5638043448,0.4452691413,0.8230561606,0.2883743797,0.8935369859,0.7459042043,0.9651658112,0.8215980882,0.8880213458,0.7507562145,0.6370290034,0.9027322509,0.4683726752,0.05495203735,0.5965383955,0.6048292782,0.3895819591,0.932464837,0.5536961723,0.6628136244,0.4910150822,0.9903983249,0.07488790933,0.2423241154,0.375362123,0.269825072,0.185711295,0.8429674196,0.3161838428,0.08284786184,0.4501119563,0.09932644231,0.3166275543,0.9122779044,0.3420237889,0.6456717609,0.6774872731,0.9186339352,0.6731592398,0.9353654634,0.8749161012,0.1046205068,0.1584939701,0.9640365573,0.1569437737,0.04061133777,0.1403293426,0.624042238,0.2261042713,0.2555460025,0.1397054755,0.6373848149,0.4962310893,0.5093036371,0.1868920618,0.841795537,0.1277621293,0.3881684077,0.08190852954,0.9718410746,0.1932012651,0.8387280387,0.2065913638,9.587930242e-05,0.9999670636,0.266714879,0.00881893954,0.9296911874,0.3722773831,0.9999688096,0.9999833193,0.2288133773,0.9999779842,0.8902606115,0.3847689821,9.692947762e-05,0.5068321342,0.5879449287,0.1985713787,0.9847734348,0.3030422816,9.704793916e-05,0.5081829312,0.588153588,9.669515798e-05,0.7712981952,0.4232064722,0.9999781444,0.4746509182,0.6122826042,9.882830766e-05,0.5311068194,0.5464697171,9.788014428e-05,0.5016619588,0.629202252,0.999978047,0.3006370747,0.7161246336,9.03729736e-05,0.6433687687,0.5072097496,0.9999773104,0.4934929844,0.5800418854,9.178909962e-05,0.4791771286,0.6401330316,9.693624388e-05,0.7477235165,0.4093137708,9.041090402e-05,0.5065247323,0.5598911854,0.9999781804,0.464330936,0.6521645654,0.9999773352,0.6039067848,0.5141202039,9.783172064e-05,0.2691315541,0.7188914331,9.710685704e-05,0.6812731198,0.4802276205,0.9999781212,0.7299045349,0.4248982277,9.690671391e-05,0.5181392967,0.5821988926,0.9999781632,0.3863893571,0.7594154792,0.9999851986,0.5285835239,0.5544825513,9.837084342e-05,0.4232829897,0.6642267411,9.860553125e-05,0.5371324946,0.5316485575,9.698722185e-05,0.5357945124,0.6078624456,8.961272746e-05,0.7487383797,0.3710467289,9.062299817e-05,0.6595891133,0.4590449172,0.9999781605,0.6434285261,0.4771767971,0.9999780851,0.4901140021,0.6089017375,0.9999780747,0.74830848,0.3912696054,9.873914126e-05,0.5510003966,0.5270793258,0.9999759641,0.5904652225,0.5183878428,9.682542445e-05,0.3925775493,0.756680069,9.923407392e-05,0.6625040772,0.4419133618,9.714757031e-05,0.4987931106,0.5619357388,9.899178707e-05,0.4164391823,0.6729185412,0.9999881981,0.4560734028,0.680886747,9.727271254e-05,0.6036611461,0.502440207,0.8066739308,0.5069298131,0.5777293951,0.9999780372,0.6440805167,0.4594097615,9.04054971e-05,0.7262496398,0.365966032,9.702360926e-05,0.5464667283,0.6161258305,0.9999780815,0.5681736805,0.5314610226,0.8199041904,0.6822111935,0.4099518213,9.003187617e-05,0.6421604709,0.4312828234,9.768702336e-05,0.5610298534,0.4988135469,0.8020736129,0.5053567064,0.6171733983,9.701003971e-05,0.4857988649,0.5577402032,0.9899006231,0.6129504423,0.4784662344,9.262355744e-05,0.4459231414,0.7840552268,9.86958947e-05,0.6745781614,0.3928631052,9.686099395e-05,0.3731986542,0.7028364666,0.6123802342,0.5467670239,0.5492699309,0.9831797018,0.7731485498,0.3571650693,9.064040205e-05,0.5353949476,0.6302491466,9.700918381e-05,0.5926374393,0.4697082712,0.9999784618,0.4190896035,0.764925933,0.6874910566,0.6406323367,0.4382913826,9.692463047e-05,0.7051644989,0.5236796987,0.6158133331,0.5063042872,0.5822566924,0.7128656852,0.5666661416,0.5064838939,0.9999849258,0.485520058,0.6749648712,9.086275223e-05,0.7624459892,0.3347529155,9.95158647e-05,0.4399604906,0.5351601953,0.6379029359,0.5443066114,0.5479605952,0.0180561209,0.6405400965,0.4103877703,0.4308047598,0.5802491728,0.4728570984,0.4093685124,0.4940863305,0.5949745803,0.5922303699,0.5597545165,0.5141351533,0.6558298866,0.6613048779,0.402009484,9.4434742e-05,0.5750561796,0.4682574396,9.901994378e-05,0.6185236969,0.5694147283,0.5836377656,0.5165824263,0.6387173302,0.7140783915,0.6202289006,0.4474416053,0.6125387483,0.565430553,0.5015736083,9.726325543e-05,0.416101487,0.724277583,9.703667919e-05,0.6600531798,0.3867954423,0.0001055469969,0.4764217081,0.5068872744,0.5317666573,0.6105860914,0.4428451284,0.7266338611,0.5263990832,0.5472126002,9.707883616e-05,0.3805243831,0.5861726213,9.823273496e-05,0.5990866318,0.4454596413,0.6297380784,0.5753002678,0.4858427009,0.7350103905,0.4932395535,0.5919080775,9.768069898e-05,0.344821909,0.8771800962,0.6760886595,0.6738037645,0.3797478242,9.906594048e-05,0.4407631206,0.5332754544,8.949864999e-05,0.4853197622,0.6581130828,0.5001690404,0.5674014329,0.5335715146,9.710094218e-05,0.7086005085,0.4998982931,0.9999779898,0.4738701355,0.7070709416,0.4818445398,0.4891072404,0.5611474353,9.717883138e-05,0.4093113917,0.6061474395,0.465503321,0.6188456852,0.4220848382,0.5356640515,0.5464739581,0.4803800469,0.6723861231,0.5272124148,0.6254432057,8.97187613e-05,0.7260975405,0.338957604)
