mCurrentIter=100
mCounterStuck=0
mYPrev=-24.6122963
mParameters.n_iterations=100
mParameters.n_inner_iterations=1000
mParameters.n_init_samples=100
mParameters.n_iter_relearn=1
mParameters.init_method=1
mParameters.surr_name=sGaussianProcessML
mParameters.sigma_s=1
mParameters.noise=1
mParameters.alpha=1
mParameters.beta=1
mParameters.sc_type=SC_MTL
mParameters.l_type=L_EMPIRICAL
mParameters.l_all=0
mParameters.epsilon=0
mParameters.force_jump=20
mParameters.kernel.name=kMaternARD5
mParameters.kernel.hp_mean=[1](1)
mParameters.kernel.hp_std=[1](10)
mParameters.mean.name=mConst
mParameters.mean.coef_mean=[1](1)
mParameters.mean.coef_std=[1](1000)
mParameters.crit_name=cEI
mParameters.crit_params=[0]()
mY=[200](48.13942352,62.28198132,34.51924106,138.5059056,1450.573727,32.7282853,564.9454827,46.22206185,-28.02697303,252.2347295,43.45414666,877.6046058,-4.556004787,15.67491393,30.29897858,205.9629012,386.1369942,-14.34709416,8.909869235,-19.19586093,230.8235207,2222.964346,19.51890186,-2.680757855,-28.51865829,1.111227425,22.94750613,-2.391901522,22.2412446,-12.27273631,-1.520274471,37.04199162,9.151351366,73.21201055,0.4760907384,-7.204612268,-13.19825282,14.07277904,13.46426611,-15.40369096,-6.328590332,185.6679249,-21.35576722,41.70223683,10.20840859,588.8435818,-32.78463217,-20.48631292,22.16715725,-32.0375932,-22.11091658,566.5910615,34.7907884,0.6213259472,15.64503393,-27.6385323,51.95087751,45.02170735,3.735280213,-20.78353788,946.8154097,38.90547759,239.4464363,3.773043313,51.29016304,96.44791359,98.02601015,-13.07730579,20.11394563,-0.8468244474,23.87821841,36.87811641,13.68821398,2290.744306,1533.443913,57.35339827,0.3467232382,0.6332762317,-25.96145612,-13.14247855,-7.279055706,2390.923743,-3.097481047,68.59784445,-10.89510128,394.4281272,-17.0463048,-26.1429559,20.39295962,38.0635228,-20.47035887,4.505290396,-25.11154965,-18.3740276,-25.27942666,43.71418821,3381.455383,-2.501228748,2461.916006,1049.692801,-9.345671565,-14.6817533,0.7471237477,-28.9715891,-21.65242694,-30.17825311,-24.45830861,-19.01712749,-15.42802354,-31.2191634,13.95881407,-19.71269768,-17.00025818,-17.60432068,-12.66800421,-19.37560185,-14.2830554,-14.94966035,-22.60978561,-16.18557807,-15.14644181,-26.73387066,-21.43228896,-13.00338547,-12.43576922,-1.215448554,-34.90311139,-20.93155088,-25.70428446,-29.51801242,-31.94240022,-7.644895636,-6.399992946,-20.59082846,-22.9823993,-24.07543624,-29.887854,8.659498348,-29.54324005,-22.61495666,-36.42190869,-20.44630255,-14.85532484,-27.19571427,-26.85567789,-31.27749747,-8.588959511,-16.13769293,-14.72147077,-18.61347537,2.483851567,-27.13153115,-17.75976551,-28.88764872,0.06187028236,-8.987937396,-20.15485251,-20.93404934,-18.62035527,-30.6397555,-28.89043763,-19.57890578,-12.64370733,-30.27437335,-31.39268734,-19.30116026,-29.85197428,-27.98116487,-20.62958583,-15.54458688,-28.24015749,-26.98102436,-27.41463524,-13.30082582,-4.77950077,-8.481520785,-25.45946483,-27.43499971,-38.79077597,12.16100793,-6.721073315,-8.362110074,-21.5501274,-22.62095127,-7.863963915,-30.45970714,-25.09566878,-17.81449756,-22.22634496,-32.53759661,-17.08462104,-24.51060463,-35.60640879,-21.48762883,-18.20267447,-34.9769611,-18.12895747,-34.97464822,-22.00757676,-24.6122963)
mX=[200,3](0.01220877851,0.8549681205,0.9126793419,0.06372306579,0.3216176082,0.3090441668,0.04656176915,0.7206317436,0.8881886076,0.1792304279,0.8490911103,0.1106121228,0.7936335474,0.33486033,0.05188953793,0.9837794134,0.1298040157,0.9746528741,0.6903745632,0.289050585,0.1543209967,0.2277076169,0.8973912972,0.8478600037,0.2944565924,0.3865740498,0.5226424754,0.5295152169,0.05809082604,0.3706486898,0.2009390444,0.9929617002,0.4107569534,0.4301820779,0.1620978952,0.1927576483,0.3374565616,0.8031038561,0.295145725,0.3761111804,0.4713054958,0.8635195936,0.2144272102,0.2297916803,0.9548208997,0.07955831916,0.8227864133,0.09500699482,0.6187788641,0.426145287,0.1220974149,0.4765430113,0.6908182777,0.4371651116,0.7773328013,0.7979097304,0.2312972871,0.103176546,0.5854125619,0.5537975719,0.498701018,0.2965668603,0.208309876,0.009149485454,0.1976262971,0.07068882064,0.7595621452,0.86336845,0.4032577652,0.7252115892,0.1875644753,0.6145803837,0.5655830541,0.3712782949,0.4213116775,0.9151780726,0.1022122437,0.7631257315,0.6783758696,0.5667314839,0.8970595636,0.8486356025,0.1363943474,0.6794829496,0.4110474423,0.9389331581,0.486868733,0.4466805426,0.7445486567,0.5157545795,0.8071623144,0.1536208936,0.7424375469,0.1377720274,0.2156477912,0.9931427457,0.4896509044,0.03653267764,0.8382008121,0.605249538,0.9059936519,0.1421301749,0.08917438503,0.1429264811,0.7722621165,0.3257790673,0.4525152477,0.7359302432,0.9337350092,0.3065604362,0.5669319086,0.2387132455,0.7857204641,0.6934187831,0.308869219,0.6337805119,0.7982885126,0.5991244092,0.340274712,0.7029967683,0.6889824487,0.5409007268,0.7195458822,0.4049510326,0.6881470496,0.08535388507,0.1242606034,0.3961148747,0.6360025271,0.1602764969,0.007532399448,0.5346138308,0.3872413533,0.5582347184,0.8237763796,0.1827173001,0.08507205744,0.2787972827,0.6288729587,0.4045733352,0.5042625168,0.836683843,0.4151303279,0.384205824,0.5014395601,0.9180326211,0.3496097699,0.4583039976,0.5178488203,0.4678707564,0.9580709978,0.5709300424,0.3536505844,0.3574523628,0.1723341749,0.226842436,0.5853681727,0.6586942606,0.1690434038,0.5407928205,0.06454490513,0.6516810648,0.8544297996,0.4438650328,0.8774477201,0.7449428313,0.5294619967,0.4933474517,0.9403013672,0.4934046607,0.1743249856,0.862168346,0.8803554915,0.9013609419,0.6472327136,0.8123767363,0.3151313533,0.5544606207,0.2746417814,0.6042262214,0.3688629199,0.01951001792,0.2473085426,0.0342418715,0.9501425954,0.6495327501,0.1596655019,0.9260652349,0.1026282647,0.704826024,0.4899397098,0.8079927166,0.9022498676,0.9700097408,0.2629384139,0.9658365095,0.4395992765,0.2193074185,0.3163144377,0.04679726363,0.4591181912,0.2723294157,0.2083796485,0.6262293039,0.2834005343,0.6468394029,0.8532308295,0.4251533862,0.07356763728,0.668978686,0.2548207431,0.09698305673,0.9286058899,0.7627310941,0.7170970884,0.9318119047,0.5760323261,0.7566048558,0.7517856688,0.5159975694,0.02918364143,0.130865722,0.3494720414,0.9663547674,0.03310317179,0.1146091268,0.832341676,0.9642064395,0.8763589237,0.7760786148,0.3388070247,0.735139789,0.2548751101,0.7869545661,0.8978388585,0.5390167754,0.5457335309,0.9742552511,0.3513852211,0.5960487466,0.8167042791,0.3135079348,0.4791967126,0.6636689261,0.2621660568,0.01382644514,0.9949996369,0.7355294016,0.1835284501,0.1994778435,0.9409980412,0.9876648486,0.6305779636,0.7079378394,0.363459336,0.09001685717,0.6604632207,0.06465909909,0.9207861093,0.6786391071,0.2895349168,0.7815816355,0.6231656033,0.4454581725,0.3969049558,0.8707916993,0.5715769274,0.2433987986,0.6181084455,0.9456001057,0.7155050094,0.5910012807,0.2581784538,0.05177251447,0.2452862727,0.8186105791,0.2671339463,0.5050010506,0.5869991597,0.144930122,0.3696062813,0.6863595408,0.02323034065,0.6003545531,0.3220223257,0.5349525592,0.987298047,0.7203368395,0.4620759611,0.1157369896,0.005843674375,0.6509387575,0.7671304449,0.3942137343,0.8282193913,0.2377199112,0.02777372716,0.8834497076,0.464118957,0.0419982132,0.3483216573,0.6288596708,0.2731714537,0.4493778505,0.625308539,0.2748161219,0.5861432854,0.6156722744,0.279916871,9.700877386e-05,0.5376567671,0.3790672462,0.9999868293,0.5785228812,0.3033523897,9.768610025e-05,0.5263163042,0.408253906,0.9999834408,0.6468254881,0.2643523776,0.8309488683,0.5378481359,0.3397996041,0.9999779959,0.5845834073,0.6250918805,9.061626179e-05,0.4823406052,0.4839017857,0.04040080583,0.6757174447,0.2582489486,0.9999780158,0.5212996805,0.3978728079,9.704001824e-05,0.5616812045,0.6206424568,9.689731433e-05,0.3823080148,0.5494083218,0.03777496414,0.5779229849,0.3249317318,9.69332527e-05,0.5754562896,0.4707613378,0.9999783505,0.4358348058,0.6503616873,0.9999847943,0.6568197627,0.2585858068,0.9999782268,0.5778556779,0.5247246006,0.9999843084,0.5507377983,0.3248535107,9.654005044e-05,0.3876841286,0.5823359851,0.02705161611,0.4895534595,0.4293277445,0.9999781156,0.4935788963,0.4489789316,9.686543097e-05,0.3157319122,0.7137870983,9.727055569e-05,0.6380341556,0.5923170029,0.267244406,0.6786588448,0.2514859045,0.3169484519,0.5391141336,0.3619812359,9.722460679e-05,0.6225947001,0.4875438856,0.9999773726,0.4690079439,0.5541469856,9.697940262e-05,0.3967059073,0.4963813182,0.9999780027,0.5328137311,0.4259031968,0.9999780029,0.6453787768,0.6229817071,0.9999787453,0.3450112168,0.7113327874,0.6087000318,0.5700801234,0.3016004864,9.695998388e-05,0.4047940018,0.6267046199,9.707888931e-05,0.6094648341,0.4043711289,0.7644774186,0.466500636,0.506475171,0.9999780115,0.2869903932,0.8361497859,9.709999617e-05,0.5191387816,0.5294502468,0.9999779794,0.6358348882,0.4969099282,0.3774012062,0.4702333488,0.432727155,0.9301090519,0.4370534716,0.5967411611,0.9999908589,0.6675269442,0.2525659371,0.6889625597,0.5187642794,0.3625588441,0.0001063943491,0.3161242729,0.5462440244,0.2437712104,0.4392046007,0.4647463739,8.985283596e-05,0.568652847,0.6792763275,9.703319057e-05,0.2889106918,0.668737638,9.695762574e-05,0.6122874934,0.5226609189,0.9368313716,0.4251278793,0.5047148995,8.235097549e-05,0.6869443983,0.2532101843,0.720073733,0.5821813888,0.4108587591,0.432107211,0.5406334725,0.3236361864,0.3309089951,0.4662571429,0.5666923875,9.638258652e-05,0.3437723407,0.7825527243,0.9999779432,0.3424782495,0.6598255068,0.1066915862,0.4625393259,0.4422301931,9.710450277e-05,0.6450578877,0.4237265146,0.8081188991,0.6506582169,0.5525295107,0.9589464567,0.5689132711,0.4459525976,0.3329359661,0.4746331275,0.5397145962,0.9999772507,0.6610858543,0.2543384276,0.0001061124048,0.3042941252,0.5893006557,0.9999853308,0.5749901329,0.302014313,0.5593030506,0.5013190537,0.3887298794,0.3605970871,0.518821495,0.6467824444,0.5149328626,0.5217586134,0.4876382255,0.9999779704,0.6111317765,0.3860421583,0.8677311347,0.3633556804,0.5322355632,0.03589321518,0.6293723989,0.353805134,0.4847372346,0.580339429,0.4758833464,0.4939918094,0.4772740834,0.5809864151,0.6896606142,0.4530461702,0.4432169736,9.727034391e-05,0.2706454972,0.6949049471,0.9999780205,0.3552866837,0.745642401,0.6059584891,0.6743859203,0.2448899206,0.6784710838,0.5388954993,0.3158951737,0.097532333,0.4847311344,0.513294169,0.3309612824,0.4875686797,0.3941337185,9.684209412e-05,0.3029838205,0.8520615326,0.9999779379,0.6136176838,0.6919016637,9.704004233e-05,0.6666242455,0.6117337258,0.6513797618,0.4120213661,0.6217179685,0.789843455,0.6589186183,0.4780836508,9.692866917e-05,0.5234185606,0.7141889502,9.710775829e-05,0.3851240507,0.4779944606,0.9130469934,0.4587413969,0.4511283736,0.3080580423,0.4991963508,0.3688764546,9.693599228e-05,0.642837076,0.4565035295,0.4771589518,0.5161439299,0.536151309,0.9999779393,0.6184027277,0.3752075902,0.0001100149757,0.2938395567,0.5524717167,0.2751284369,0.5046480535,0.4699815254,9.124964906e-05,0.4585394501,0.5889954294,0.7987808905,0.3350248959,0.537191968,0.5331062381,0.5110191102,0.5126001775,0.7065801339,0.309270934,0.6485666947,0.3817258272,0.546132326,0.4317091475,0.5728392214,0.6239462235,0.5525087978,0.05488147863,0.4268730339,0.4585980537)
