mCurrentIter=100
mCounterStuck=0
mYPrev=-2.121802733
mParameters.n_iterations=100
mParameters.n_inner_iterations=1000
mParameters.n_init_samples=100
mParameters.n_iter_relearn=1
mParameters.init_method=1
mParameters.surr_name=sGaussianProcessML
mParameters.sigma_s=1
mParameters.noise=1
mParameters.alpha=1
mParameters.beta=1
mParameters.sc_type=SC_MTL
mParameters.l_type=L_EMPIRICAL
mParameters.l_all=0
mParameters.epsilon=0
mParameters.force_jump=20
mParameters.kernel.name=kMaternARD5
mParameters.kernel.hp_mean=[1](1)
mParameters.kernel.hp_std=[1](10)
mParameters.mean.name=mConst
mParameters.mean.coef_mean=[1](1)
mParameters.mean.coef_std=[1](1000)
mParameters.crit_name=cEI
mParameters.crit_params=[0]()
mY=[200](2657.237236,3914.394658,206.7991724,39.31886366,114.4576107,-4.219148453,111.800875,54.47593351,8.046184839,43.98418344,8.395313413,48.03533605,2365.35785,54.10280362,18.13302574,84.29003854,-2.588775533,51.50691931,-6.402086466,134.9857748,29.11626436,8.36145904,17.25818937,74.74323238,15.15454797,1.421587705,50.57391707,66.34410334,43.65679186,22.61192635,103.9523688,349.0701391,-2.852125282,18.22069823,50.61475857,16.6488409,33.50954186,643.0912995,21.5129501,13.08281663,13.30266422,23.60338136,30.15431718,42.27305046,1290.194752,1623.319676,47.04518294,48.51677205,-11.32444551,-6.671599728,-0.7464927576,33.79836482,-8.134535008,35.33033368,-6.115688171,27.44264299,65.35084825,-10.34734505,52.59366257,52.58462359,552.0479942,151.4163411,51.90278431,418.8019552,206.193098,35.39641354,19.4240885,38.75177443,100.4069728,902.8256711,169.0876504,770.4426548,47.84904513,301.4346642,41.54941234,72.22050175,23.83432301,43.0468192,2.503553806,-6.890801555,155.7862359,154.08905,-2.394404527,21.72291182,58.55869494,49.09682883,47.25530053,10.57287277,60.04191818,796.3270098,29.81929331,65.06863733,1093.794955,54.80422702,47.53549768,43.77127001,27.07540405,53.99351505,521.8562002,3054.76726,-2.392476102,18.69601265,49.99584486,15.58345189,8.328298602,-5.757842441,9.257574533,-2.457675567,-0.02137445926,16.69065016,27.18013067,11.02855205,-4.903711571,6.054095129,-2.461262998,-0.272960795,78.37857274,11.49461324,-1.513315188,22.48250128,-4.027294113,14.49567759,7.068656596,1.803247062,29.67268191,8.118047149,2.060816082,5.999549123,-7.382377603,4.405770373,-5.485459475,33.82466977,18.38320118,16.13493217,10.09686569,-6.778933018,6.625134851,-7.10383312,-6.799364705,1.769373671,9.318332244,0.4778791998,-12.71111906,38.72393441,13.92664305,4.946540688,21.61401291,8.466882019,31.75305546,-7.113216606,1.659684283,0.126989603,-7.606715021,6.32541603,-7.943841734,-4.56693949,38.64620024,13.95467597,1.173556066,-9.211674385,1.406448816,-7.542282092,12.85680289,1.028627418,9.2873069,-1.328841027,12.35578248,-4.067517807,0.3178139021,-8.205313736,7.588698288,16.03202851,1.198556223,-0.6800526477,26.69740127,-7.932028416,-4.41228358,-6.588823319,3.830879969,3.153702553,0.2455433566,-6.232977321,0.7128957226,-5.305382825,-2.870965293,19.87661843,2.535332833,-8.081211826,-2.72803773,1.215459994,-10.12556418,-6.65776357,8.84482338,-2.656773442,-8.020825433,-5.149101954,-8.025690226,26.43857963,6.379084418,-2.121802733)
mX=[200,3](0.5389094169,0.04835659191,0.09870035686,0.137767221,0.6132404788,0.0001545656123,0.970152286,0.2196955959,0.4311192838,0.1940786333,0.09089171799,0.8683832332,0.8219645725,0.9590804636,0.1800282373,0.1269047689,0.2229055356,0.65760603,0.6778187548,0.0398384825,0.5667278068,0.008598097821,0.9632071699,0.6171016357,0.3142212331,0.1970737068,0.7257486421,0.3267921635,0.2760614654,0.9486904695,0.7423798156,0.3789529115,0.5342965988,0.2384578413,0.8399353489,0.7877694303,0.1756932707,0.2631541018,0.01617460541,0.5135406191,0.8220791704,0.8548822911,0.3646666235,0.4499771648,0.3477245325,0.592835614,0.7240366514,0.1479871528,0.2117102469,0.6485170681,0.4148980775,0.5860777681,0.9207968924,0.7074852266,0.27809714,0.3018664373,0.5765013738,0.3873155936,0.16283055,0.3732336321,0.2263943667,0.07279332923,0.8168817785,0.7365969399,0.7421391126,0.4554698989,0.793566685,0.3603445602,0.7181634468,0.8006858728,0.05016350411,0.6235696676,0.504359866,0.7336496106,0.6451082345,0.9187189005,0.6323810521,0.5543839856,0.2870209063,0.3168879226,0.9793970672,0.9885800724,0.349721201,0.4712169445,0.4858077073,0.9177834643,0.5427161601,0.4612878654,0.5020297985,0.3108042298,0.7283481561,0.3845015793,0.3240340794,0.5222989817,0.5481496691,0.08581096721,0.3533923702,0.5213542658,0.394826154,0.1122888591,0.6676115625,0.2517376746,0.4261793319,0.8529841811,0.2189233773,0.7103542406,0.4582534627,0.3688871905,0.7897306073,0.8799671265,0.4076894916,0.898304462,0.3368144349,0.1526468133,0.9002675872,0.5586984018,0.768017468,0.6902318387,0.7746494927,0.5279070277,0.550595449,0.2598772834,0.7322870449,0.7502420593,0.754331348,0.2417487605,0.06555918534,0.7076141799,0.2320631467,0.6155713541,0.7647633896,0.8214487,0.04182758922,0.01824143446,0.2253286968,0.7079831922,0.9737766776,0.04329577552,0.9548001277,0.4921124743,0.9191180804,0.766190986,0.9327557505,0.6827302608,0.6074759974,0.4281446639,0.4648027148,0.2404401409,0.2930364962,0.6640065789,0.2604427429,0.2399515932,0.6910844734,0.5489123332,0.1887178,0.8461739085,0.5650604493,0.6511885521,0.3528402705,0.3357524977,0.780988603,0.1949680924,0.6331772198,0.5640420345,0.3086570193,0.8479187459,0.793832206,0.6319162785,0.6544205296,0.1066193932,0.6051049672,0.08233664999,0.4107071955,0.5889972434,0.8179117621,0.9834358538,0.4296885585,0.03572795167,0.8694775947,0.2076305893,0.01348226687,0.08575709506,0.2664460708,0.2042545568,0.3222289246,0.2899744148,0.8768656485,0.2423384843,0.951115067,0.0212416842,0.3933623682,0.1630323112,0.1822819244,0.8991730308,0.1180041886,0.16416111,0.4654696033,0.9006676297,0.1423727907,0.4734664997,0.7983834302,0.6869546217,0.9075567542,0.3302648189,0.6212554109,0.5792679092,0.1784665449,0.8651192831,0.7140516085,0.03957075127,0.8853060733,0.1377715657,0.4817295331,0.927944271,0.4308616369,0.06842734876,0.4378217835,0.1124151053,0.9329847474,0.8575126159,0.8192681851,0.07590168954,0.9432394335,0.0233286678,0.7550887433,0.1075982108,0.8462456719,0.962668532,0.7744381378,0.5338640644,0.8088149723,0.8391706971,0.2018069146,0.8815123349,0.07261952584,0.5143191506,0.297455523,0.493553483,0.4838550567,0.4494047631,0.378151063,0.5932591772,0.1396405281,0.6428952401,0.6073688077,0.106279086,0.2988034007,0.6273715931,0.5006282156,0.2560478241,0.3549820279,0.8333767419,0.6696462247,0.1791564442,0.9940199715,0.3449183674,0.1494305859,0.4942022261,0.3907145606,0.129781268,0.9298840864,0.570871591,0.5837504821,0.6791216541,0.05892916664,0.9428663826,0.7468693429,0.4554865085,0.06244417525,0.2767186037,0.9620729151,0.4035977805,0.5142144174,0.4155670565,0.698393931,0.1240525015,0.151121993,0.9981839973,0.05902506018,0.4403402445,0.2854247385,0.9840063466,0.991287042,0.6886623201,0.8977490325,0.09748590095,0.8899411042,0.5945309435,0.4727996253,0.678825281,0.7756012747,0.4061320648,0.8011707665,0.8771942594,0.3084415813,0.008682355646,0.3806714993,0.9328245803,0.1574236176,0.02000045652,9.719549869e-05,0.5200817973,0.6234953883,9.989858177e-05,0.835900814,0.3299458278,0.999978078,0.8988157696,0.2615142068,0.9999780854,0.5004075128,0.6249323581,9.703846025e-05,0.5247135738,0.6990754262,9.687205732e-05,0.5562584055,0.5551955268,9.6910733e-05,0.7481202411,0.3756065763,9.774563939e-05,0.5188289958,0.6178446988,9.052591095e-05,0.6489723616,0.4842709518,0.9999781364,0.4822037721,0.6594118745,0.9999781359,0.7686108875,0.3410874717,9.687866248e-05,0.5006866562,0.7241948305,9.688244301e-05,0.5512516189,0.5566824703,0.9999781083,0.538516173,0.5892661976,9.686811125e-05,0.6881346008,0.4284482906,9.694497814e-05,0.5151581877,0.6520476972,0.9999741146,0.8873993275,0.2011394965,9.685566336e-05,0.7584454193,0.3480474061,9.684947002e-05,0.5775740914,0.5234849735,0.9999780252,0.503661654,0.7106776675,9.699846108e-05,0.5308215444,0.5924487484,0.0001044270747,0.4157902923,0.7672239309,0.9999779677,0.6940448498,0.3917688676,9.687930718e-05,0.6590789319,0.4636028179,9.680264475e-05,0.4516858462,0.8631465371,0.9436320717,0.5412117225,0.5843630944,9.696528765e-05,0.5164829846,0.6637166333,9.697225015e-05,0.7027270031,0.3836902043,9.684633005e-05,0.5562164752,0.5368149898,0.9999780938,0.6662520089,0.4897951259,9.699212828e-05,0.5182580096,0.6037429003,0.9999846706,0.3873495966,0.806060037,0.9626955532,0.4709723235,0.6397715156,0.7186695591,0.7585286615,0.3185842335,9.692025015e-05,0.519320621,0.7130821081,9.052569489e-05,0.5942265266,0.5040914715,9.912102125e-05,0.6650048296,0.4257851821,0.6327401223,0.5591121674,0.5621779928,0.746624078,0.6689473105,0.4002858218,9.71576257e-05,0.5367587491,0.5793347036,0.9999779405,0.6645582079,0.4654174612,0,0.4987345765,0.6511287538,9.699215024e-05,0.5788916015,0.5086719889,9.308959448e-05,0.819967046,0.2985689447,0.0001014291685,0.4169996596,0.7644455229,0.8795329186,0.5794252041,0.543628932,0.9999781026,0.5032966374,0.7132279193,0.9844764,0.6925710651,0.3746619329,9.670835902e-05,0.4469729711,0.8709804583,0.548882109,0.5083473755,0.6073100058,9.691284409e-05,0.6861968231,0.375783311,9.688476096e-05,0.6411567047,0.4608829735,9.001510719e-05,0.5204901128,0.5471641493,9.867188526e-05,0.5225344092,0.6740589109,0.7380374388,0.6097555359,0.5157243751,0.5426520933,0.5363425635,0.5936102271,0.9999783439,0.425183055,0.8551237777,9.691147453e-05,0.7049536108,0.3547110927,9.772853853e-05,0.4442757686,0.6245637528,0.0001045018041,0.5327105703,0.5285226289,0.7654762527,0.6542431369,0.4295770009,9.718530825e-05,0.6274919971,0.4716170611,0.9351832611,0.436778294,0.6660321546,9.709783994e-05,0.6100624335,0.5737487956,9.705847246e-05,0.4909890193,0.7379075641,0.7712136444,0.608837567,0.5131415114,0.9520620672,0.710187832,0.3506213277,0.6994381795,0.5198371653,0.5685204135,0.0001008422675,0.6535900302,0.4123528677,9.690889618e-05,0.5606319903,0.5016677939,9.194230132e-05,0.5734149675,0.6755303857,8.17352116e-05,0.3921168281,0.7942032968,0.7941188568,0.6494922151,0.4387307919,0.5339928336,0.4843239081,0.6174778735,0.9999759427,0.4293333953,0.7566656379,0.4992877868,0.5418041187,0.5423409683,0.5868051742,0.6419609019,0.4847455782,9.700615698e-05,0.4526174722,0.5625358218,9.719737217e-05,0.6065471182,0.604468867,0.04527851478,0.7253487554,0.33248031,0.5324985974,0.6699370862,0.3843049305,9.697776526e-05,0.6231725522,0.4537146524,9.709918941e-05,0.677295632,0.5296320826,9.717127322e-05,0.3916222198,0.6430148445,0.6797204767,0.5251709228,0.5613376852,0.9619461303,0.7690965232,0.2981391247,9.663862992e-05,0.3988036522,0.6981265704,0.5949571859,0.6038576549,0.4962309905,0.6591096595,0.4730076782,0.6381986565,0.4201373872,0.6725179731,0.3750335689,9.703229521e-05,0.4806103604,0.5261463846,9.696714538e-05,0.4284370136,0.5900507014,0.5934280925,0.562323855,0.7053101586,0.4782366879,0.6211172858,0.5820563453,0.6112771883,0.6415080098,0.4281835276,8.968946101e-05,0.5577987549,0.4862417699,0.6108125052,0.5606491698,0.525508853,9.712918751e-05,0.4735515554,0.8312580579,9.701989896e-05,0.5983649897,0.6370661035,9.729240712e-05,0.6526941597,0.396480978)
