mCurrentIter=100
mCounterStuck=0
mYPrev=-29.43096418
mParameters.n_iterations=100
mParameters.n_inner_iterations=1000
mParameters.n_init_samples=100
mParameters.n_iter_relearn=1
mParameters.init_method=1
mParameters.surr_name=sGaussianProcessML
mParameters.sigma_s=1
mParameters.noise=1
mParameters.alpha=1
mParameters.beta=1
mParameters.sc_type=SC_MTL
mParameters.l_type=L_EMPIRICAL
mParameters.l_all=0
mParameters.epsilon=0
mParameters.force_jump=20
mParameters.kernel.name=kMaternARD5
mParameters.kernel.hp_mean=[1](1)
mParameters.kernel.hp_std=[1](10)
mParameters.mean.name=mConst
mParameters.mean.coef_mean=[1](1)
mParameters.mean.coef_std=[1](1000)
mParameters.crit_name=cEI
mParameters.crit_params=[0]()
mY=[200](17.77446541,8.84546635,17.58125007,-34.06900433,938.6824957,250.8302639,33.69969145,-29.96892573,230.364277,8.39631401,89.81412251,2784.014645,-35.28630703,-13.95637309,1496.133741,-21.1190328,25.24376691,24.56721735,350.2421162,-50.47520321,251.0190706,53.25889278,182.6969057,-21.52054044,1594.494363,-16.50771976,325.9315227,-38.65732823,38.6055506,-6.891762439,1.285049775,17.57687241,472.3699824,-10.50455225,-0.6588715502,625.4844022,8.033519834,12.94895887,-2.765232005,73.73464498,-15.02475449,21.72190624,-8.219204133,32.44695555,111.1785694,12.06257212,5.880506446,-28.00165654,15.59114239,-33.24100846,9.432894398,45.07579189,-40.19236231,500.4151479,30.13741183,19.16129598,24.8891113,-25.22488919,47.11685509,-12.09364932,-22.54755665,-17.65393297,97.11288495,1238.041688,1005.573245,14.65347288,-9.911094958,8.3839375,212.1174212,24.37248752,16.86322716,16.62204607,5.200410191,19.41023366,41.3665822,-7.121590637,-30.3252818,3.665535931,28.6166782,41.3932587,850.7068225,981.8430123,27.0818823,58.80401521,60.2954626,32.47670991,18.76482769,-10.18050663,-28.15397112,24.56748447,1281.505857,1.248914327,19.44915046,24.79602425,227.3725394,-19.23410899,37.75862183,3590.733168,7.370378575,-19.46810531,-31.5532076,-13.90629909,-41.43326225,-25.5056331,-27.87146154,-28.77493397,-34.84117314,-35.73428372,-22.43114665,-34.3006384,-25.30575694,-42.99791712,-28.71995765,-17.65853291,-37.52395005,-41.68936782,-29.83209853,-17.67857459,-33.36620414,-17.73850237,-35.1778916,-0.7679322335,-39.3211994,-29.49274931,-30.23296424,-39.53998671,-38.28010207,-27.18101728,-12.98794617,-29.89848102,-27.60824488,-35.70999401,-27.01556708,-42.58234224,-42.93733366,-16.42569929,-33.44583011,-39.10110205,-21.85375581,-28.41593271,-38.41858673,-30.93130336,-19.39683159,-29.4801173,-31.13982311,-35.95014976,-20.67808982,-30.96142233,-38.59031767,-30.8323471,-13.22127492,-41.79379821,-24.00405208,-28.03938792,-33.64544361,-35.06902243,-35.98905459,-34.00150358,-26.15428866,-40.36234509,-46.48814758,-21.98675424,-10.68674839,-39.77183006,-39.60480335,-36.69374495,-24.15948442,-41.65855005,-17.46039326,-36.5049858,-38.06016022,-40.70792838,-32.83390729,-17.97204006,-39.65360808,-30.68830978,-33.44039255,-9.284953148,-40.48179443,-37.65911456,-25.58841571,-33.43996455,-23.44254891,-43.90779836,-13.98634973,-31.07704306,-37.89839447,-43.65187437,-29.02473166,-37.26463818,-36.95553104,-41.69770661,-39.78166113,-21.41165379,-41.8107046,-10.18350676,13.50193682,-42.34745842,-41.7494036,-29.43096418)
mX=[200,3](0.1442532918,0.7715154587,0.1791081725,0.4322185542,0.4931675532,0.8332495556,0.4281388832,0.4379377761,0.8994171962,0.3620962073,0.5355154766,0.2370378597,0.3157428839,0.06292595692,0.2225902817,0.5892220771,0.2201714207,0.2707855809,0.08465624151,0.4273288976,0.971971028,0.02725364842,0.3095628774,0.4294854883,0.2701125852,0.07434862521,0.3540990729,0.8977479085,0.1039780773,0.5882207622,0.7168761119,0.9774770413,0.1574975046,0.04330271402,0.09280749634,0.04348183841,0.2257277636,0.5835522925,0.4416067702,0.2874993297,0.3105606821,0.7399619645,0.7274809154,0.5642363182,0.01569184038,0.2593414126,0.6104202101,0.1696703158,0.4500900291,0.3360987256,0.2545224245,0.8614064372,0.16876827,0.9374495436,0.9726553017,0.5293314643,0.06719640573,0.4899795759,0.4828329643,0.3618592234,0.603900581,0.4021069611,0.1181196388,0.3257576927,0.7607755599,0.1335598622,0.380293903,0.7535500437,0.08936743526,0.3344709294,0.7108425787,0.3447969932,0.6131920968,0.8775560092,0.02961531622,0.2692405801,0.1562061447,0.6704983169,0.9886609552,0.3278892295,0.2052035895,0.5931664326,0.4131339923,0.2836097929,0.2300186406,0.4707761066,0.9868462105,0.2138884243,0.6000885375,0.6907805876,0.4715222862,0.385262964,0.8117065258,0.6508325386,0.8511491517,0.6696321476,0.1594995872,0.3561910994,0.1452638655,0.7578616647,0.1980269813,0.6006893171,0.1820591833,0.6431131827,0.7288433923,0.8765076894,0.3984459285,0.09302079776,0.3762901695,0.3784445444,0.8569000039,0.8180317293,0.1897022353,0.5073252825,0.6903163892,0.08669203808,0.7418773025,0.1799975351,0.03866684861,0.4716975233,0.3556023702,0.6218418659,0.6348059387,0.3016763649,0.7491277265,0.8000414713,0.1039660932,0.7001611979,0.3071581175,0.6644521604,0.9531528743,0.5371457231,0.1911970766,0.01748542177,0.4530526388,0.5653133524,0.8283590224,0.5934525343,0.7895818328,0.004260576125,0.6152683479,0.6322525858,0.6639424893,0.4913087072,0.8562848916,0.8876616106,0.2684124316,0.1665357915,0.5132875575,0.5400342754,0.138008796,0.2579606925,0.8627951272,0.5574666796,0.6596068488,0.9988311848,0.942023218,0.5972453906,0.3335168466,0.9067533089,0.1165077817,0.2902371765,0.125619569,0.2464518849,0.9648577991,0.8473818004,0.1795449555,0.5187323605,0.4632020655,0.2841082921,0.9400618606,0.6878461035,0.6819585409,0.3703177712,0.03943087832,0.9951811787,0.706755885,0.7623897678,0.2620277311,0.6879124656,0.4086759765,0.4403064742,0.6496385541,0.9378645425,0.7211291493,0.4689888806,0.07631399441,0.5007183507,0.1283771075,0.7940273084,0.8325636882,0.03363920793,0.09537013634,0.9085211588,0.05142563127,0.9254676612,0.2329520857,0.8807054293,0.5720900196,0.7911958202,0.4163616397,0.4950948172,0.4538454309,0.8469538108,0.823503777,0.04421711245,0.394693811,0.004774716303,0.7807901166,0.7822516064,0.9923111309,0.2183770607,0.5211348595,0.6430189336,0.6952483663,0.8278022382,0.8329176432,0.8482393012,0.4804832054,0.705869468,0.9147961627,0.402850362,0.1183035673,0.9302189915,0.3225955234,0.06025328251,0.4611244583,0.249842861,0.8025599296,0.5555271756,0.5605878602,0.9504131967,0.02855339287,0.6261245958,0.5163894769,0.8609618156,0.7744599596,0.2089992076,0.9625268354,0.7173843686,0.5087504105,0.2910412759,0.1053619713,0.9615015517,0.1449866491,0.1939160331,0.913130167,0.8913388079,0.754251659,0.8898423992,0.2043304274,0.437449478,0.0147786134,0.9834301092,0.8743330688,0.7714316721,0.6377913932,0.9506554987,0.5205075613,0.12811101,0.9082254774,0.5417841557,0.7329438716,0.385772634,0.05031446257,0.2729066257,0.5726294713,0.2986007907,0.3423391939,0.9290667187,0.3494423774,0.05210463767,0.1873797552,0.4492295553,0.5781452487,0.7693958122,0.4141062642,0.3673497604,0.9116679794,0.3957919783,0.94024212,0.3192467261,0.620399663,0.8174391939,0.07928823402,0.7409328447,0.5458965197,0.6597855611,0.2427703012,0.9263786105,0.7952759862,0.6729578307,0.1302830044,0.001404745539,0.7361835524,0.808157165,0.2148511999,0.5348745985,0.6794325205,0.5593690474,0.02142070515,0.6556761682,0.2509796328,0.06648947971,0.6558301467,0.249562904,9.703964625e-05,0.4846026575,0.4721615028,0.8813841669,0.6531225856,0.2479134445,0.1648084762,0.6717540957,0.2469818404,0.2817034384,0.6115746524,0.2570151907,0.9999779933,0.5012853859,0.4462803289,9.050716354e-05,0.573776287,0.3379126722,1,0.6170964064,0.27757118,0.0001057978334,0.4328375554,0.547450233,0.999978135,0.4342951138,0.5756769184,9.710440464e-05,0.5264862973,0.4153441474,0.9750243259,0.4880504622,0.4801160853,0.9229695259,0.6589681833,0.2419115206,9.69802909e-05,0.4860290391,0.493682512,0.8998127384,0.544313366,0.3874552752,9.702032912e-05,0.3905281923,0.6107306076,0.002330926735,0.6685864248,0.2411831417,9.708915462e-05,0.5500426853,0.3882111092,0.9999781553,0.3987492273,0.6249255367,0.9591277501,0.4812074625,0.5060695013,0.8765734485,0.6613118253,0.2346545415,9.691938843e-05,0.5280401927,0.4620185601,0.6502420901,0.6602037628,0.2340954013,0.757420118,0.6086248494,0.3090479157,0.9291169341,0.5323039257,0.4150260496,0.0001053548874,0.4270283979,0.5374222094,9.071696752e-05,0.5961863233,0.3180329948,0.9999780362,0.4209842031,0.7106743885,0.9999779362,0.471943296,0.5371054648,9.695503122e-05,0.3661596261,0.6300279391,9.79337067e-05,0.5432883204,0.4272704064,9.784563524e-05,0.5933562153,0.5167671369,0.8598428561,0.5284636463,0.4254232941,0.3716808866,0.439006705,0.486861826,0.6101545604,0.6647199704,0.2273703533,0.6803011819,0.5985893674,0.3181940826,9.703530665e-05,0.5525732012,0.3707348813,0.9999843278,0.4127501631,0.5930946918,9.70101936e-05,0.5474150548,0.5891498852,0.6539684247,0.5052865427,0.4543318861,9.70861805e-05,0.3782902097,0.5228160323,9.703789157e-05,0.3790667187,0.689140801,0.9825407099,0.5719543324,0.3629950043,9.700172294e-05,0.6206638497,0.4547256884,0.9576688424,0.5375108314,0.5019496141,9.039930225e-05,0.6603383144,0.2359309544,0.005045407033,0.6102835446,0.2976979345,0.3751447565,0.510092208,0.406779185,9.730750721e-05,0.3414210027,0.5873433285,0.9999779969,0.3516412935,0.6438021456,0.2928047935,0.4292036263,0.4818099365,0.0001062167853,0.583853904,0.572229314,0.7869257166,0.656635953,0.2267825009,0.762023734,0.6278746855,0.2795494346,0.009582854227,0.5621548213,0.3792605119,0.8641340446,0.5780894,0.4311803465,0.6560927473,0.416347643,0.5413191839,9.790930662e-05,0.6176067446,0.4833584027,0.6681770096,0.6071206817,0.3041964122,0.2993102844,0.4466418816,0.4524407015,0.9999780181,0.5756665237,0.6024301819,0.9999781388,0.4447052574,0.7394018447,0.6799461255,0.5497020702,0.3790509749,0.8025911,0.5503160741,0.4972289473,0.4087704147,0.3763809025,0.562235295,9.69751576e-05,0.3122678084,0.6447799783,0.1066800716,0.4170727919,0.480505046,0.03870855489,0.6609608881,0.226273057,0.07157674822,0.6100035269,0.4142699762,0.5942791652,0.4796715075,0.4306093973,0.505509647,0.5758740037,0.3294604009,0.5849368324,0.5530166285,0.511402764,9.697589974e-05,0.5421039031,0.6433930961,0.9640231269,0.6011112004,0.4118924414,9.705442556e-05,0.5701670953,0.3425041944,0.5979780866,0.3786834101,0.574494931,9.702849642e-05,0.4135451813,0.7337317763,0.2535207623,0.4660873924,0.4320185065,0.4181307093,0.417957364,0.504665207,0.9999769774,0.6563294002,0.2222692565,0.5181953592,0.6003925776,0.4502317053,0.9999816168,0.6336880877,0.2910288217,0.5900433014,0.5333202534,0.3746088991,0.9999792294,0.325567639,0.6445758951,9.710229547e-05,0.591675378,0.5253053464,9.698698622e-05,0.3650866504,0.5287039775,0.7380395544,0.4554103567,0.4717243263,9.731098316e-05,0.6207793497,0.4123108938,0.02518886173,0.4546870803,0.4351969729,0.6526856678,0.4961328204,0.5578533085,0.7527142358,0.5629239392,0.3605832295,0.7536244758,0.5726077324,0.4646931654,8.772049267e-05,0.2989412784,0.6005393699,0.5998296138,0.4289538454,0.5061718197,0.9999779616,0.6014188591,0.6866145059,0.324867798,0.6528702961,0.2201884231,0.1929015455,0.6018578253,0.2952654085,0.4701943154,0.4969091009,0.3955809447,0.06631223966,0.5021079451,0.5962302546)
