mCurrentIter=100
mCounterStuck=0
mYPrev=-32.14333192
mParameters.n_iterations=100
mParameters.n_inner_iterations=1000
mParameters.n_init_samples=100
mParameters.n_iter_relearn=1
mParameters.init_method=1
mParameters.surr_name=sGaussianProcessML
mParameters.sigma_s=1
mParameters.noise=1
mParameters.alpha=1
mParameters.beta=1
mParameters.sc_type=SC_MTL
mParameters.l_type=L_EMPIRICAL
mParameters.l_all=0
mParameters.epsilon=0
mParameters.force_jump=20
mParameters.kernel.name=kMaternARD5
mParameters.kernel.hp_mean=[1](1)
mParameters.kernel.hp_std=[1](10)
mParameters.mean.name=mConst
mParameters.mean.coef_mean=[1](1)
mParameters.mean.coef_std=[1](1000)
mParameters.crit_name=cEI
mParameters.crit_params=[0]()
mY=[200](29.6194232,49.65390563,54.29824525,1000.088366,40.17192626,50.80377194,-5.883713455,241.1976353,73.97811308,-28.17405516,59.5609993,55.69237454,2455.670733,64.12456025,56.28635531,-30.09157488,36.49664742,98.98732741,-19.84594945,34.30822278,28.57170909,44.63728436,2.450995894,2306.811696,160.3226744,1768.097704,20.80013714,74.15808422,4.448953278,-3.72084219,24.21224534,9.95879383,3148.369329,12.44392134,-11.12300563,-25.55400126,10.44755108,24.97439703,22.50029302,3132.630416,37.91484943,20.07056173,92.14773395,53.52401909,57.0734622,17.87004282,23.52076048,127.9132783,30.35038532,-2.678456154,259.8908895,-1.881115687,10.53866052,-7.619406435,-13.84528723,67.30694548,1.999588732,613.5200597,39.12646172,-15.65889841,38.10165307,1125.268138,218.8992628,1296.317808,32.94573601,36.84700335,-28.69520855,656.0892096,25.45686632,-25.18691807,66.81509341,1193.007388,67.83267774,129.8650458,-22.60446027,30.8847287,-0.5514815364,2277.069707,298.5291147,6.798627285,7.496623941,548.3776701,44.03153411,-9.574343331,153.2599128,52.58593673,19.84948744,243.2722749,-3.608080464,-3.743770014,-3.398679143,466.61339,946.4619162,-17.53716734,-4.643342051,7.97058858,49.19435903,2882.992821,1.371055731,14.24296604,-13.15794449,-11.44418009,-16.63851941,-9.53543979,-20.92265958,-29.63514219,2.756164503,-31.46109836,-1.323763022,-4.054609687,-7.607202592,-17.89830423,-29.22806753,-1.830214554,-4.257941254,-29.7071275,-21.72139436,-3.387143298,2.435844056,-18.23411742,-29.20191672,14.2076318,-30.28679385,-20.7363909,-29.01378261,-10.88832586,-24.0799057,3.201045754,-26.86205593,0.5885106659,-2.678566285,-6.258001371,-19.91767888,-25.19562809,-2.312006421,-12.38881351,-21.6325206,-10.80180467,-21.60881084,-31.92571768,-27.78097107,24.44801123,0.6571719902,-19.47250433,-28.278322,-23.13828679,-21.0007112,3.284811892,-23.62484553,17.83372025,-24.72311434,-11.83602803,6.643059933,-35.69881304,-35.53564659,-10.88228404,-22.3160187,-13.8749464,-18.58156997,-20.05412026,-9.118360192,-29.79852184,-6.223624102,-27.3112077,-15.12117182,-28.9204999,-33.93264139,-24.21368166,-22.82124782,-28.00002477,7.931506761,-24.95466058,-16.9026905,-27.33331765,17.64308042,26.38432241,-20.10799416,-19.12473607,-32.16037463,-18.93410888,-2.485890117,19.76570838,-35.914313,-19.94777776,-21.85767127,-15.82751211,-18.43072671,-23.19984579,-9.316775542,13.43091561,-34.38452217,-25.23628708,-25.66911258,-17.7362241,-36.76026426,25.01743467,-14.41727468,-28.42532415,-24.6538464,-32.14333192)
mX=[200,3](0.2020716058,0.5617116381,0.8579662334,0.231499348,0.9248218538,0.6778862428,0.8212313847,0.7153681363,0.9724186595,0.8136752584,0.578326355,0.04260542697,0.7396081637,0.3479892664,0.9307747977,0.5256163095,0.9813911583,0.3385001646,0.4062145885,0.4612864068,0.6803966122,0.4444702149,0.5800209408,0.0605383705,0.9049273639,0.01289499147,0.6021560429,0.3612167021,0.5234452626,0.3868098482,0.03849587708,0.6656206171,0.9966956177,0.8896587588,0.9546099677,0.244359896,0.8725194126,0.08723528394,0.147916524,0.4700363792,0.9409378888,0.8777601389,0.8902003909,0.1830074911,0.598792668,0.3487574942,0.5484968442,0.4236732735,0.5563986941,0.1799627625,0.8972495767,0.01373007508,0.3757969302,0.2008346461,0.2639318011,0.6368212895,0.2728500267,0.6348547716,0.06519837674,0.8444150879,0.5401139328,0.2149364367,0.5529572739,0.1818090633,0.6947750832,0.900845391,0.3969233324,0.7408151294,0.4730997702,0.08122078952,0.3210575708,0.03216938729,0.9168471152,0.3803637331,0.2256393818,0.3202046013,0.2320802126,0.0923509738,0.3760394291,0.1493235341,0.7730405058,0.7021935807,0.9694136197,0.9443142313,0.7563914953,0.313366038,0.6350597788,0.02096894507,0.5311017651,0.666150725,0.721544733,0.2032427541,0.7444585869,0.07227405009,0.7644235573,0.3558356072,0.1569853959,0.8976215911,0.01266168036,0.5990134411,0.8107009191,0.4626448314,0.3064739613,0.6431317802,0.5643858997,0.6233206812,0.5995816997,0.4585096361,0.2400665463,0.2535666025,0.788208008,0.4381618119,0.1617027108,0.7950402349,0.7641198872,0.3971868738,0.8091002846,0.8472306293,0.7598658723,0.005696518351,0.001636812657,0.4835387649,0.2193791437,0.574764796,0.4105388992,0.8231370816,0.1147725521,0.8703104174,0.1309476822,0.983597111,0.6048665592,0.1642975117,0.9762358211,0.9926994974,0.6199941667,0.8574972218,0.809578485,0.5803350631,0.6819033559,0.6112965374,0.8300524744,0.3321816812,0.2228684079,0.3066897559,0.7467281855,0.421563223,0.883103918,0.2122593178,0.4401208422,0.7137084652,0.05844653032,0.8495219629,0.1034019101,0.4582696021,0.2995490504,0.6250902133,0.5013372004,0.8269892228,0.4467481708,0.4170209184,0.6875958486,0.481144655,0.2759469481,0.2447009945,0.5470849796,0.5658158341,0.9189556055,0.9286171731,0.7742064028,0.7774719999,0.2333183094,0.6726800841,0.09478471852,0.3151143071,0.5838032643,0.274242606,0.3714448226,0.09819430779,0.5521095224,0.5333259393,0.7988400429,0.009911420974,0.7058398225,0.9649410734,0.1275748335,0.2546032122,0.6635426624,0.4070672143,0.1268638052,0.9330950076,0.3630560877,0.07605451358,0.7824519121,0.0272492122,0.8191197125,0.5324842794,0.8551700885,0.7366422969,0.1703016573,0.3525012907,0.4977619119,0.1996251639,0.2607373498,0.1578487422,0.3819373577,0.8822771266,0.3203099509,0.5135002837,0.5122518497,0.2878568869,0.714351268,0.9098438305,0.9500146529,0.04894019481,0.1596802736,0.1764699698,0.4672813526,0.9345025818,0.911869098,0.6955941854,0.04607829059,0.5290484072,0.6446750969,0.5038938135,0.2998734789,0.655869884,0.8661546582,0.6484444034,0.8675628143,0.7283528243,0.3606953401,0.6088013066,0.9705459503,0.02244695926,0.9404087206,0.05097156126,0.4373089696,0.9295775052,0.6759642895,0.1969326946,0.1299624647,0.471746106,0.7643465441,0.2993257332,0.3366499235,0.1171562347,0.9934560983,0.7857259924,0.8666912495,0.1689500111,0.4999290683,0.6592122515,0.9542852082,0.0796505824,0.506616747,0.4208449921,0.03802497473,0.9859682836,0.4878946608,0.7355563972,0.1804129474,0.4955817231,0.1009333647,0.4088078568,0.226348281,0.701818199,0.396465486,0.6153243993,0.6579821337,0.5798638927,0.3596261219,0.4583991026,0.690203528,0.06915594794,0.7915072164,0.05392085498,0.8379915073,0.1361429761,0.261838411,0.2856615988,0.6203267589,0.5137274324,0.1048265323,0.3097668479,0.3499742179,0.2503911793,0.2821793185,0.7561701013,0.8077120121,0.1911982286,0.9657127565,0.1394066214,0.1179522256,0.08828389866,0.1428058026,0.4316001045,0.7224973855,0.3190434132,0.8339230441,0.417603601,9.891780977e-05,0.683829598,0.2334213368,9.692476061e-05,0.6829274192,0.2321922529,8.863836499e-05,0.6803880173,0.2318074792,8.593824788e-05,0.6793627789,0.2289874223,8.984986133e-05,0.6133477168,0.3226374663,0,0.5640867262,0.363686116,0.9999781781,0.4808074815,0.5512358027,9.699737507e-05,0.4896653312,0.4408134433,0.9857213413,0.6755796451,0.2802026064,0.9999781145,0.5091517195,0.4447656502,9.193999039e-05,0.6793407293,0.2185753896,0.0001035508815,0.6467247378,0.2917351372,9.697988563e-05,0.5521463817,0.3771512152,0.9999782408,0.5439519449,0.6194301703,0.9999692562,0.5904626032,0.3686429342,9.687720546e-05,0.4808037375,0.47614456,9.697854519e-05,0.4643231617,0.5767150555,0.9999780217,0.4903422575,0.5041774992,8.747226969e-05,0.6789190159,0.2123900099,8.835985276e-05,0.6304668232,0.3063432436,1.299293406e-06,0.523207888,0.4130577019,0.9999782618,0.6173731365,0.716561661,9.698997825e-05,0.5766071882,0.3492842529,9.694277499e-05,0.475505249,0.5837730499,9.667890782e-05,0.4975609069,0.471369049,0.9999779572,0.5676789485,0.4027084817,1.753777787e-05,0.5349727357,0.408947915,0.9999781899,0.5852777752,0.632854317,9.960524992e-05,0.4681222544,0.5241068236,0.9999780481,0.474337004,0.5478119385,9.212501342e-05,0.6725372301,0.2088060009,0.8278983056,0.6664372545,0.2507197,9.442281901e-05,0.6476886072,0.2716116398,9.696156525e-05,0.5776811042,0.3457291801,9.700228768e-05,0.6387536072,0.6205203225,0.940540422,0.6392582913,0.327842643,9.707542193e-05,0.558720453,0.4426763628,0.9999780804,0.5148065208,0.4735377069,8.989884602e-05,0.4191502254,0.595121559,9.707267405e-05,0.5311967854,0.3808820139,9.686323622e-05,0.5069992197,0.5071159022,0.9999778239,0.3272517066,0.6911608711,9.020869426e-05,0.6678135985,0.2052473167,9.355284156e-05,0.6364142968,0.2706444743,9.692383373e-05,0.4543217128,0.4324565938,0.8393225702,0.5705600034,0.3850349134,9.701754106e-05,0.5775325523,0.3379577398,0.9999780889,0.4573870846,0.5927972941,9.699868596e-05,0.6134578216,0.4244899728,0.9999781389,0.5959588447,0.7582619839,9.712179598e-05,0.4460621424,0.5298164994,9.701813596e-05,0.6356558227,0.5310875091,9.70728132e-05,0.6665619401,0.6664505766,9.766980779e-05,0.50442394,0.3894354378,9.885033355e-05,0.4338304131,0.4642939529,0.999977785,0.563550929,0.4376100397,0.001370963411,0.571322506,0.4718148841,9.044119956e-05,0.4089708317,0.613471737,0.8188670796,0.6629680601,0.3038667057,9.702271356e-05,0.6302801359,0.392616727,0.9999780198,0.5903162572,0.5182406529,9.700635716e-05,0.581409425,0.326827159,9.683743511e-05,0.5962173622,0.5915483418,9.697975678e-05,0.4176714042,0.5383110189,0.564424104,0.6572087555,0.215922409,0.7503038194,0.5676300373,0.3575441372,9.691054924e-05,0.4591824452,0.409723582,0.6498551841,0.4401326086,0.4817309644,0.0001007623471,0.5877983801,0.4602847829,9.698776062e-05,0.5246152545,0.3592149582,0.9999831676,0.6348939557,0.6634980966,0.704982441,0.4942287473,0.4099499829,0.0001062534093,0.6251440519,0.4078596071,9.714830301e-05,0.4493425561,0.5026886767,9.687624855e-05,0.6516873183,0.7652420244,0.0001047490727,0.6630160493,0.1969944865,0.6722325583,0.6424959327,0.3192186314,0.7670407973,0.4317164626,0.5617309319,0.0001055285187,0.4386867014,0.434989193,0.001247271917,0.565268246,0.494936359,0.0001029749593,0.2662069802,0.6720756066,0.9999781634,0.3967410579,0.7469220132,9.426906719e-05,0.4920778348,0.3786526189,0.7924058639,0.6094231042,0.410173435,9.694348525e-05,0.4057460127,0.5697584403,9.772637845e-05,0.4819210239,0.6214432349,0.0001209044924,0.5392757542,0.3374825425,0.6348602342,0.4569620032,0.4579745031,9.731986579e-05,0.6902460664,0.2848751115,0.9999761392,0.4370756333,0.6346595815,0.6458524042,0.5566833654,0.3623050282,9.692044044e-05,0.5904250016,0.435208396,0.6747153882,0.4576956587,0.5143793042,9.701910087e-05,0.6519386268,0.3580976225,0.5213629372,0.4902925593,0.3999966298,9.707656497e-05,0.3215484804,0.8583167429,9.785656792e-05,0.5621453283,0.5548990299,9.691918168e-05,0.469745738,0.4011530218,0.7473617826,0.570944891,0.481706289,0.7298119995,0.5812890537,0.3464004739)
