mCurrentIter=100
mCounterStuck=1
mYPrev=-30.93853766
mParameters.n_iterations=100
mParameters.n_inner_iterations=1000
mParameters.n_init_samples=100
mParameters.n_iter_relearn=1
mParameters.init_method=1
mParameters.surr_name=sGaussianProcessML
mParameters.sigma_s=1
mParameters.noise=1
mParameters.alpha=1
mParameters.beta=1
mParameters.sc_type=SC_MTL
mParameters.l_type=L_EMPIRICAL
mParameters.l_all=0
mParameters.epsilon=0
mParameters.force_jump=20
mParameters.kernel.name=kMaternARD5
mParameters.kernel.hp_mean=[1](1)
mParameters.kernel.hp_std=[1](10)
mParameters.mean.name=mConst
mParameters.mean.coef_mean=[1](1)
mParameters.mean.coef_std=[1](1000)
mParameters.crit_name=cEI
mParameters.crit_params=[0]()
mY=[200](7.735799332,835.8617645,-5.377558653,-8.735983422,38.22431273,267.2886154,-18.51102323,18.729412,-33.70650145,-4.448617834,51.78806693,677.7008268,150.5493394,295.8477688,12.40392974,-28.65960626,115.5834766,-30.04120778,30.02776263,44.53018664,1655.231845,66.62600659,-5.874399955,50.10637109,1868.123277,53.94820063,-6.182668587,38.13470997,38.1173405,50.82824266,-41.65481278,55.93063069,-2.386303933,-44.95821719,232.7719185,1.337972202,509.4921013,-19.68570929,3.261610408,-28.34262177,2553.938192,2117.58435,1844.001904,-18.61022866,-23.22432639,-6.517602792,61.17331347,9.34085436,24.79811136,-10.39584189,2262.934488,35.21158756,0.1576909468,14.5025108,88.17644802,9.994649362,807.9591064,17.21765984,204.1937984,-39.25748167,169.1023357,5.224673889,-21.97452488,285.6407306,-14.91007923,-12.17164369,1330.107081,-8.205720204,-30.17949956,24.47753486,59.80247046,-3.141245702,21.76955992,275.4310459,11.8320456,22.99420504,37.00032066,-38.86168277,33.31034464,-2.339380781,34.29903188,-26.22213807,39.12278115,32.61805077,34.52202327,230.4375313,16.39129294,536.39392,39.78147253,478.6595179,-2.344458512,-33.63327966,76.22345182,-15.52813914,1000.288292,58.43717843,39.4275857,23.56054048,-10.81777496,-30.3888968,-35.71982915,-22.11851571,-37.93591987,4.764953177,-38.54263091,-5.190459575,3.394808566,-31.09385238,-20.87273621,-25.45965812,-41.90290111,-37.01977711,5.107947189,-26.71705567,-34.65499561,-23.10775982,-28.0233313,-39.46485197,-32.62910396,-30.05521498,-30.09996823,-33.17443555,-41.59369836,-42.94386971,-18.71535432,-36.16168306,-40.41619964,-25.01876617,-35.19708959,-33.83749733,20.30918337,-43.80953245,-22.47675458,-33.68904879,-30.38886576,-22.57286171,-37.22909108,-27.03801578,-38.24668505,-41.00875143,-2.81867971,-24.81367534,-32.26845215,-27.88915825,-38.82746845,-43.41958119,-36.22483986,-37.04558389,-36.01476398,-23.89726637,-41.28769581,-37.33193916,-37.07636731,-44.64707882,-34.35827551,-41.11117237,-22.75759223,-12.59558442,-37.37418422,-42.27053173,-17.16014138,-37.09307449,-19.71370725,-32.47355155,-36.01366111,-39.43668965,-35.34037366,-41.47395016,-31.41460908,-43.46515802,-39.11171382,-36.3546417,-38.34875867,-25.71336829,-45.39139455,-29.85090328,-17.99254161,-44.41582754,-34.73424922,-41.22647672,-34.2869105,-44.59357628,-23.77877274,-42.08885795,-4.76494315,-38.49129754,-44.97179598,-38.14412546,-35.73548706,-30.26718173,-40.75731176,-33.45387729,-33.72932514,-38.79171531,-34.66442402,-41.10220061,-39.24046089,-34.82454273,-30.71704706,-30.93853766)
mX=[200,3](0.04759955006,0.6088822359,0.7645540682,0.1235770988,0.06677543273,0.2121577482,0.8772338078,0.7519162376,0.5373105645,0.6282534133,0.6977652608,0.1969556171,0.2313316431,0.7705650931,0.8806410369,0.2222539766,0.1769698763,0.2240974426,0.4913529055,0.4008000582,0.703615154,0.9326029071,0.4258661194,0.9001827854,0.1908955217,0.2843397833,0.4147940703,0.8598564973,0.7454034309,0.5604369116,0.3761641514,0.2207928459,0.3083100669,0.3220699451,0.2798069184,0.1271016079,0.653153569,0.34133086,0.2006124808,0.7611812703,0.8110851409,0.08284839573,0.03635522241,0.4966276223,0.8418305632,0.8104417175,0.5853616568,0.5573893085,0.7710912721,0.2443343518,0.2785788205,0.5738778147,0.6177127559,0.4384731525,0.4479241329,0.02234225677,0.9628751431,0.7121121045,0.9171252543,0.8120530553,0.679180979,0.256707586,0.05463897854,0.1342876327,0.9992941245,0.9251670211,0.08553406737,0.7224873693,0.2470374716,0.211825129,0.9718746784,0.7469485301,0.5898956455,0.03693379986,0.1425176137,0.7066050497,0.9843446575,0.3246453994,0.8269072773,0.4567744664,0.7543382893,0.3078619293,0.9353229552,0.4028625704,0.7217441903,0.9046383146,0.7722609333,0.2829337303,0.7989735364,0.9519313022,0.4112060575,0.4665179214,0.5183281919,0.4714262072,0.2958584362,0.2624933212,0.8308249698,0.375348335,0.7928537566,0.3374445333,0.5142607962,0.4285934566,0.6178405131,0.3075028479,0.1779231001,0.928548055,0.2132456865,0.5231976943,0.7352252049,0.5981458514,0.04018726264,0.1419247299,0.6676196751,0.3607399706,0.2422461513,0.09528141233,0.4927455548,0.756381669,0.6266218718,0.4846932336,0.5253153444,0.6799458523,0.006493604698,0.5306410824,0.8945387565,0.02063917632,0.5069342871,0.3879550722,0.01810853624,0.09035121384,0.07772929668,0.6480402924,0.153452872,0.5449768454,0.6160016902,0.2953067746,0.6866690883,0.6045648509,0.1095348606,0.3295243233,0.2355519846,0.01136455474,0.004679769611,0.8503459058,0.9944188737,0.8892830281,0.6898286642,0.1621853471,0.04698202438,0.6673968492,0.2766996688,0.1226489958,0.07952610471,0.1844511672,0.9468790452,0.3158886434,0.2050331161,0.8248784476,0.3865468985,0.1193839294,0.01116933541,0.5495749222,0.6441356305,0.9241008376,0.1533280036,0.7809139597,0.1475134865,0.5050880385,0.519658734,0.3655832442,0.06879715374,0.3162929023,0.8088439486,0.6956325871,0.07651841154,0.9553439863,0.1164851802,0.4348485937,0.557603931,0.350061694,0.6312043248,0.3508739719,0.18612924,0.91182715,0.4820302156,0.8249187495,0.05530693935,0.5619433905,0.5913147146,0.9585027237,0.1836463867,0.285247201,0.848034498,0.719160582,0.4722270259,0.02422274617,0.4335805355,0.7221362379,0.7954888284,0.1049176145,0.1681567268,0.4656639056,0.5050650993,0.7327243064,0.006033872392,0.1639755969,0.6237407686,0.6898971935,0.310198745,0.9312385925,0.4582870995,0.8450862525,0.1324490485,0.3470506209,0.2390114323,0.8079259479,0.4287017731,0.8551352389,0.6786434283,0.8015341685,0.08096948651,0.3349626668,0.5559450039,0.1193163559,0.8644849057,0.970774861,0.20087452,0.4584463273,0.3852501748,0.3347752666,0.993764054,0.6904273883,0.5259365279,0.3927337501,0.940688941,0.9610169905,0.3485906904,0.4065152145,0.0531168752,0.5795500925,0.9002670375,0.7603682463,0.9122023262,0.1714133358,0.6491215965,0.4401239558,0.8870663163,0.7310398203,0.9404028246,0.3911939008,0.1959217128,0.3725819164,0.6601597062,0.7843086663,0.87753745,0.602741133,0.1340429357,0.2917310944,0.485377428,0.8347446113,0.6575782766,0.9834315886,0.1515774378,0.2522273641,0.5403808572,0.8760335592,0.8355289955,0.5682119531,0.3949666059,0.0924960355,0.8658231222,0.4433401363,0.7829923681,0.5904623638,0.5787265791,0.4619923116,0.9657089754,0.6565568975,0.1052862622,0.2547530952,0.4170833295,0.7125696987,0.2699992154,0.536214041,0.0385206629,0.3633247308,0.8619909664,0.973313065,0.06863274466,0.4736008607,0.9849273981,0.7453151938,0.6322535965,0.8900788228,0.8976394927,0.7046601131,0.5847400706,0.3583350021,0.266576328,0.6327808273,0,0.4197700493,0.5336196697,0.9999781451,0.382068871,0.6166477436,9.768208386e-05,0.4440034849,0.5057185496,9.8077462e-05,0.743344904,0.2476466282,9.698386952e-05,0.3821219968,0.5735405393,9.574708667e-05,0.7381284896,0.2483580847,0.9999774665,0.7735951107,0.2343682445,0.0001024111816,0.6215928896,0.3024123007,0.9999780579,0.4020779912,0.633427353,0.0001070263805,0.6248701384,0.3011794062,0,0.4504987033,0.4723492491,9.699276124e-05,0.387130815,0.567457808,0.9999705899,0.7634761876,0.2320411793,0.9999780733,0.388219777,0.5621846698,9.688946241e-05,0.5274641146,0.3849897641,0.9999929609,0.6697456452,0.282110146,9.709073984e-05,0.4265421583,0.6413479816,0,0.4527093634,0.4815284756,0.999984495,0.6193586168,0.324645471,9.597170731e-05,0.578817969,0.3340350373,0.9999779225,0.4477181631,0.5079253876,0.9999781381,0.5410823462,0.4021224797,9.680476375e-05,0.4733857043,0.4341900967,0,0.4089394658,0.5506935906,0.9999779584,0.4275427055,0.6562591525,9.696931173e-05,0.3758429135,0.5951952323,9.694922541e-05,0.4785122374,0.502273278,0.9999779838,0.3807098555,0.5723157388,9.687898878e-05,0.5246535218,0.3947312511,0.9999780944,0.4699246075,0.4576568693,0.9595878749,0.7793197553,0.2207036037,9.773588163e-05,0.4518268293,0.4601824395,9.707326196e-05,0.4366892124,0.6489911135,9.705300473e-05,0.4639577143,0.5285680538,0.9999694464,0.590088363,0.3624228253,9.146569189e-05,0.6376554013,0.2858193179,9.781732264e-05,0.5308545849,0.3936218058,0.9999780875,0.45454477,0.5053291924,9.719073237e-05,0.3624364566,0.5801041604,9.687641979e-05,0.4629246839,0.4510667777,0.3977115942,0.7659602306,0.2214874471,0.9333686044,0.3735811366,0.5881951807,9.702032314e-05,0.5550228441,0.5127005372,9.763087932e-05,0.5783094101,0.340676114,0.999970051,0.5206654846,0.4238514599,0.0243417999,0.4835453617,0.4348153266,0.9145218443,0.6286523884,0.2892835823,0.9999779331,0.5765761375,0.3788328358,0.8925551193,0.4545251622,0.4690364662,9.704150665e-05,0.4376923581,0.6518712706,9.700814037e-05,0.3589558452,0.5376482794,9.718571709e-05,0.546530297,0.3656686191,0.7948053628,0.4281966357,0.538649641,9.689735885e-05,0.3973456503,0.4780815083,9.773356763e-05,0.3462035745,0.5931545284,9.699752423e-05,0.5122736243,0.4161352955,0.8435944688,0.6337131269,0.265227427,0.999997509,0.2761398714,0.6836913971,0.8102796878,0.4801868369,0.4351833963,0.539210086,0.4363901751,0.4961964366,0.9999779572,0.5279777482,0.6624293402,0.5518652942,0.590872421,0.3156370958,9.98297166e-05,0.6314148009,0.2557461654,9.702255716e-05,0.5849544833,0.4826801734,0.7429208495,0.5724761688,0.3582324475,0.6012333775,0.4142605395,0.5572321383,8.970442336e-05,0.5213805395,0.4084670228,9.689208368e-05,0.3579755146,0.5090072309,9.699672525e-05,0.3542566937,0.6088737953,0.6261733178,0.4481683943,0.4588018425,0.6639821296,0.448593505,0.532128703,0.0001020464084,0.5669277117,0.3174162718,0.7965100239,0.5552765341,0.4070844864,0.8114106802,0.3173397614,0.5974359971,8.994317436e-05,0.4082004885,0.458066585,0.001149614771,0.5261252346,0.5493576083,9.70864062e-05,0.192146506,0.7328273632,0.6541730188,0.4565071956,0.4810887222,9.072311892e-05,0.5306606277,0.3695982181,0.0001059510939,0.3242125037,0.5365076088,9.290473179e-05,0.5648289558,0.4407134226,0.5866721534,0.4450100647,0.4907713572,9.699393884e-05,0.3581309705,0.6663868814,0.6315734206,0.4707121798,0.4255973856,0.7714196572,0.7031370093,0.2100477254,0.7167055292,0.6001531445,0.3111015863,8.994473368e-05,0.3761981311,0.4836647965,0.6592264833,0.448384692,0.5255595982,0.7160567569,0.5780722771,0.3792357199,0.6032744252,0.4640376791,0.5993455159,0.0003304709851,0.4486792431,0.440045903,9.726029379e-05,0.5696408881,0.497261121,9.700801826e-05,0.3009160554,0.5618185243,9.986295426e-05,0.5937817047,0.2758524835,9.686681882e-05,0.5512786346,0.3327807643,0.6464510715,0.4634729676,0.4593487485,9.720524075e-05,0.3640945701,0.503409926,9.704101945e-05,0.5852563427,0.4083488331,9.723543435e-05,0.3350618821,0.6242675784,0.0003233928866,0.5144904258,0.556490382)
