mCurrentIter=100
mCounterStuck=0
mYPrev=-42.03135433
mParameters.n_iterations=100
mParameters.n_inner_iterations=1000
mParameters.n_init_samples=100
mParameters.n_iter_relearn=1
mParameters.init_method=1
mParameters.surr_name=sGaussianProcessML
mParameters.sigma_s=1
mParameters.noise=1
mParameters.alpha=1
mParameters.beta=1
mParameters.sc_type=SC_MTL
mParameters.l_type=L_EMPIRICAL
mParameters.l_all=0
mParameters.epsilon=0
mParameters.force_jump=20
mParameters.kernel.name=kMaternARD5
mParameters.kernel.hp_mean=[1](1)
mParameters.kernel.hp_std=[1](10)
mParameters.mean.name=mConst
mParameters.mean.coef_mean=[1](1)
mParameters.mean.coef_std=[1](1000)
mParameters.crit_name=cEI
mParameters.crit_params=[0]()
mY=[200](-38.23610641,-19.68046695,-48.0175791,297.5284029,1170.646695,451.1156265,-15.1668822,-15.54192046,-27.28658768,-34.03068535,23.83929855,-38.53221121,3.736620967,-42.59192478,14.24174855,1.726786878,33.48943572,1.401499251,8.485553079,27.57909713,20.57285892,-6.281315654,-39.07541405,38.40083538,117.1302444,435.8009935,32.25876719,25.15295552,-24.5769547,-12.04959213,9.584643434,-31.4467276,10.36059282,-27.95732856,-3.613743179,27.20036349,-17.92471919,1365.38073,529.1925207,-7.935670961,144.6676242,-1.813685924,-48.69706084,-23.92907109,-8.523906144,1155.033314,49.8157515,33.53891388,-25.58919375,-30.34378875,29.11441276,-31.66588155,27.25218501,-36.97931871,26.67725594,-28.74111531,2390.046481,26.13568556,19.57995699,17.2760841,-32.05094072,16.73188114,-44.90519028,26.92589468,28.44690764,-7.714695658,24.48489957,5.774385895,-8.7011769,18.57854734,2213.432324,-38.24910409,433.9843432,-24.79653985,22.59719718,-39.66490516,2362.11069,-16.30824684,47.86215143,-13.25210298,2706.006903,23.80595524,-11.85020653,3114.718115,-5.602882165,183.5504796,2298.61684,-16.32049531,2945.667076,-23.68351853,36.56631255,79.18658123,-27.70271497,-5.496231993,1480.207223,-22.71806785,208.4444012,-17.29152745,36.51792109,19.0058485,-22.11688507,-30.0178708,-45.631093,-36.42350821,-19.21122928,-46.55875086,-25.58506307,-32.80816192,-45.74996544,-45.34563709,-38.67673736,-19.63240813,-11.86977696,-45.10997455,-41.30784542,-32.4387514,-38.53562613,-19.06221797,-26.07464292,-48.19259487,-42.12222833,-33.13983259,-37.61029484,-45.26579885,-20.37513748,-44.48589767,-25.91127104,-36.74284929,-51.67612114,-42.6853606,-7.013044022,-29.06473861,-39.08489253,-26.81736837,-51.41582973,-13.10952656,-8.970519134,-48.97221997,-42.77847487,-36.06758524,-32.24650124,-51.00540452,-48.83426124,-17.900602,-39.00057837,-42.31953664,-11.86807065,-42.25266664,-37.38282811,-48.61711148,-31.34656536,-38.23803639,-22.27666993,-41.68847648,-29.38615215,-40.9923413,-46.24597397,-39.40392854,-29.79494224,-39.10188482,-48.13899575,-23.15249081,-37.82973264,-38.73079129,-48.50836896,-52.66427167,-20.02451134,-22.93840313,-40.76935727,-39.26280214,-37.91287423,-42.54168561,-0.2391907599,-47.34368566,-44.55559642,-33.54108758,-27.21933734,-38.67100214,-11.99247104,-48.14650782,-38.54399958,-46.93319613,-18.90910666,-50.95698763,-36.2979398,-46.20824922,-46.90758948,-35.499896,-23.97770932,-39.09351741,-47.01149229,0.1819401181,-37.97101059,-44.29001986,-44.35245306,-49.96698306,-14.55012286,-40.0252422,-44.05131566,-42.03135433)
mX=[200,3](0.3000556393,0.5077356333,0.3248076575,0.6976400604,0.2414593405,0.7292881552,0.1299341973,0.4600937725,0.4606647777,0.4094525249,0.308612337,0.1787220353,0.09084996638,0.2738847745,0.1047383486,0.1128926318,0.568712511,0.06877077892,0.1633407817,0.7077851006,0.2286707221,0.8183938658,0.1750195605,0.7515433779,0.4845032135,0.6684196871,0.4355600535,0.03950968355,0.3401403623,0.6453833784,0.5801919561,0.1537375709,0.4139943719,0.8241262396,0.5211658097,0.557041649,0.3987750237,0.290184296,0.8757113979,0.3284987062,0.4838655021,0.3369075222,0.8764045395,0.805756139,0.2092754829,0.50420888,0.3975984208,0.8621751922,0.336290364,0.8927426431,0.2311114907,0.5161921096,0.09617485088,0.8582240574,0.2959545764,0.8875288803,0.4402888419,0.7993071637,0.9566149068,0.5180687319,0.4780206068,0.7826560518,0.8306944189,0.4182828198,0.8106271244,0.4923282457,0.04301285202,0.3881575616,0.6068031852,0.6797789376,0.8473191416,0.916691754,0.4492088028,0.5592827036,0.1403030492,0.4316118456,0.08069185446,0.266009822,0.6041472185,0.9391306402,0.7453372585,0.2383808903,0.625362608,0.9237429612,0.9714419743,0.7292100105,0.3542380311,0.2196738265,0.477526927,0.24814914,0.550262404,0.2328998449,0.9069019294,0.3452346378,0.6409270994,0.3763442987,0.1970121789,0.8731083884,0.5281486817,0.8562990208,0.497651754,0.6654070035,0.4522235025,0.2249398899,0.3864136625,0.5726336232,0.03963597446,0.9922680473,0.6205402213,0.05958019374,0.6816848988,0.7286759673,0.1284127486,0.1513515153,0.3513893469,0.4288234297,0.08571004215,0.6303394217,0.581953651,0.7703749357,0.1338329533,0.8517212068,0.1237920023,0.9460640785,0.8605693359,0.4524478918,0.288967984,0.4052721387,0.4734846153,0.08935263721,0.1016698444,0.6798528942,0.5998614829,0.7423970106,0.2711609433,0.6115988819,0.02267637359,0.2191570366,0.5266040261,0.4479096797,0.1994288533,0.5470735366,0.9747148034,0.7131562199,0.1409990031,0.6086025556,0.5877910253,0.06937767256,0.3174451223,0.3638374357,0.9078963571,0.9052995964,0.7880037011,0.7511205346,0.6341789293,0.3942303067,0.3650495039,0.9291864237,0.7396766159,0.3830747037,0.375226306,0.6394669448,0.01811879615,0.198137814,0.9897261938,0.3725219859,0.5766128361,0.6168573772,0.2539088794,0.1411567376,0.05602083983,0.8479606371,0.9686755984,0.5954377912,0.2477201479,0.7396644587,0.8486009401,0.7407004714,0.9177560547,0.4835611761,0.6585928046,0.5445631607,0.2848202533,0.185178502,0.8205030313,0.7632654703,0.2050860374,0.327746855,0.4001792625,0.007707233774,0.417174484,0.9698717856,0.4672700743,0.9421980561,0.6541252758,0.7164983221,0.6832369469,0.1884411975,0.2221421925,0.4509935115,0.9530184797,0.1552393901,0.2100140349,0.8867153303,0.262347578,0.3564725198,0.8118989244,0.8945274636,0.3348056293,0.9452958377,0.9800197902,0.005000569052,0.1380434419,0.7877952912,0.5136421173,0.3139193718,0.7656391834,0.7530923432,0.04937617234,0.9253379795,0.6967490177,0.3462816563,0.5632107855,0.7122863226,0.8912705607,0.7363428636,0.4306184911,0.5780115796,0.9924523138,0.3626773481,0.01214962062,0.7701642774,0.01764458793,0.6954568731,0.05080731386,0.9848373273,0.8009695529,0.07460737305,0.2835563916,0.7922631787,0.3116590336,0.1387601413,0.02561320456,0.2749008887,0.2097370851,0.9773893509,0.830480072,0.7964135258,0.2512267614,0.956874631,0.07141701323,0.03646854255,0.8604114326,0.2681902532,0.4235033112,0.6424782004,0.1623246965,0.2906854242,0.6881851631,0.04671768223,0.1145342225,0.917978631,0.658047012,0.3036445196,0.8863637384,0.7626783137,0.006879524246,0.9689643773,0.2561626606,0.6296473271,0.7046229839,0.8387144261,0.9335957434,0.5318428817,0.6197534913,0.0797622307,0.6671396945,0.673999785,0.5091471569,0.02491309727,0.06221746998,0.5342012049,0.9336275195,0.1164299917,0.160115934,0.4939359762,0.5366382394,0.7027437391,0.1042143323,0.5911752171,0.09476008262,0.8088823784,0.1896717138,0.548985644,0.4215285138,0.9933627785,0.5676422116,0.1750672239,0.7712133751,0.8230991543,0.0001020904669,0.6628261734,0.2496788184,9.547868944e-05,0.6602992233,0.2494604566,9.687350071e-05,0.5149115049,0.4159787593,0.9999779801,0.478122445,0.4816865814,0.0001034978331,0.6636117431,0.2460348632,9.692403455e-05,0.4547386849,0.5077210903,9.854507201e-05,0.617473362,0.2988186395,9.695140539e-05,0.5204001198,0.397567865,0.9999779981,0.4908352303,0.4569001374,9.728271648e-05,0.4326610907,0.5203632528,0.9999781042,0.4732914361,0.5224448635,9.717358491e-05,0.4690862051,0.7179517995,0.0001047436444,0.6734416383,0.2321100099,9.706723865e-05,0.504108808,0.4258827763,0.9608924311,0.4970067372,0.4179704095,9.316989029e-05,0.5840520566,0.3274096378,9.707195347e-05,0.5299311278,0.5182652151,0.9999782176,0.467002831,0.7378476659,0.9999780293,0.6081018466,0.615014206,9.730154427e-05,0.3509100341,0.5495841532,0.7201238342,0.4924206776,0.4389588458,0.9999779739,0.390535246,0.540356442,9.681743068e-05,0.5292860295,0.3719504062,9.007742598e-05,0.5340874521,0.4800585084,9.70439678e-05,0.6014169122,0.6573468864,0.8531590358,0.497606754,0.4046123438,0.9999782816,0.372640902,0.6593986326,0.8312001973,0.5845113199,0.5333975493,9.701734844e-05,0.3656902186,0.4838696513,9.709813675e-05,0.3370663315,0.5843293892,0.9999781543,0.4832848235,0.8082043191,9.727050213e-05,0.3559561674,0.7014587349,9.97278903e-05,0.4771238564,0.4412089269,0.001670983389,0.5915163012,0.5559552876,0.7193606602,0.3753883408,0.4977846218,9.41056916e-05,0.6782963938,0.2221436237,0.0001016594032,0.6759218515,0.2240369038,0.7829964471,0.4988514153,0.3930812171,0.777965572,0.5465505294,0.4759963148,8.941942207e-05,0.564213689,0.339164822,0.8374075256,0.3534179161,0.5892300277,0.2410194958,0.3523672465,0.4959905571,0.5008354643,0.4751618712,0.4272870052,0.9999847085,0.6310059679,0.6710593246,9.690556304e-05,0.3094914366,0.6104391187,0.3655970781,0.5612912942,0.4927351497,9.796953325e-05,0.4935893091,0.7651780657,0.664799345,0.5031706625,0.3809395873,9.721692083e-05,0.4925181367,0.5692210386,0.627465251,0.363567168,0.5092059361,0.9999780225,0.6022416602,0.5650405462,0.000105854349,0.4371831628,0.4369010384,0.9999779968,0.3456710372,0.6832786584,0.8725873823,0.5501345514,0.4674876939,9.132292228e-05,0.6148302853,0.2765297878,9.702544176e-05,0.5145891048,0.375503788,0.4059803378,0.3672975213,0.5512693803,9.710844411e-05,0.5831322752,0.477486472,9.805260274e-05,0.3392333272,0.6720604347,0.8573817584,0.503558771,0.3828543844,0.588922559,0.3994422466,0.4678838985,9.704842909e-05,0.6194018804,0.6345619625,0.8848092688,0.41173313,0.5992534896,0.4154918658,0.5322729483,0.5276501284,9.707708187e-05,0.3371057031,0.528379665,0.464502833,0.4332533919,0.4447200517,9.161546716e-05,0.6808909544,0.2132878071,8.806455863e-05,0.5874058566,0.3120242278,0.2695778692,0.2692379538,0.606791565,0.7490795795,0.3841840647,0.4938959357,0.2937731594,0.5726017047,0.442373109,0.05879464069,0.4582100971,0.5707230056,0.9999781041,0.4868590497,0.8366584783,0.7782686869,0.5061421276,0.3748447257,0.172827136,0.4183807483,0.4333843436,0.8090359682,0.4432090012,0.6165431889,9.476009159e-05,0.3299939636,0.7116766742,0.8571177908,0.5746305375,0.5011751314,9.710237785e-05,0.6153440349,0.705565727,9.698861339e-05,0.3528037507,0.482116465,0.002661468277,0.4818750669,0.3897370888,0.4170223278,0.4159652559,0.540872514,0.9999779701,0.3749536773,0.7217527698,0.8120650354,0.4749154396,0.4308494921,0.04157860917,0.5782664331,0.5186420524,0.7517840961,0.5314760807,0.3553642499,0.6058407973,0.4270259067,0.4595744796,9.711003784e-05,0.4215745921,0.6268162192,0.8639755037,0.6472332071,0.5810554025,0.4516592948,0.5804656215,0.4408409562,0.603181105,0.3547825513,0.5486021158,9.685656636e-05,0.4915067789,0.8303784713,0.6123565182,0.2754233416,0.6347944085,0.4469836839,0.4743022845,0.3931526183,0.4609244802,0.4575117464,0.5139821103,9.721166988e-05,0.3791826691,0.4601691214,0.9999780175,0.6220120019,0.7141845629,0.4817389976,0.5537507097,0.4668175222,0.1751406856,0.3418232702,0.5568204845,9.710743489e-05,0.5257327868,0.3631222207)
