mCurrentIter=100
mCounterStuck=0
mYPrev=-25.38595171
mParameters.n_iterations=100
mParameters.n_inner_iterations=1000
mParameters.n_init_samples=100
mParameters.n_iter_relearn=1
mParameters.init_method=1
mParameters.surr_name=sGaussianProcessML
mParameters.sigma_s=1
mParameters.noise=1
mParameters.alpha=1
mParameters.beta=1
mParameters.sc_type=SC_MTL
mParameters.l_type=L_EMPIRICAL
mParameters.l_all=0
mParameters.epsilon=0
mParameters.force_jump=20
mParameters.kernel.name=kMaternARD5
mParameters.kernel.hp_mean=[1](1)
mParameters.kernel.hp_std=[1](10)
mParameters.mean.name=mConst
mParameters.mean.coef_mean=[1](1)
mParameters.mean.coef_std=[1](1000)
mParameters.crit_name=cEI
mParameters.crit_params=[0]()
mY=[200](174.4489806,5.442151562,175.066314,33.66693378,-6.881431154,225.2238638,0.2693988797,704.0768427,-41.47570992,2.844519949,71.9440396,-5.888772434,-26.01064385,-41.28851181,-15.42005859,759.3031682,-43.97933581,1106.005387,517.8209346,-44.26692284,-6.460009236,91.22381268,-30.74448067,-9.612729887,22.35584242,183.0930156,251.3511283,-19.45075816,7.507740801,34.31435638,-1.152950342,262.923387,3.385334529,491.079521,7.323938594,-1.724131661,2382.048177,831.0633747,84.84143365,32.84764893,29.54662778,75.97528075,-0.3703699961,14.94461675,-0.5909388021,-39.98715169,-6.166835383,-14.80183322,33.00268527,3596.9652,1878.245692,-26.47626057,16.0794923,-30.29170812,-33.31813817,42.9681062,2579.477814,1381.015271,2371.957293,1705.803984,26.84923428,-2.336588216,-12.31514687,-7.637871768,-46.40425523,36.4381352,58.12154073,34.65820471,1570.789567,-2.669116741,341.5569176,473.1880321,-15.74669668,17.00436736,-3.956739733,14.96968429,-30.38117452,26.59784076,694.5481607,-25.07513215,7.073608995,22.62250366,-11.372204,0.1988249892,23.16861396,46.74061174,11.83209118,456.093184,18.0966452,30.57316396,1958.532143,26.71143649,238.7364673,-8.401371001,-37.7784077,28.02157477,52.30300185,14.37980925,-2.96107782,6.682817014,-20.84766766,-27.41169898,-29.28548572,-18.4142778,-6.424446168,-44.64973917,-24.13505006,-17.22787323,-37.07328023,-38.37052207,-15.99754657,-37.8521659,-26.99508074,-36.60093453,-28.81317906,-19.07378925,-35.30808855,-26.1749108,-38.23346114,-30.3263374,-13.43178705,-6.760451616,-31.43733325,-42.90748424,-28.53417342,-36.51799442,-41.84898709,-38.16088809,-25.98105305,-1.799898444,-39.31316599,-46.75113809,-34.87899312,-38.94035911,-30.06310998,-25.43072755,-21.50584957,-43.05174067,-37.57685754,-33.28729443,-20.06844407,-40.38852791,-34.63615872,-40.00379948,-28.09333376,-44.28767678,-39.20499628,-27.45140243,-8.966117687,-41.33155624,-32.88340211,-5.607137418,-24.70851585,-26.93463297,-39.50194408,-39.16024718,-29.64775188,-40.53376301,-36.85470431,-42.46023054,-13.18708765,-25.82789962,-36.84937524,-39.29948628,-38.23365027,-27.97471616,-15.14469429,-38.19840482,-37.76476682,-28.36943476,-21.94269005,-42.83195947,-38.26635446,-41.77287441,-40.69372279,8.828981889,-43.81907944,-41.32674309,-28.68880929,-20.1700651,-31.52767408,-16.66493449,-43.47808916,-38.30952505,-32.62317581,-36.0851889,-17.28829211,-25.60390444,-33.46836915,-29.9646731,-47.59429191,-42.22215355,-34.90558286,-36.6855384,-44.31321836,-45.45872299,-38.08817389,-14.30176935,-34.83591783,-25.38595171)
mX=[200,3](0.2897162864,0.2655984555,0.2608105964,0.6185653225,0.2595150149,0.8406926793,0.3212693388,0.6957227835,0.07659122962,0.8982897498,0.9533144128,0.7844644227,0.07209385139,0.704291426,0.7044758608,0.7115111515,0.08452311053,0.4296852428,0.3320175006,0.430168552,0.2837525497,0.6356929856,0.2208097659,0.2088834336,0.5686519123,0.611013964,0.2453301647,0.06349339938,0.1718279253,0.5990015731,0.9231115024,0.2702219209,0.4612438282,0.09606781939,0.3266411842,0.3302236963,0.1641891032,0.3399691563,0.6847912959,0.6290469227,0.5958911498,0.3943789405,0.5099188315,0.802056412,0.2547914634,0.3414572826,0.3174381853,0.1163362227,0.01407313161,0.5060780184,0.541259758,0.3795061669,0.7405623756,0.04330109083,0.5757316616,0.2360649644,0.2180636861,0.1785442965,0.4669715705,0.5200678329,0.2467286352,0.2877956352,0.7996948665,0.9788004677,0.8418801716,0.1249383461,0.04120991258,0.5783043171,0.5785104784,0.02639714954,0.4782360196,0.7635678888,0.4706722247,0.9167738121,0.7216127154,0.8098662263,0.1210050359,0.437537314,0.8274777386,0.1978234851,0.3524514888,0.4914736694,0.3426776323,0.7180667682,0.7991748027,0.07416950067,0.7380379045,0.4632611464,0.9654907416,0.4188247388,0.647533493,0.4009406156,0.3281336281,0.1594366858,0.06772629258,0.4031369455,0.7662856532,0.854989725,0.6376600198,0.4860421454,0.888571819,0.05997687898,0.9380478813,0.4971958813,0.8646591063,0.8498156745,0.838842821,0.4526432861,0.4298120845,0.1570678268,0.06924718852,0.987586579,0.308385779,0.1488371598,0.4333113614,0.09552091925,0.4911441275,0.08890411912,0.4877655165,0.9934352584,0.5214546943,0.9851376831,0.6749426696,0.6056426087,0.9931002395,0.1962375549,0.6605195618,0.5637744634,0.8203121181,0.2274932578,0.894365824,0.609522668,0.4517998838,0.8165845068,0.6205877294,0.4025579483,0.6331365754,0.3077626808,0.5867265777,0.5543835768,0.8035871625,0.4195885,0.7946667475,0.3795302122,0.239452479,0.8675011719,0.8706172908,0.2924734698,0.5200194221,0.002306536634,0.3518744569,0.002716053876,0.1731973222,0.3885192977,0.6865224071,0.2227731442,0.2107320305,0.3880436394,0.9175134478,0.9193533076,0.4517758358,0.5037631529,0.3128974641,0.5390763237,0.6123001692,0.03916723259,0.9372901684,0.8501633325,0.5340671787,0.0105421899,0.1094531528,0.9419769044,0.5838792384,0.02278745808,0.05579582582,0.3522358131,0.03167194725,0.2029702221,0.4246378585,0.0131361559,0.7317392195,0.9711125128,0.5505864106,0.003212106761,0.8256403267,0.381921934,0.8136135593,0.7522560774,0.5377073768,0.5528750686,0.7624329636,0.6425541895,0.6889967631,0.5408841749,0.4836292769,0.2760172779,0.05719328112,0.5881137172,0.9645037268,0.1151162862,0.5655670269,0.9947125214,0.6736365468,0.9853922394,0.2692353546,0.04628377117,0.185155714,0.884379434,0.711174859,0.2390316109,0.1111988201,0.2062899512,0.2777833621,0.6709241145,0.1319153481,0.3113643152,0.8643404443,0.7770737759,0.4793064012,0.7225660664,0.03849765094,0.6693410673,0.9042268416,0.6425805682,0.7780156262,0.447397882,0.2440358342,0.9219934872,0.543574029,0.3632455145,0.3686842073,0.9583804101,0.4149442806,0.9648399097,0.8598674367,0.4497975857,0.09175479625,0.1038098203,0.7262409784,0.449409001,0.7561750977,0.1639237676,0.8302879822,0.8396678206,0.02499747068,0.9443077866,0.5947951368,0.6562070113,0.6947805708,0.1491822114,0.8711937223,0.3419258532,0.3075703946,0.9050791089,0.6549523988,0.8736150295,0.9422195929,0.9557251215,0.2596754545,0.2158563861,0.8898458157,0.6532636173,0.1456406472,0.2926785034,0.1902167443,0.3986071111,0.9345684606,0.1385563683,0.7847197218,0.9011222671,0.1252343962,0.1855780162,0.08962031528,0.7778415682,0.1024414036,0.9706314869,0.3697152958,0.3795893462,0.1594336034,0.7844174735,0.6278956544,0.7427147992,0.3975707687,0.6092431537,0.5122990382,0.1833570642,0.9295110577,0.7520152585,0.7047498628,0.7336775305,0.1382625613,0.7436082204,0.2907725757,0.8937779147,0.519813649,0.5191156851,0.8114165913,0.6969015692,0.6647707066,0.1659532578,0.9999869832,0.7109116097,0.2860083616,0.6787089966,0.6970197976,0.2896114478,8.804249871e-05,0.6590870007,0.3142054066,0.9999781079,0.468705759,0.6236043083,0.9999893415,0.7634720555,0.2543164846,9.702341898e-05,0.5891131959,0.3828571827,0.9999779894,0.6378600623,0.3418278254,9.332361663e-05,0.7279811599,0.2728273599,9.69902944e-05,0.5716187201,0.4198198869,0.7835379349,0.6349044702,0.3358390758,0.9999781195,0.4808266533,0.6162315401,9.695614918e-05,0.6305469073,0.3324795342,9.69297666e-05,0.4699639532,0.6356848042,9.769608069e-05,0.5696415404,0.4491104224,0.9999779325,0.6091342868,0.3924233446,9.020835861e-05,0.757380073,0.2590014722,9.704079218e-05,0.6066742429,0.3573945957,0.9999780245,0.5442259678,0.5619029215,9.675182838e-05,0.5872840726,0.5126300593,9.709481034e-05,0.474584578,0.64885616,0.9714321957,0.7731940169,0.2412996497,0.9999844445,0.4455301295,0.6859228971,0.7495413987,0.664392429,0.2959844195,9.701945835e-05,0.5715439275,0.432509232,0.99997797,0.5944788039,0.4285823885,9.700369987e-05,0.5317359647,0.564597029,0.1979387139,0.6200922578,0.3350906937,9.686723813e-05,0.5785186188,0.4771952716,0.9999780351,0.557459457,0.5544216166,0.9999832123,0.7657745151,0.2380668446,9.7311202e-05,0.591967658,0.3725713302,0.7121945137,0.6289175538,0.3258195401,9.715227263e-05,0.4675325889,0.5868822612,0.6826882609,0.5896530801,0.4173252481,9.694933674e-05,0.646797284,0.5270285138,8.820953429e-05,0.6798048355,0.2829557675,8.838295272e-05,0.4967540464,0.6871029372,9.709844516e-05,0.5859582636,0.3849924813,0.7594848087,0.6207961491,0.3380435012,0.9278778876,0.588590899,0.4773267322,0.9999844983,0.4937172495,0.6567475193,9.717411601e-05,0.5647615064,0.4600930394,0.4935064264,0.6462118224,0.2926673672,9.701441055e-05,0.4451663597,0.5754905087,0.7426593853,0.5718413766,0.5574657129,0.4611839793,0.5939912775,0.3813272983,9.771681692e-05,0.6227589819,0.3249226994,9.063961864e-05,0.6040473639,0.6061099001,0.8983045901,0.6620882751,0.2716372774,9.685535799e-05,0.5671377801,0.471980991,0.5018659853,0.5893394163,0.4060885733,0.9999779704,0.3966524239,0.7312255417,9.702549231e-05,0.6632911615,0.5255772523,0.7454607583,0.4267125517,0.5830580286,9.698925991e-05,0.5939357388,0.3661546842,0.8750783282,0.5899954936,0.4762853021,9.706964151e-05,0.372667527,0.6483243644,0.0001055965715,0.4686247433,0.5208481441,9.708655341e-05,0.5814721804,0.421414719,0.7557406247,0.6099509229,0.363756961,9.698127486e-05,0.5315416527,0.7163118925,0.9524399157,0.6022728726,0.5963211313,0.4823802116,0.6235326748,0.3158643492,0.7628510262,0.5774611564,0.5051812587,0.6197664216,0.595444928,0.4356031732,9.712189674e-05,0.5906407117,0.6205399884,8.334157984e-05,0.7565480662,0.2398669536,9.709593871e-05,0.6064674106,0.3389512916,0.0001065055858,0.4379814289,0.5499392766,9.704604527e-05,0.6535866664,0.4899749948,0.710697119,0.3707276224,0.6246526355,0.6112866806,0.5987067555,0.3748799383,0.6910248802,0.5348662432,0.5326854847,9.706117655e-05,0.5697493521,0.4117871157,0.5086440339,0.6399438363,0.2929046631,9.687398146e-05,0.5390668578,0.855080643,9.698384363e-05,0.50638917,0.4815743752,0.6755235128,0.591809428,0.44473955,9.73003684e-05,0.6424570136,0.5632612098,9.165954754e-05,0.7121675229,0.2516950405,9.703968739e-05,0.5926403388,0.3546351966,0.9999772235,0.5909427636,0.66751681,0.4224837904,0.4389491554,0.562158677,0.7312902363,0.5852279611,0.5158202758,0.7110469966,0.6072082776,0.371896173,9.707920492e-05,0.4033188778,0.6093674081,9.671742184e-05,0.3396611765,0.7270951965,9.727399456e-05,0.5821320741,0.6501383136,9.16297573e-05,0.6338487536,0.4427759407,0.5153484483,0.6335751043,0.2896208489,9.703000653e-05,0.4875304752,0.5054542496,0.5918144385,0.5686893146,0.4581940527,0.4722741064,0.6103451018,0.5639941684,9.701286698e-05,0.5750291577,0.389633367,0.530956705,0.4446381035,0.5559506053,9.691451208e-05,0.4984119672,0.5003720065,0.5907590701,0.6001356211,0.491341738,0.7992818353,0.3428300727,0.6540993531,0.285932837,0.6158123198,0.314353316,9.708368027e-05,0.6235929972,0.5568059382)
