mCurrentIter=100
mCounterStuck=0
mYPrev=-23.73177683
mParameters.n_iterations=100
mParameters.n_inner_iterations=1000
mParameters.n_init_samples=100
mParameters.n_iter_relearn=1
mParameters.init_method=1
mParameters.surr_name=sGaussianProcessML
mParameters.sigma_s=1
mParameters.noise=1
mParameters.alpha=1
mParameters.beta=1
mParameters.sc_type=SC_MTL
mParameters.l_type=L_EMPIRICAL
mParameters.l_all=0
mParameters.epsilon=0
mParameters.force_jump=20
mParameters.kernel.name=kMaternARD5
mParameters.kernel.hp_mean=[1](1)
mParameters.kernel.hp_std=[1](10)
mParameters.mean.name=mConst
mParameters.mean.coef_mean=[1](1)
mParameters.mean.coef_std=[1](1000)
mParameters.crit_name=cEI
mParameters.crit_params=[0]()
mY=[200](4.801969751,791.8689146,-24.07792423,8.109930345,1152.957949,936.1577741,-39.45216324,-25.08891772,24.77860129,203.5428276,-22.59027212,-25.18796618,65.1877527,152.6689216,41.76461032,-18.72371262,-46.8139189,-30.34491232,-5.263706459,36.34569938,56.66255382,-43.99076756,-15.95862424,39.39902128,-39.02036677,17.05434892,24.0356034,-21.33995557,42.0858032,-22.57391822,16.83672843,2006.31374,-31.53852124,30.46976226,-27.63515191,3605.008428,290.911796,3.285296517,-11.65184823,7.509704116,506.4873409,0.6119076672,863.8220774,13.22634064,2058.212838,-39.04000553,38.05376747,310.3616687,2.872928192,1489.738323,2168.50147,3.955990256,1533.191889,21.37344515,38.79450537,-43.72460207,-8.952444372,50.5436072,940.8661612,28.36973568,198.8697256,16.31944468,212.5886057,0.8210669971,-47.95229902,14.73314491,-41.55958523,-33.83438045,11.33951444,1879.435286,-5.592831786,14.86999057,-22.01403733,-7.88940913,20.48807563,-9.863078067,-9.829244625,-38.01230108,-9.000662418,33.70993729,260.9596314,-43.64052592,26.79924306,687.0868956,9.190852482,11.64870704,7.323842616,-0.9060988486,-30.71090929,33.27446334,33.20114559,36.00357262,3.221907375,23.87581945,2348.941015,201.1444854,496.0908946,42.72329878,-41.23302594,-4.099456802,-32.96790072,-30.24740966,-32.95518,-35.40628423,-35.52192693,-35.24973339,-29.04221768,-34.71309959,-36.84112971,-41.55278186,-22.18016903,-27.96417455,-39.04611541,-34.13326566,-41.66577354,-32.26599992,-16.87086141,-28.78989206,-41.4673791,-17.22883865,-40.47737787,-34.41265441,-37.25548982,-28.93776381,-24.05168224,-39.59399737,-20.12397935,-23.58061358,-34.24997229,-34.59414954,-45.68843918,-12.86977811,-38.45491463,-45.46442345,-27.743745,-30.003522,-38.0813852,-41.64548937,-36.93336194,-26.65270147,-41.5713582,-24.15862264,-8.334435392,-30.23518515,-37.69869777,-38.63633129,-43.27684759,-29.17977976,-42.47846329,-26.89681263,-30.61716451,-30.47986607,-18.55938274,-40.3956102,-43.77518277,-42.95002071,-9.047939815,-34.94448214,-38.0439545,-23.97536268,-38.73347757,-22.2437314,-32.39903301,-45.11648144,-26.14037576,-30.90960302,-0.8099162559,-44.67126161,-39.00929827,-38.03074652,-46.05767764,-32.00804978,-45.63380878,-22.81374027,-38.08231551,-42.32090055,-32.67001567,-41.81142813,-6.281940474,-41.82268036,-43.80839299,-35.14789342,-39.94374557,-28.04011284,-21.85129533,-39.77938674,-19.24597573,-41.51941221,-48.05239186,-43.71564157,-31.35683492,-33.8405887,-40.19959197,-49.48296996,-29.85107364,-34.1485161,-38.57609379,-41.74497382,-28.70127336,-23.73177683)
mX=[200,3](0.7844282432,0.5037124989,0.8469578656,0.9820009529,0.1536521208,0.2195567391,0.02371385374,0.6431892675,0.3839861946,0.66258902,0.8282900283,0.665117493,0.3329156526,0.1984451283,0.1236723565,0.1688034541,0.3035681577,0.1152763289,0.5307523671,0.3296086722,0.5789100438,0.7167970809,0.4462981411,0.3061597015,0.7977354868,0.003801713204,0.9605577423,0.5299217873,0.124094637,0.3184965252,0.5745013795,0.3409208688,0.708592161,0.2815263707,0.5435318444,0.6240881315,0.4923806274,0.149369226,0.4004770856,0.1336538148,0.230751222,0.2717374884,0.8629040383,0.9396136328,0.2935455542,0.7058998561,0.6574947546,0.5850889974,0.7461137294,0.5220494927,0.3625579153,0.5994263653,0.242274623,0.5097548122,0.4093303389,0.6702498,0.7125807648,0.260472173,0.8600862788,0.8314269627,0.2164700113,0.9460821147,0.92274359,0.1707469819,0.3762228209,0.529449373,0.4640475951,0.6986993462,0.6069031573,0.437072991,0.7554729411,0.1541032899,0.7573934786,0.3931092118,0.4862255354,0.9527711827,0.8831544147,0.3496369815,0.3868351359,0.902866305,0.6740056325,0.8330264018,0.2926647517,0.4691491608,0.9221217731,0.9778628222,0.8152679037,0.511196247,0.6653986822,0.2332983324,0.2481894325,0.1743333162,0.4137679014,0.3561078454,0.9541718302,0.02331209862,0.3440400388,0.5645569969,0.5652288242,0.2056482405,0.08788798563,0.4711550186,0.508832585,0.2515759478,0.6164049296,0.157163516,0.1808356581,0.001394859927,0.45738451,0.9915967831,0.1352766227,0.4491649809,0.4169422709,0.8513777452,0.361221858,0.06157142407,0.6358538483,0.1897732305,0.7274705841,0.7417324349,0.6153767011,0.6160568238,0.03966789459,0.9067855184,0.8184581586,0.2606830241,0.5449489144,0.1655646599,0.1683593649,0.9460599103,0.5912711647,0.8697451325,0.1073162637,0.737920165,0.01412279534,0.1219224528,0.6313484904,0.3981370815,0.9367142376,0.9894494909,0.5143992718,0.227975325,0.7626921857,0.07091306014,0.06027845242,0.5756346371,0.7978517102,0.2537179618,0.1044947878,0.1494673739,0.373805502,0.0967004444,0.09449387588,0.8570738798,0.7959575766,0.6844970292,0.8415871029,0.01461037737,0.1844237851,0.308597075,0.8394805813,0.1958418843,0.3128284252,0.7434518915,0.9363825379,0.5536002397,0.3583434747,0.4933867893,0.6800638444,0.6246720427,0.721559569,0.561870871,0.8781989135,0.9420441197,0.7718500016,0.3322368713,0.08070156984,0.6225953162,0.9296508571,0.6592791231,0.6779929157,0.1190559959,0.3511280373,0.8112151504,0.1389889528,0.9158868027,0.6513012965,0.2655770902,0.2271308435,0.8999332865,0.4034386555,0.8286194462,0.2781588475,0.4327382237,0.4290468558,0.9674539722,0.9151166151,0.4466986593,0.235167963,0.2834683858,0.5462694104,0.05736775491,0.6019699472,0.3350481587,0.8229607965,0.3187344796,0.8896527308,0.2995233329,0.2130251897,0.06407264839,0.4732599123,0.07215009954,0.7799277891,0.8004413376,0.4849696133,0.8986125643,0.08771721193,0.4757049257,0.288606248,0.8700694845,0.02492430954,0.7340356387,0.6428020421,0.8527336111,0.7571930047,0.9126478683,0.4998350939,0.7608863339,0.09320786193,0.5891062709,0.2405767529,0.03197602136,0.4283742946,0.5906477003,0.01261158836,0.7716586526,0.3250516633,0.324585205,0.5323425727,0.9742461885,0.7361452105,0.2781093927,0.2071190402,0.04382932499,0.4500598434,0.3713970121,0.6003948667,0.6882080445,0.9047088455,0.7675963624,0.223769413,0.1777749831,0.14453127,0.03554250633,0.5569579684,0.9941286117,0.8993821048,0.4595161799,0.635510005,0.8056209232,0.6910637849,0.1956446723,0.04728811504,0.8084112606,0.6918449447,0.3831002692,0.6419482653,0.9742521205,0.8433775167,0.8728890828,0.3961923871,0.9619107869,0.539317918,0.5865463019,0.5549180819,0.9981155727,0.1108627172,0.7049508307,0.2534875369,0.4154078756,0.3638678888,0.9506396785,0.07860171666,0.2082991616,0.04446198685,0.8888666626,0.4615427607,0.1061523288,0.005835848255,0.7834815274,0.0524637488,0.4820110125,0.7180591139,0.9849083854,0.7210716097,0.5125179599,0.4359881556,0.4240992971,0.05188089338,0.7880375756,0.9879174327,0.6367557949,0.315296817,0.9999855141,0.6366819395,0.3154486309,0.9838985916,0.6361438854,0.3161059193,0.9765249507,0.5584975754,0.4288949816,9.6942091e-05,0.5542568255,0.4763209079,0.7981423242,0.6435693765,0.3114898718,0.9999773088,0.5334511338,0.5127210318,0.8406653369,0.642230424,0.3006654789,9.699362671e-05,0.5413911837,0.4696684713,0.7853929293,0.5632309821,0.38052059,9.716050987e-05,0.3618010612,0.7011551085,0.9999846937,0.450349727,0.5866386696,0.4782211303,0.6286723628,0.3224965845,9.719096887e-05,0.530070585,0.4969446606,0.8899040531,0.5478223997,0.4057807092,0.9999780918,0.5365004615,0.5058742727,0.9999781226,0.3767204068,0.6798475563,0.5394358045,0.6479651244,0.3003188168,0.1493699478,0.5389615014,0.403278574,9.700841317e-05,0.3578470898,0.7398068498,9.693549955e-05,0.4934459505,0.5363022979,0.5802030021,0.5764561723,0.359396916,0.9192946746,0.5380350105,0.4652787633,9.714221617e-05,0.4157147378,0.6311576278,0.9999781364,0.4504372934,0.5722771739,9.047629782e-05,0.4901323875,0.4436399088,0.9892857612,0.6653918338,0.2746488418,0.9886896998,0.6629594728,0.2768750458,0.1630163097,0.5968600275,0.3439287139,9.778713735e-05,0.4752757208,0.5214459689,0.9073173354,0.5276861491,0.402388392,0.9999781345,0.3444985291,0.7316015591,0.5905393369,0.5764980816,0.4830992389,0.275205851,0.5180080116,0.4012057771,9.707163054e-05,0.4132457546,0.6426737642,0.9999779552,0.4436273326,0.5570055526,0.3827925885,0.6401323371,0.3063420838,9.702136022e-05,0.4313192296,0.4695648215,0.984928382,0.5440411797,0.3741361719,0.2954971389,0.6121830708,0.5151423888,0.5942155864,0.4719973505,0.4340637389,0.9999780097,0.4743532681,0.6447920245,9.008379861e-05,0.3494409218,0.7893447421,0.3415354325,0.6380080055,0.3014802309,9.072513365e-05,0.3794136578,0.5593372856,0.232008781,0.5338572711,0.3744020789,0.794380165,0.4513538864,0.4850567916,0.9955130328,0.6588387112,0.2683208564,9.709861137e-05,0.4171711498,0.4710312408,0.0001011995027,0.2801928316,0.6609540595,9.704292557e-05,0.5360422986,0.5855095795,0.4736304472,0.6278660786,0.4453717607,0.9999779786,0.3196519229,0.5885038034,0.8092509629,0.5513954696,0.3506689428,0.4285545346,0.414984012,0.5199232019,0.311070199,0.4684927125,0.4182513073,0.9999780493,0.3144582736,0.7582198224,0.9068292168,0.5991100249,0.5292394738,9.698681532e-05,0.3722860515,0.5434576653,0.4132378825,0.6432003506,0.2887607309,0.8285149838,0.4585810087,0.4470212488,9.01572021e-05,0.5039616064,0.669182556,0.3364461572,0.5495373337,0.3563245513,0.5447683276,0.4230419114,0.511533114,0.9999779868,0.518043933,0.6401289771,0.313662879,0.6369178003,0.4549770172,0.9999849556,0.6563461379,0.264574015,0.08547940663,0.4360438604,0.44105844,0.9362655122,0.4986573024,0.3984735815,9.710351547e-05,0.3356799715,0.5893377939,0.5787900956,0.429536189,0.5249531021,0.2966225851,0.5966763239,0.5455074568,0.3152886099,0.4238810905,0.4659485862,0.7407047071,0.2658196239,0.6613696717,0.2595389713,0.5532248208,0.3506426589,0.6144364082,0.3895090571,0.5438375492,0.8217533604,0.6180558907,0.4321386195,0.143889471,0.4619616691,0.4152663546,8.097466413e-05,0.3301575705,0.8030182903,9.731292876e-05,0.3898194504,0.4977422258,0.7648285561,0.4448141613,0.46676664,0.3859418187,0.4901149539,0.5953184625,0.8353405731,0.5525651149,0.340748917,0.5084218202,0.6069218473,0.5008272991,9.709143166e-05,0.2571802818,0.6911277964,0.3194774915,0.480106248,0.3971621763,0.2483856195,0.4969189351,0.6839788954,0.4112585215,0.3467662922,0.5710226692,0.5700520433,0.4233287511,0.4712685893,9.773823398e-05,0.3820502271,0.5046668854,0.2987921956,0.6288660138,0.2928734678,0.4856057914,0.6420158562,0.4055242237,0.7399711567,0.4152281078,0.5212842451,0.6271364191,0.4463283927,0.4299313281,0.999987141,0.6521529203,0.2595974835,0.9135158702,0.5423584392,0.3409596061,9.667067003e-05,0.316029584,0.5950113892,9.700925591e-05,0.4537583208,0.426630584,0.07884172108,0.5522423225,0.5700242726,0.8475698487,0.3067867222,0.618467158)
