mCurrentIter=100
mCounterStuck=0
mYPrev=38.71816665
mParameters.n_iterations=100
mParameters.n_inner_iterations=1000
mParameters.n_init_samples=100
mParameters.n_iter_relearn=1
mParameters.init_method=1
mParameters.surr_name=sGaussianProcessML
mParameters.sigma_s=1
mParameters.noise=1
mParameters.alpha=1
mParameters.beta=1
mParameters.sc_type=SC_MTL
mParameters.l_type=L_EMPIRICAL
mParameters.l_all=0
mParameters.epsilon=0
mParameters.force_jump=20
mParameters.kernel.name=kMaternARD5
mParameters.kernel.hp_mean=[1](1)
mParameters.kernel.hp_std=[1](10)
mParameters.mean.name=mConst
mParameters.mean.coef_mean=[1](1)
mParameters.mean.coef_std=[1](1000)
mParameters.crit_name=cEI
mParameters.crit_params=[0]()
mY=[200](1713.65577,66.77286637,347.2032461,-12.69766231,1.083819988,-4.358043468,36.36819346,1691.696476,-18.01805823,33.73173577,-12.29136016,-17.88045931,33.91910179,-6.814709994,321.6553327,43.67630082,61.85497099,-10.51577596,-22.08063944,423.8076796,32.89738337,18.6560938,33.62654039,-2.259752147,3229.972573,199.2531908,-19.78393232,-10.70527323,-20.83538277,793.7118364,312.2948938,3388.83099,25.29567165,225.3790491,-5.52279436,53.75875499,3006.906612,6.762774177,36.50748291,33.84911289,-19.30955033,13.12404953,-13.99715887,196.8554072,983.7067558,280.7637635,-20.5046004,30.30723193,-18.3468556,-2.468522226,21.20443687,20.53498407,-10.73921575,1814.57297,23.74391118,-7.028825371,111.17182,11.0492121,35.6596098,25.86816213,72.08191901,1888.648644,521.5435038,-21.01553115,-10.42733795,-8.912331502,436.5628319,-12.31929652,-17.27397251,49.88240845,34.47584466,13.90442691,-8.551643557,-21.44390559,2.281678748,-20.00243102,3625.379307,8.249905058,38.89755819,56.08710411,614.1447186,-21.65829109,152.0206933,852.9830287,-5.49173603,2704.49592,716.9641104,44.19684813,-19.49409052,30.23717058,31.05973747,9.263628524,1896.899432,13.19330534,43.58687297,6.337610617,-1.694067567,0.04331700546,-6.150307441,-11.4120982,-18.48570466,-17.92358113,-22.16231065,9.305081781,-16.10300134,-19.23773119,-25.79901366,-10.41192553,-13.85124929,-16.17603722,9.339120252,-20.49775735,-17.48491804,-25.32635441,-14.77206662,-12.96791314,-23.20439586,-21.87593664,-1.341138999,-21.75184844,-5.528245811,-11.51644427,-27.09058365,-22.3101769,-25.20737181,14.09072106,-20.70025894,-13.64925392,-5.646134405,-16.37774742,34.35317373,-23.89635508,-15.82545521,-24.2916475,-25.76153099,-24.89049653,11.45685645,-7.348529462,-22.0683047,-1.141814237,-12.14418266,-25.09888821,-20.81358965,-19.21752218,-16.70924308,-26.32885979,-27.92140781,-1.175122866,-19.66214965,-20.61462857,-15.30448333,-25.06193574,-29.07395742,-12.00117568,-20.27521965,16.36347688,-20.91450109,-19.70327033,-11.507485,-25.15278095,-31.74001311,-8.053583252,-21.44808116,-22.60377708,-26.50448895,-12.48302179,-22.20725659,-15.10907678,-19.3632328,-19.70346754,0.0182759434,-19.82694025,-20.17389163,-16.64524548,-14.6059153,13.48090188,-9.780622603,-20.34241166,1.847194794,-4.518178238,-24.79988045,-18.37938124,-20.72268159,-25.85589297,-21.79098929,-7.48199478,-12.51810625,-25.06661821,-14.33575257,-17.72696266,-21.33717173,-25.01593559,-22.1745498,1.055799276,-25.80995645,-19.09179025,-25.31588009,-17.57203392,-25.99866073,38.71816665)
mX=[200,3](0.6760925026,0.8449858674,0.02898791337,0.3883619801,0.3082633521,0.3624224286,0.1308318865,0.187371081,0.2958147921,0.9435583589,0.3664107271,0.4981200055,0.9026507104,0.7683262711,0.6755229147,0.1817108029,0.7057744373,0.2838061106,0.1691287812,0.8737933763,0.2260270872,0.2798454696,0.173247403,0.1217974484,0.8379549371,0.6686228876,0.5778252004,0.6819453498,0.86142172,0.85468137,0.1903167108,0.22740322,0.7239833288,0.1450501535,0.4881686959,0.4798886358,0.7425423489,0.9185476173,0.3342544381,0.4882651085,0.1185176704,0.621173955,0.3449706376,0.07268438229,0.3413179946,0.554122592,0.7937853352,0.951003148,0.6604000675,0.2724179271,0.3885364521,0.7826992349,0.2309124358,0.6408422065,0.3609882098,0.6369914788,0.5369439466,0.2988528671,0.6461548678,0.07589160946,0.4277790027,0.5373647964,0.2370845679,0.8889904194,0.1416936383,0.9362039364,0.5284116146,0.9534466319,0.4324140484,0.05443815537,0.5443841034,0.3752458169,0.8958168001,0.8945920046,0.009197616407,0.4112480051,0.007360740744,0.4003668866,0.5071938376,0.5661668127,0.6177508988,0.3281627915,0.3121250336,0.7539526389,0.6318156478,0.6086479305,0.4505265599,0.3952153941,0.1518860631,0.2034421223,0.03295975131,0.4422516865,0.1729340143,0.7601858669,0.01884145297,0.03825436025,0.6046257429,0.4163590777,0.9625490538,0.5485205171,0.2135085312,0.3087535227,0.9977921343,0.6962413381,0.3249087407,0.3731573245,0.8544273529,0.9735258596,0.7248367332,0.08581036816,0.05660026573,0.07648972971,0.3209389903,0.8607882276,0.516693843,0.9790313466,0.467624626,0.1254819341,0.9628764677,0.59764896,0.6250353001,0.5103100131,0.6339369236,0.8769437184,0.7479930763,0.7789356378,0.1012439543,0.3794474607,0.7154716027,0.533338697,0.686251028,0.1156914167,0.5840023885,0.9025907347,0.04849575774,0.009653387456,0.9859015916,0.1335735333,0.490097442,0.5290946326,0.5214724653,0.9506059114,0.02688864592,0.9966873205,0.3158116169,0.4769916989,0.4436747919,0.966635995,0.2907414114,0.8083262211,0.6137578997,0.7522699239,0.2127163414,0.2568372569,0.4221210961,0.9247918455,0.596679465,0.4078455754,0.7427829864,0.1720505059,0.2699445117,0.06072540326,0.9245593467,0.7380394673,0.8768082812,0.6546472774,0.4671696456,0.7627919699,0.9806545992,0.2824309864,0.3519448311,0.8161126427,0.7161231171,0.8119696014,0.01955387561,0.8148464837,0.8905968753,0.3522978981,0.7824423141,0.837983377,0.06596395708,0.654054376,0.246583104,0.3001250744,0.2018797648,0.1040246463,0.7011316946,0.9344088735,0.08802706988,0.6909760508,0.4327177697,0.6831980812,0.9169948578,0.6192268862,0.6923921351,0.5772519308,0.2470465564,0.5194126263,0.2389364492,0.3454086714,0.1906546638,0.7153895399,0.1688087874,0.6575790805,0.2803617664,0.5783412634,0.6043529794,0.2146125742,0.8888708576,0.9079899477,0.7543214215,0.8359889372,0.1810887582,0.2075251851,0.09295012327,0.9128474332,0.4043381065,0.05599959857,0.7338491603,0.861868697,0.4580903754,0.5427897483,0.8049326929,0.809329484,0.5852119612,0.9333438619,0.6799565328,0.4829152358,0.1175648857,0.03866466643,0.01125958984,0.4520900857,0.5070648825,0.8456936115,0.2278136317,0.944152598,0.2631866672,0.04480085921,0.9944176753,0.4209488654,0.7316038221,0.3851681402,0.1524008698,0.2452753468,0.3383754598,0.6662664941,0.2674746615,0.1024236827,0.3985910412,0.8569463278,0.2517789465,0.1687679507,0.33635497,0.727384251,0.5582408437,0.02698684648,0.04244428432,0.09495471658,0.7909807465,0.1210818568,0.251195418,0.4414787522,0.8225311796,0.9483987676,0.08667981449,0.3574633585,0.5064192146,0.8447541473,0.493296226,0.9829737577,0.8208478121,0.5996392198,0.2734440543,0.4740370043,0.1393567544,0.8816609639,0.4375017686,0.06211386127,0.1449327058,0.9701055144,0.7731409413,0.7874571568,0.6409655329,0.9206600812,0.3110299946,0.4640716056,0.5575287275,0.8204252748,0.09379166603,0.3931420858,0.7975130434,0.152938713,0.6200914847,0.4174984174,0.568020343,0.1992917145,0.5631049,0.7794313283,0.5856779206,0.7074281448,0,0.4549662238,0.5957414616,0.9999780991,0.4559322134,0.5953197455,9.693917796e-05,0.4875712461,0.6448123978,0.9999781888,0.4307678768,0.8759114771,9.698402354e-05,0.4884168669,0.5590159971,0.9999781059,0.456188297,0.6039396678,0.9999780529,0.571256867,0.4971736403,9.707160591e-05,0.5244591557,0.6782018061,9.698127376e-05,0.5740786478,0.5111108918,0.9999781473,0.4389485933,0.6570029995,0.9999781181,0.4368657704,0.8767440371,0.1070834796,0.4517942513,0.5855822673,0.9999780841,0.6299955303,0.4230575731,0.9999779274,0.5078517331,0.5518494523,0.06519794134,0.5929104381,0.4845132454,0.9999782701,0.4032273738,0.7086188647,0.8288244353,0.4726009411,0.5776621479,0.9999780948,0.5713296067,0.4777696628,9.700804062e-05,0.7236822332,0.3468247856,0.1006118952,0.4610010669,0.6376335377,9.704408453e-05,0.5449365829,0.7303010755,0.9131159773,0.6521479773,0.4030016966,0.4321937523,0.5092430071,0.5492607806,0.9999779242,0.4602476625,0.6379300071,0.9416692549,0.5603052348,0.5197046942,9.146225365e-05,0.4658200514,0.8740647203,0.3034354429,0.4493530732,0.6007922748,0.1042508307,0.5956200657,0.4622607236,0.9999781886,0.3878984579,0.7812451874,0.9999779743,0.424080138,0.6822270227,0.06577823584,0.8699049962,0.2555311667,0.407629991,0.5194764665,0.5441517189,0.1918237333,0.4748607289,0.6618586354,0.8932194733,0.5789561353,0.4542329892,0.9114008824,0.4708630289,0.5916730092,0.4428727446,0.5756134827,0.5081893596,0.9999846768,0.4607637009,0.8866156551,0.5175509526,0.6661921661,0.3878827189,0.5424223966,0.4604140721,0.6249433349,9.677129707e-05,0.4979672184,0.7668974667,0.999978001,0.4124307642,0.7220836181,0.8967724501,0.5388308167,0.532241035,0.2169086512,0.493285597,0.5610904144,0.2933785542,0.5847655583,0.4621771111,0.3558712368,0.4620757068,0.6697001023,0.8133509351,0.4676141078,0.5964673974,0.8976634918,0.5482827472,0.4821850344,0.999984862,0.4039687402,0.81606293,0.2555822334,0.5709027001,0.5191912328,0.7982170649,0.4761829007,0.6401139181,0.7655250433,0.6556750624,0.3933600635,0.8992509762,0.5005404718,0.5532080692,0.2171247836,0.4316923835,0.5917252293,0.2463127954,0.4804471395,0.7020434793,0.1347097002,0.6044451743,0.4378852273,0.1282554448,0.4762111716,0.8842138708,0.9493858269,0.5531238331,0.4636973471,0.403345912,0.5951729388,0.511769048,0.9999782353,0.4144218418,0.7281117287,0.4257378421,0.4260977328,0.6280894187,0.5445832114,0.462503381,0.5619755415,0.07429131389,0.7179795868,0.3327601553,0.9999777979,0.5293626754,0.6269613131,0.9999779781,0.602492546,0.5292840265,0.9333776841,0.6719377917,0.3798808516,0.1636997209,0.6181373271,0.422974432,0.97268922,0.5726900401,0.4453412366,0.3430580675,0.3915659081,0.6728398085,0.2349472244,0.5359465629,0.577596469,0.5237671531,0.4855047295,0.4938906086,0.09334079519,0.454563277,0.8001704529,0.9254775329,0.4165396823,0.5743067729,0.3935274875,0.6431166942,0.4957838881,0.4643353195,0.5753832439,0.6381478406,0.9976470172,0.3851042767,0.6814183884,0.9999775264,0.479326834,0.8965831898,0.356505819,0.521786497,0.7302832882,0.2977829363,0.3813723766,0.6096995315,0.8835816721,0.814445512,0.265821121,0.5154235285,0.6850675309,0.3569860782,0.43472039,0.4576883971,0.5357025627,0.7457256714,0.5881613141,0.4384844244,0.8113331327,0.5649797584,0.5752411378,0.7304892989,0.4763410325,0.4942760733,0.7946227712,0.4093921765,0.6434016157,0.999978003,0.4373251364,0.7740175811,0.1619811411,0.6063981376,0.4341915428,0.2428626779,0.5480601091,0.5549576989,0.7996269169,0.6511146292,0.509833903,0.2494252146,0.3880247579,0.6845038704,0.4892727071,0.5577467203,0.6106571427,0.6627016918,0.4123172225,0.5633365956,0.4104110234,0.4932041905,0.4876198375,0.4766480231,0.4394230642,0.8264831031,0.3791885435,0.3842723237,0.6184815378,0.7670046968,0.415179836,0.6972595952,0.8665350485,0.5445539947,0.5665739825,0.9382632918,0.6189949909,0.418710402,0.2801116671,0.4782965813,0.5358441374,0.5514939035,0.8007685914,0.2626731844)
