mCurrentIter=100
mCounterStuck=0
mYPrev=-10.26577618
mParameters.n_iterations=100
mParameters.n_inner_iterations=1000
mParameters.n_init_samples=100
mParameters.n_iter_relearn=1
mParameters.init_method=1
mParameters.surr_name=sGaussianProcessML
mParameters.sigma_s=1
mParameters.noise=1
mParameters.alpha=1
mParameters.beta=1
mParameters.sc_type=SC_MTL
mParameters.l_type=L_EMPIRICAL
mParameters.l_all=0
mParameters.epsilon=0
mParameters.force_jump=20
mParameters.kernel.name=kMaternARD5
mParameters.kernel.hp_mean=[1](1)
mParameters.kernel.hp_std=[1](10)
mParameters.mean.name=mConst
mParameters.mean.coef_mean=[1](1)
mParameters.mean.coef_std=[1](1000)
mParameters.crit_name=cEI
mParameters.crit_params=[0]()
mY=[200](75.98135342,1978.526822,150.7794258,35.25294338,55.98090305,31.6253815,26.73754106,-5.591477888,154.5636761,-23.23204556,37.28092569,2.559736964,-12.03370091,2205.545615,42.01898958,32.9647767,47.02938359,50.02856228,60.88498252,28.31074143,71.84609356,22.16643128,-16.12658169,28.509373,115.3616747,26.1870106,32.55443609,9.615606968,31.44435029,234.810414,55.60426399,288.1415716,326.5544576,329.4441879,3057.266888,19.40486686,13.41567637,14.95724941,9.003345373,14.14354239,37.63838868,1106.910782,5.443717734,-2.340622588,1291.242924,-11.59557015,413.7735636,32.14272272,64.60676038,556.8560076,-13.41024504,2.271458308,2412.291495,30.7193314,23.3712424,154.5536041,7.695383549,-1.883736504,19.10611302,85.97544112,12.37342899,60.5681193,3.796149281,46.45425779,12.64889791,3798.967066,229.4157473,27.49454306,118.6981733,13.86663726,61.14457583,39.37118264,10.71756949,-16.47761509,-6.44899114,11.96999476,40.6730403,1023.006398,920.6174923,11.82927188,1076.759501,54.37011306,550.7030176,126.4194172,47.91872769,50.24457202,5.159315507,15.34718705,110.9079247,51.95468335,1223.605756,43.46082279,-4.964378451,2715.824151,201.9463435,20.30967947,31.33437939,42.62831435,1727.495365,-0.9176002427,7.181780148,4.301772255,1.473463045,-17.86421736,-6.114413483,-18.00828165,-3.887866694,-15.36247215,-19.4129081,-8.814442598,-18.3414085,-13.17132136,-14.2262344,-12.82228453,-10.8702573,-6.894769802,1.317964931,-15.04667489,-11.04945633,-9.553993403,-9.914366368,-9.826262042,1.608755272,-2.373418754,-10.54826043,-18.25516046,-0.7172004845,1.976116617,-11.85235461,-11.2029985,-18.14076541,-16.29015549,2.868973939,8.113683658,-10.931413,18.12206428,-18.29081826,-19.43920744,9.886646949,-18.28964222,-10.2111665,-16.99663556,-27.70567487,-14.93864162,-17.88332955,6.500217614,-5.60205366,-15.92123575,-14.50237261,10.18672466,-1.893281972,18.59110008,-14.68911778,-14.86921059,-5.74861842,-18.49211151,-7.465568789,-8.119448101,-16.38245851,-15.5709474,-16.57915773,15.96319751,-11.73879754,-10.79627008,-10.86252255,-15.67017903,8.717127536,-19.20203523,-12.89532854,-12.55110335,-1.467134419,-18.72450063,-12.40612061,-18.42012535,-0.6116082007,-11.90557714,12.54622821,-19.9409353,-12.16104714,-4.696958804,-7.766481341,-17.63211763,-11.5110048,-8.394460582,-21.60621865,12.18916939,-6.362273074,-13.74195515,-9.523199549,-18.54611063,-3.215798525,-9.351679593,18.45343402,-21.92745544,1.33729198,4.652551542,-19.892567,-18.10264233,-12.30427216,-10.26577618)
mX=[200,3](0.9471824783,0.07528386364,0.5821933626,0.5809229491,0.5117909367,0.01497964664,0.5438298397,0.2647766423,0.3163090012,0.1874970558,0.1774444757,0.9320063847,0.03696422805,0.8489624253,0.2090766183,0.4283667576,0.7083983908,0.8225149598,0.8933449323,0.337305847,0.8306004352,0.437856627,0.3556768363,0.6844940573,0.7341256958,0.8514570142,0.112229431,0.2726186584,0.3658876151,0.5433057019,0.3875973481,0.02776185727,0.8999383568,0.1351986708,0.5291069916,0.7046561769,0.3784562704,0.5460630605,0.597284487,0.2689656322,0.1462882565,0.1044906886,0.2420917348,0.7130882833,0.8850033466,0.5518960539,0.08109680032,0.6636135923,0.5013339052,0.3888862196,0.977088719,0.5307188639,0.9334453466,0.7672452737,0.8648727791,0.9109428112,0.9075905324,0.8181881073,0.5905996997,0.8486319742,0.3470200759,0.869395321,0.9900248677,0.6715840762,0.1660897558,0.7329425497,0.9531775641,0.5631414404,0.3514177776,0.727161115,0.01646499715,0.7966439763,0.8074644365,0.4191292142,0.2646031296,0.8583162228,0.1272506667,0.7768774755,0.2931238175,0.8944112523,0.538465704,0.04267553529,0.7201563932,0.5567714349,0.7932445509,0.1041498249,0.8551067168,0.8282990299,0.155968574,0.4052885172,0.0723661252,0.9958311161,0.3970175089,0.1289236725,0.3999072467,0.1946128331,0.3075431031,0.001290960601,0.4234248946,0.7772288701,0.03283757476,0.4190091471,0.6900831317,0.09441410186,0.05009377561,0.8490517278,0.4642615072,0.8092449817,0.4576845974,0.2589736589,0.4777725235,0.2521580814,0.8166069317,0.4881965886,0.6632880981,0.6244377559,0.7252123726,0.616434518,0.7352328753,0.6574005879,0.8701674153,0.4585064974,0.9154303161,0.5192405415,0.2366671488,0.1578752476,0.06377195485,0.61702095,0.6907363064,0.009140813684,0.6758789525,0.5029637779,0.7639862906,0.2004414964,0.1812088794,0.7461030752,0.6384338777,0.3838164906,0.4929157214,0.0488883365,0.3779356347,0.9791194327,0.6063358608,0.8721871223,0.5941547398,0.9495540977,0.2107128212,0.4030000743,0.3293868124,0.1438654238,0.1506383121,0.283693797,0.6183268479,0.5673102287,0.4006607277,0.7423993773,0.62502987,0.06897052834,0.1306974301,0.4721013001,0.8732077819,0.637469828,0.9883452237,0.3402072286,0.6299236473,0.600280019,0.5847841889,0.1288317045,0.3207624795,0.7607995197,0.4620339022,0.216499788,0.2792657732,0.4327497966,0.7517538772,0.7904275261,0.6448246988,0.1417217582,0.219487713,0.3395038074,0.1021225668,0.7423725827,0.3650892191,0.5766425145,0.7872286574,0.9673546811,0.1167198298,0.5314406576,0.2846308718,0.1768735293,0.1822249436,0.9845698867,0.01789609174,0.3117850213,0.8166623141,0.7182093954,0.1143306469,0.0004470073082,0.7849635875,0.4726380167,0.1610630894,0.7015297607,0.3035246167,0.8659680461,0.2319672439,0.1980448167,0.3472841552,0.463411256,0.7703228883,0.6072111717,0.05674421759,0.9852859238,0.7505521577,0.8352119195,0.2428671958,0.5793138392,0.6444080301,0.4832376225,0.788521732,0.09919375967,0.5011939026,0.4587524327,0.8842478919,0.5769357198,0.5175519707,0.4101110932,0.8264440482,0.4476924248,0.9179635781,0.3702421978,0.9243009385,0.4472554593,0.6894526164,0.03206487073,0.198398899,0.9527026119,0.06162181268,0.08364715384,0.7520163703,0.5641137718,0.6833788991,0.6987137808,0.02854377149,0.3960277474,0.9219305692,0.2593234897,0.6547416235,0.1301933541,0.302791037,0.0220420162,0.970222913,0.1712863008,0.3682327149,0.9063087909,0.2400062092,0.4857781739,0.9655548555,0.7140262367,0.3374691009,0.2248851358,0.5291468437,0.9924161015,0.6474265926,0.2320915567,0.9395058914,0.4421696724,0.2298333075,0.2090573823,0.6552415196,0.9551890838,0.9681203989,0.8335611751,0.04000682535,0.929047928,0.4353532498,0.3269138688,0.3108971934,0.5516185417,0.6708258624,0.1600699621,0.05260091602,0.09681671804,0.3520735243,0.6689425715,0.08348728685,0.6396382126,0.8007476153,0.2903426819,0.2234954595,0.8829095005,0.2791745438,0.2821199334,0.4923120248,0.9498197747,0.5284488235,0.29441942,0.07125071413,0.9068621191,0.4242053187,0.4979515299,0.1153640696,0.6369946149,0.3075756051,0.2048225135,0.6419648718,0.30390912,0.2652104148,0.6441267793,0.3019323095,0.08045827829,0.5462531945,0.388539952,0.4590160664,0.6575441169,0.293040651,0.147455761,0.5341531852,0.4058484291,0.5280647931,0.6615301586,0.2898435767,0.2853470362,0.5252274715,0.4231756886,9.720141953e-05,0.4895138514,0.5291314745,0.4660473275,0.6613123329,0.2884607878,0.07534526597,0.5683707832,0.363794339,0.7912454076,0.5369044219,0.4383120564,9.764387238e-05,0.4869543701,0.5585849471,9.700795672e-05,0.5048133776,0.4584180564,0.7709150323,0.6660366834,0.2923092404,0.9159763685,0.5186658959,0.5704402863,0.07514655557,0.6661429536,0.2795659553,0.6569913116,0.5779148568,0.3689107554,0.02393283795,0.4963268017,0.4932524682,9.700013231e-05,0.4693085697,0.6078739025,9.001967823e-05,0.5794254604,0.3501059397,0.8569496269,0.5369310359,0.4589819629,0.8794044853,0.669573292,0.2927823171,0.9150495146,0.5124849913,0.5992619317,9.701216334e-05,0.5253827976,0.4039688864,0.379615663,0.5073080066,0.5166903571,0.5542227169,0.6745716882,0.2738912954,9.617511341e-05,0.3754550096,0.7465716357,9.687512279e-05,0.4693169877,0.6057030195,0.7185099608,0.5562319168,0.3916459815,9.709197721e-05,0.4931909805,0.4870890708,0.7527338174,0.5330167312,0.5206736323,8.241547377e-05,0.6694396244,0.2752907648,0.9999779928,0.4756937556,0.6665990163,0.03493623902,0.5653670477,0.3573384252,9.654994542e-05,0.445614149,0.8267747539,9.699775104e-05,0.490454547,0.5675411881,0.58099515,0.5148607749,0.4434773107,0.8115112415,0.667973623,0.2872497179,9.727568607e-05,0.4980353888,0.447639778,0,0.4116494539,0.6517316133,0.5559379009,0.5201147322,0.5438999975,0.4892829258,0.5770027239,0.3527135589,0.8936862042,0.5666772858,0.438463841,9.713352415e-05,0.4623390547,0.512387298,9.488453102e-05,0.6744484959,0.2699687336,9.024734539e-05,0.5599678634,0.6130703345,9.044985829e-05,0.5107314046,0.4042136041,0.823990871,0.561644937,0.5494011014,0.9999779328,0.4269694738,0.7010400135,0.8537459909,0.6137759883,0.3452017039,9.670315542e-05,0.6147982156,0.7626156593,9.653733024e-05,0.5732269566,0.478349361,0.6048631502,0.4724703185,0.4763831125,9.700964232e-05,0.3288278883,0.7047477062,0.2180903542,0.4236917348,0.5771611814,9.700089843e-05,0.5795712199,0.3401004248,0.7173033623,0.5254596086,0.6135570728,0.4961751145,0.4966489015,0.4137458465,9.903697308e-05,0.4413308432,0.5262967157,0.6022038174,0.5948588604,0.494008112,9.627769028e-05,0.3255901323,0.8262529899,9.727258868e-05,0.5743716659,0.562995365,9.709423372e-05,0.6066844553,0.4343352951,9.694641389e-05,0.394166918,0.6369293802,0.6460454631,0.4425244367,0.5456120031,0.6986814223,0.682211832,0.2660990207,0.1060645311,0.4624880947,0.4409222336,0.4675563021,0.5575292565,0.3569924268,0.5994001843,0.5882148724,0.4921201664,9.789366696e-05,0.5831789052,0.6395348698,0.0001057156037,0.4397481414,0.5004607209,0.619963346,0.4330152302,0.5907294455,0.5588155358,0.4963837994,0.4119916434,0.0001025470329,0.6754176368,0.266163986,0.06891290997,0.5784195212,0.3360702281,0.8820557348,0.3589370427,0.7323904899,0.5334600049,0.4579011065,0.4878103156,9.732470508e-05,0.5755149702,0.526418989,0.627752325,0.6336571658,0.4174518301,0.6938332669,0.5842530563,0.5820885653,9.700883088e-05,0.3964299797,0.5754523475,9.701732079e-05,0.478847601,0.4236590078,0.7214898623,0.6185000936,0.3169007255,0.5367049715,0.4498419812,0.5171550146,0.9449317836,0.6150695039,0.7255265474,9.729340343e-05,0.3837236096,0.6730373138,9.795340709e-05,0.5863350453,0.4775118238,0.6114240816,0.4426679812,0.6205153452,0.5524987401,0.4671435762,0.4548535843,0.2290730078,0.5227470998,0.373852552,0.295849607,0.5699197427,0.5442607769,8.891824288e-05,0.567938945,0.7824284484,0.3721182878,0.4249503407,0.5367920386,9.7086823e-05,0.5870967972,0.6383339628,9.699169576e-05,0.2896780675,0.7616994239,0.0001060200641,0.4415267569,0.4834806764,0.5860959878,0.5941722853,0.4719426643,0.7227203475,0.6382571734,0.292230731,9.082948542e-05,0.6308882451,0.414448451)
