mCurrentIter=100
mCounterStuck=0
mYPrev=-41.57278071
mParameters.n_iterations=100
mParameters.n_inner_iterations=1000
mParameters.n_init_samples=100
mParameters.n_iter_relearn=1
mParameters.init_method=1
mParameters.surr_name=sGaussianProcessML
mParameters.sigma_s=1
mParameters.noise=1
mParameters.alpha=1
mParameters.beta=1
mParameters.sc_type=SC_MTL
mParameters.l_type=L_EMPIRICAL
mParameters.l_all=0
mParameters.epsilon=0
mParameters.force_jump=20
mParameters.kernel.name=kMaternARD5
mParameters.kernel.hp_mean=[1](1)
mParameters.kernel.hp_std=[1](10)
mParameters.mean.name=mConst
mParameters.mean.coef_mean=[1](1)
mParameters.mean.coef_std=[1](1000)
mParameters.crit_name=cEI
mParameters.crit_params=[0]()
mY=[200](2058.427809,43.80253118,-29.39791854,75.24824309,136.3603939,-30.65386923,180.6035621,-19.28250982,33.28000057,446.8588028,15.24697188,160.7329977,-13.53943452,-3.283731024,-12.64626755,318.4530586,-6.981751377,8.076084496,3.396375305,-16.56297779,1498.282027,38.33628184,-10.18917895,14.34229378,27.31648209,-9.274010692,-35.18577621,2552.831527,8.438464227,-41.19730107,45.25902562,3872.362824,18.52556902,870.0898887,-11.31688086,32.3986262,-33.29799077,20.59223817,2783.633177,-16.50520089,-35.12509195,-23.68883996,-19.98166768,146.8137133,890.8111375,-18.48909648,261.1144216,1886.542771,51.38187333,-29.85987951,13.23022641,420.3815038,-25.68302362,-25.34919921,-33.91060791,36.89461116,-14.53854074,307.7165708,-32.43494948,-5.686952146,25.20233029,490.658652,466.9576851,-1.734180434,-38.19154723,11.95003727,995.5720681,12.56902145,38.39198707,-18.01891236,10.10462088,-23.56968225,13.65645568,27.51324268,-19.65208695,3.088851837,38.64289217,-0.3317824304,5.044726049,-39.42679272,-15.79756132,137.2480515,-27.1587206,2.973029458,48.90680151,0.6279803178,37.68890849,-24.21793445,-34.91676764,9.801550721,403.8262179,10.12200014,17.89379948,544.0336397,22.61385769,-40.6404907,1116.892151,7.994951285,-0.3936112795,30.38453138,-41.55107324,-42.1664539,-36.29696737,-39.86190971,-38.61556226,-40.29409539,-39.73550255,-39.8827183,-43.45898736,-34.05620369,-42.48436285,-35.52849506,-29.73385817,-34.51070357,-43.00156262,-30.78946887,-42.94043179,-42.59176795,-33.5308378,-21.12803751,-31.89223227,-34.88725864,-36.72101966,-29.07501256,1.586903577,-33.25778645,-40.56437384,-35.21366478,-43.18897601,-40.1079454,-36.73954373,-43.13146072,-3.240621624,-40.48114839,-25.20728254,-20.70423286,-31.8373217,-31.35835619,-2.106721697,-47.64690019,-31.01552273,-38.73596271,-35.93042622,-41.92327481,-45.74707708,-46.74572557,-43.34482254,-30.21371075,-16.90353756,-37.66736445,-44.41589574,1.821493212,-43.16818181,-40.28125395,-39.87990028,-26.08982801,-49.60096544,-41.74792561,-39.47871268,-16.46685507,-31.0549569,-23.17482189,-40.39477027,-43.51121226,-45.50201659,-36.60421394,-32.21792524,-43.15279523,-46.44676431,-38.64641007,-38.11689298,-38.62726421,-46.1089057,-47.07910003,-23.46485117,-41.12358763,-38.28244328,-42.6453856,-35.06860323,-32.68065228,-43.36082802,-49.80962915,-48.0845038,-39.41589772,-40.06592549,-38.47627498,-21.14563422,-44.05043709,-45.88099538,-44.95255129,-43.77369052,-39.35417559,-39.83355879,-22.18200706,-41.13788126,-45.66772981,-41.85163459,-47.49413658,-43.29429501,-41.57278071)
mX=[200,3](0.1961872605,0.2333321066,0.05728242809,0.9363010496,0.07398800569,0.5004767351,0.07389049097,0.6454655853,0.3783875984,0.09069198806,0.5102695775,0.2171360504,0.7823102245,0.3275317604,0.2412808765,0.2724500984,0.572019333,0.6249353688,0.1613575523,0.4461959216,0.1774676171,0.3031832953,0.3693538158,0.7792056634,0.8144662997,0.9251516123,0.8848615895,0.4718978754,0.3712911925,0.1356921273,0.6474184493,0.9318567687,0.2315511965,0.7288419951,0.049358994,0.4091547791,0.6924511131,0.7002369189,0.6799798553,0.6703040212,0.01833018952,0.8479666839,0.3351384097,0.1917517431,0.8238416466,0.05306016751,0.08099790187,0.2848274005,0.8411449493,0.2278513348,0.5208026051,0.8976673211,0.3333414223,0.3680332681,0.7674029172,0.8860444786,0.5148061094,0.1360883912,0.03990859958,0.733552701,0.8017711841,0.281560918,0.07610450262,0.6594396177,0.9618173018,0.3163484864,0.5820542025,0.7139767902,0.2779791598,0.1576826531,0.8254265235,0.7815230058,0.3614425884,0.9730741362,0.3941184517,0.3985925383,0.4704257592,0.8097644892,0.4104806344,0.3149691263,0.6827280066,0.1824453411,0.06178539998,0.08861858214,0.7436888972,0.5543239486,0.9023871791,0.493466288,0.4006842793,0.5755145739,0.7901782592,0.3419687513,0.3063566216,0.6844903644,0.257184772,0.0006009982037,0.4460173698,0.05593509067,0.9752518471,0.2673125378,0.9094905648,0.04562022737,0.5988588782,0.1055747532,0.6047500243,0.6276878833,0.6047303953,0.2004659607,0.6067650184,0.269164999,0.4812191471,0.6339599099,0.4651126831,0.261912481,0.4843500119,0.1311417515,0.0289264988,0.1292915862,0.3916537592,0.3383590135,0.4515317923,0.6319802209,0.4792827172,0.9453424396,0.4518922349,0.3806905043,0.902193299,0.4921335483,0.7460557613,0.4309839979,0.487765635,0.1909031792,0.3539056473,0.2039435028,0.145211956,0.03576583276,0.3033322603,0.7905325529,0.9745122941,0.4153900547,0.151532317,0.2805253068,0.547162524,0.01535255624,0.9579422757,0.02389449629,0.4980735868,0.2176035529,0.683529965,0.4283134567,0.6623451221,0.5261905128,0.9314780914,0.01657889409,0.4344954526,0.1243099445,0.8542497242,0.245930881,0.6412616228,0.7567047077,0.6247778279,0.6114490814,0.8279319656,0.5939434579,0.5679875893,0.2040470831,0.7439249979,0.9663861002,0.8377467775,0.7644502689,0.558473274,0.8769237024,0.959757296,0.1039920405,0.1150695162,0.353892139,0.7023638322,0.5146326923,0.5052167641,0.832883586,0.2242232746,0.9987102405,0.5403933315,0.2313233214,0.1787149611,0.2211415786,0.04437695119,0.2939491674,0.1697241467,0.02784138489,0.1839638413,0.8778179662,0.001561962415,0.1433266635,0.5842057343,0.7725684396,0.1106543514,0.5333564273,0.7157215227,0.8101643244,0.03581712067,0.5442963669,0.844165997,0.7612305106,0.3241792307,0.8322202431,0.9442433306,0.6135868243,0.1635958218,0.725096125,0.8894411415,0.8794505518,0.2903549959,0.8653052326,0.6945816725,0.2543204209,0.0694431,0.6110814997,0.8910102531,0.341312544,0.7571009416,0.9276697908,0.2905187566,0.5870994181,0.6942889951,0.1461128804,0.8591388058,0.3566687159,0.3183701278,0.1215622166,0.4104902936,0.9213729361,0.8074089655,0.6323668992,0.4020083668,0.5608783916,0.8644160906,0.1012036304,0.2721884555,0.448141177,0.3818110417,0.7327560141,0.3252721053,0.964914536,0.666993367,0.09603592406,0.5098057914,0.2189031806,0.7105445183,0.08529799845,0.671151246,0.8108013888,0.5719763043,0.94426921,0.951837891,0.5549639716,0.865056794,0.4641567633,0.567841609,0.7705214269,0.9809753554,0.1712373145,0.1597841456,0.4588914295,0.7372808487,0.428331149,0.6602080461,0.4682447747,0.8943773471,0.3411589266,0.9847682518,0.7946899127,0.06367791453,0.7055442957,0.9140144667,0.591169068,0.5227792438,0.7832162635,0.8506003572,0.2505528682,0.3846085045,0.1103920262,0.9121909014,0.9838579964,0.6538930824,0.3792591151,0.5365762019,0.4355430873,0.246283983,0.09200341664,0.1867242029,0.5395911426,0.0008959730412,0.9175031891,0.4263011335,0.7259939513,0.7527128417,0.9970530216,0.6541018527,0.9992728535,9.699016022e-05,0.4879029749,0.5249480772,9.718942585e-05,0.4865569911,0.5239624764,0.9999780852,0.5111546873,0.4864122489,7.572653764e-06,0.4581430277,0.5832640301,9.698892298e-05,0.5029297757,0.4843136703,0.999977944,0.4832801107,0.5325150161,0.999983944,0.548123295,0.4382580112,9.688280709e-05,0.4368940824,0.6117805445,9.684294724e-05,0.4985017879,0.4737781114,0.9999780606,0.4374845619,0.5799304049,9.774005465e-05,0.4771029724,0.5436229602,0.9999780482,0.5085112785,0.4866889905,0.9999781015,0.6041975445,0.389441619,9.670697574e-05,0.4418877479,0.643058723,0.0001020088431,0.5234498059,0.4277083891,0.9999781766,0.4304558124,0.6207197433,9.696752704e-05,0.4466228814,0.5329847013,0.963796148,0.4986111556,0.5184813847,9.7060213e-05,0.5085115204,0.4479731435,0.9999782695,0.4437663199,0.7152866837,0.9999845754,0.6292977085,0.3273297801,8.985359e-05,0.5653472495,0.5671642839,0.9999779849,0.5267029577,0.4474650276,8.994537784e-05,0.4691133612,0.6762589975,0.9999780805,0.7598502654,0.2242508257,9.703359611e-05,0.5703165201,0.3808719216,0.4200001736,0.4612951712,0.5082435385,0.9999779811,0.4287739723,0.5830854148,9.713711209e-05,0.3669420322,0.5939445558,9.89893717e-05,0.4554238403,0.4919692735,0.999978093,0.5948847823,0.4065281488,0.7618981564,0.490513459,0.5361188235,0.9999784976,0.3401235144,0.845142893,0.62520989,0.4863199322,0.4621231305,0.999984888,0.4531794977,0.6477320728,9.705427142e-05,0.4421834546,0.7295362313,9.693138054e-05,0.5826139668,0.5862301348,9.708777201e-05,0.6218740057,0.5060141966,0.0001057209473,0.738761823,0.2467228503,9.794132758e-05,0.352228073,0.552020955,9.699955233e-05,0.6165503086,0.3330093262,9.770480813e-05,0.3326911605,0.6327876286,0.999978128,0.6213465352,0.3465266342,9.69522921e-05,0.5333147014,0.4134814823,0.7622361567,0.422180705,0.5559686464,0.7175095754,0.4698876009,0.4656718433,9.729422502e-05,0.3659377204,0.5238374072,0.0003548607591,0.544931881,0.6346670399,0.9999782208,0.3764270919,0.7628324036,0.7606467073,0.568631472,0.5244574528,0.6373680301,0.3842772183,0.5906272368,0.9999851046,0.7426194586,0.2261291971,0.2937962042,0.5456636292,0.4100010425,8.99640203e-05,0.4511100139,0.4681344618,0.9999781072,0.6125134111,0.4026813074,0.9999854527,0.4614720925,0.670595753,0.4430018643,0.3993384142,0.553121827,0,0.3074702697,0.6415160416,0.8337992924,0.4515293196,0.474369105,9.58488128e-05,0.6492395245,0.302919663,9.708628115e-05,0.6139037161,0.5490778981,9.681305575e-05,0.4410527974,0.7268820924,9.922570381e-05,0.5516870446,0.4014805863,0.6571529214,0.4138812283,0.5979329595,9.689897119e-05,0.3440556876,0.5555530235,0.3292870427,0.618944849,0.468190397,0.9999773289,0.6333385017,0.3168837184,0.521493001,0.4168963779,0.5108783317,0.7003690262,0.5969783024,0.3778638075,0.6907444069,0.5229349867,0.5840591203,9.697119713e-05,0.3501830245,0.6063200849,0.606327244,0.4716433154,0.4353159987,9.700052869e-05,0.3850637452,0.5019436409,0.6932104873,0.4255509526,0.5350605162,9.673308048e-05,0.5692041642,0.6490261287,0.6275522626,0.5963306607,0.5070275194,0.2363306048,0.5862024137,0.3707176328,0.9999779317,0.6376781272,0.4336433196,9.708703571e-05,0.6021002871,0.4524533555,0.9246768118,0.3699121242,0.6271084351,0.5121974399,0.4515623161,0.4456965565,0.3215983872,0.3868168372,0.5613080163,0.5408477189,0.4263339714,0.5010038953,0.3902676319,0.5525746285,0.565796515,0.9999779857,0.6191657261,0.3598178223,9.966309473e-05,0.3042109256,0.6666989865,0.9999785376,0.4347423677,0.7025236065,9.702317395e-05,0.3496463691,0.574694369,9.709840118e-05,0.3985174176,0.4945383708,0.4254624024,0.4949024472,0.4195183422,0.7045347269,0.4177143006,0.5327505816,0.4650250518,0.4779494352,0.6088348,0.3956332208,0.591762687,0.5069012811,9.690112791e-05,0.3834491233,0.7526114382,0.2826134291,0.5887315839,0.376281969,0.7442710281,0.4557724085,0.4541585425,0.8675372164,0.6433875928,0.4221189404,9.702352258e-05,0.354195079,0.5385111095,0.5148866274,0.4307579379,0.4870756781,0.5536756672,0.3469211852,0.5903445594)
