mCurrentIter=100
mCounterStuck=0
mYPrev=-43.20651951
mParameters.n_iterations=100
mParameters.n_inner_iterations=1000
mParameters.n_init_samples=100
mParameters.n_iter_relearn=1
mParameters.init_method=1
mParameters.surr_name=sGaussianProcessML
mParameters.sigma_s=1
mParameters.noise=1
mParameters.alpha=1
mParameters.beta=1
mParameters.sc_type=SC_MTL
mParameters.l_type=L_EMPIRICAL
mParameters.l_all=0
mParameters.epsilon=0
mParameters.force_jump=20
mParameters.kernel.name=kMaternARD5
mParameters.kernel.hp_mean=[1](1)
mParameters.kernel.hp_std=[1](10)
mParameters.mean.name=mConst
mParameters.mean.coef_mean=[1](1)
mParameters.mean.coef_std=[1](1000)
mParameters.crit_name=cEI
mParameters.crit_params=[0]()
mY=[200](-3.167558075,-40.16398939,-30.87819943,-10.85915424,-18.12920175,2475.634979,58.97485144,-12.84362483,528.0970506,-29.47158153,-27.23771711,17.30731991,-1.118679745,-46.03323584,-11.75210793,-11.30173724,-19.24849,43.88110611,11.51872886,-11.7828743,6.788885165,-8.365317919,-42.61908231,-21.09853712,-50.06069983,-0.5783107324,-45.43657927,255.3840362,16.44287402,47.35049033,12.16949718,3209.022267,-43.04219872,-22.26548112,24.55695154,176.3703313,1144.479503,-34.08913403,-51.97273662,-25.71852417,996.2797845,65.40162529,-34.96011315,-10.49719826,2.82456152,-42.4198552,-3.314504163,57.0139287,25.42860838,-9.686476868,-4.98925556,-28.64655268,112.2521758,9.081703782,12.10726809,803.9860145,-31.82848861,1979.161227,30.74337957,-10.97064144,-11.65839096,781.2814895,-10.1955319,2.274453518,14.40777772,62.15435115,143.4162313,-15.61681397,306.8420349,-16.32037287,-15.54765982,-15.6482387,927.213538,19.64525764,2485.251118,27.39499514,22.34795046,-22.34645776,-12.6646497,13.32179402,-32.33021905,4.79784575,-21.18248543,-56.53122903,39.57265485,34.52163978,-30.81024776,-8.976646535,2626.897442,-7.184307187,-49.05871629,12.91643168,36.82990691,31.97468064,-22.78939403,48.60592355,7.143923648,22.09494636,19.89380033,182.5601238,-50.19879523,-35.12311018,-45.82813314,-31.63682744,-44.62235313,-41.56688854,-52.28359263,-47.43771259,-31.12888216,-40.81204265,-39.52319678,-42.9471896,-32.08401864,-45.92058263,-50.57290418,-23.97078074,-41.876111,-38.04646496,-43.8570975,-49.62590788,-29.47324148,-56.78725042,-37.88495187,-42.29698458,-46.29993705,-21.57902981,-48.21500659,-42.34298274,-36.67181478,-48.07538682,-50.80794393,-35.6482969,-39.84254733,-53.55881277,-33.42079127,-54.5209381,-43.24090782,-17.55949168,-29.58393865,-50.88464157,-40.2164939,-48.37518581,-45.06589347,-47.64732,-32.53426828,-40.84884625,-54.68630958,-52.35844879,-48.3767202,-29.18402829,-51.83105972,-16.5593009,-49.79649965,-31.74841561,-47.94575158,-47.66498332,-40.81976036,-40.60031039,-51.32473955,-46.78600167,-41.95198676,-34.84928898,-52.59413318,-42.35325644,-52.1486029,-52.39401121,-45.92361806,-45.44338176,-43.40135762,-56.14540489,-36.4120484,-53.67220503,-25.60171641,-48.33986884,-41.78677602,-28.61212158,-50.70925059,-40.84066136,-53.6283925,-30.95670009,-39.24423565,-45.51585921,-41.42354582,-30.45422512,-40.41670028,-56.81429577,-50.87020757,-22.2397769,-46.63378908,-44.12367901,-50.35869212,-21.66935815,-48.14682405,-50.44635922,-52.83849647,-55.62720024,-47.75534299,-48.8022203,-45.77081545,-43.20651951)
mX=[200,3](0.1962515717,0.8805918471,0.4673282889,0.3131446007,0.2848764363,0.4890875419,0.4175580605,0.518160011,0.6727488947,0.9981507605,0.1708461749,0.6916754962,0.1889909598,0.07907013224,0.5850108252,0.2664319614,0.115946942,0.09948295671,0.2739945807,0.2053143134,0.3586160386,0.1217654052,0.2675024812,0.8340091416,0.2396419832,0.8028926692,0.06188353684,0.2070389787,0.4190566793,0.366741628,0.08054449593,0.7430786454,0.4217161212,0.4521104304,0.4503947506,0.1941507495,0.4820904146,0.03859657998,0.8619329586,0.09935715197,0.2477749092,0.5151368253,0.3089079534,0.06337194338,0.7720416237,0.5352288767,0.7299557025,0.2060677505,0.6400179805,0.7599444556,0.5762763451,0.04308289365,0.3759358782,0.2786814834,0.4048674213,0.7347012013,0.1293061516,0.9444024243,0.3311090176,0.7935910257,0.2238219297,0.9016598127,0.5491363402,0.8617731085,0.02211026754,0.6880029622,0.7429248393,0.4817059326,0.3829244273,0.9602649498,0.3475741933,0.6249484447,0.1024441433,0.574217021,0.3953470237,0.7694634111,0.3005932005,0.8843072301,0.9332204216,0.4773064561,0.5082150583,0.8885915684,0.4646500685,0.1196101493,0.6998023645,0.05440865238,0.9697561134,0.4334151075,0.9740688001,0.2421187911,0.4427449245,0.9262896001,0.6184937175,0.8547656445,0.3889538572,0.003105833293,0.571002549,0.318517399,0.5694048477,0.3777710703,0.5553115769,0.7394613853,0.1664875886,0.9618290541,0.3047552261,0.2154768433,0.8585632674,0.08345657026,0.7999625715,0.2905894132,0.131331429,0.8075679923,0.3548571053,0.6073821953,0.03970604352,0.5298370124,0.4068480018,0.0520697566,0.5897334539,0.1738812405,0.1160087689,0.001901088445,0.2692309542,0.6097531539,0.1020124629,0.4741102649,0.9732804263,0.6560161404,0.2555496511,0.01645310524,0.09364263011,0.8553998201,0.9094045547,0.6027022099,0.8733050921,0.5263995808,0.6459127478,0.3141619905,0.06425435913,0.8400970724,0.2369810292,0.5105530883,0.5633152152,0.1540966202,0.6762252366,0.9907376249,0.5213050476,0.5092205722,0.8192038599,0.5907663507,0.2537114719,0.6268385697,0.8077716297,0.6660965802,0.6311426567,0.6427014903,0.5490445219,0.8297815414,0.1076844055,0.02687695385,0.01733420782,0.9296780088,0.7735222619,0.4249905302,0.9473368026,0.3583627519,0.4975851937,0.05169451911,0.4948408811,0.4472641237,0.7075485446,0.4676109538,0.5933721592,0.01301656258,0.8990691891,0.9455196686,0.8428636864,0.3810878496,0.2154053703,0.4429400871,0.8124333793,0.7612641597,0.6699810975,0.6167058172,0.7098967509,0.04221103911,0.07933594341,0.6613394787,0.7586035478,0.751796164,0.3998980134,0.8984909148,0.3231499141,0.9116361885,0.716202715,0.4232335076,0.3254911347,0.2878154378,0.5810908879,0.08773755258,0.4167731126,0.8299888107,0.7807634715,0.6376558162,0.6586332247,0.1849207476,0.2936379302,0.7058222357,0.2252193868,0.5386490937,0.363545369,0.4029171396,0.8145939583,0.2809115046,0.5307513823,0.1672722566,0.6257940095,0.8673524562,0.03767383754,0.5914905693,0.154512068,0.491018576,0.1596564476,0.1963297048,0.07835038759,0.3918979696,0.7979810564,0.9361168832,0.845563025,0.3678941519,0.3375129196,0.0009212383535,0.1634546252,0.7856547053,0.2420418166,0.7700975582,0.2281180244,0.9830087777,0.8342763785,0.1872123486,0.6336346137,0.2773256698,0.6552276535,0.9236235572,0.04106731315,0.901975251,0.7256280622,0.6724031432,0.1449660471,0.686357397,0.5064734674,0.4303171303,0.2967449323,0.8719211099,0.9584671112,0.8770312851,0.9842709269,0.2195069706,0.5534682721,0.6985090602,0.5571786375,0.7379818938,0.689273662,0.7626058176,0.3484495839,0.2599502623,0.02281299833,0.786890915,0.7179125376,0.742469186,0.5677124981,0.6160140299,0.3797615797,0.1333164062,0.129117678,0.4535699838,0.956446847,0.8925026577,0.9753706498,0.4786655053,0.9504114927,0.8268530755,0.3392345827,0.547909542,0.7233130275,0.8347267927,0.9363489517,0.9931080813,0.7121990089,0.439047428,0.9146942403,0.1464815912,0.2361703825,0.3431112939,0.9154217007,0.1403235104,0.9878595939,0.1719498603,0.1308879916,0.3211432112,9.699255197e-05,0.5151265488,0.5121982843,0.3685303058,0.6747889047,0.2421245348,9.706591914e-05,0.5106075479,0.4938617488,0.4105623069,0.6789963077,0.2390176226,9.697615692e-05,0.4926395827,0.5761423551,0.9999780032,0.533589704,0.4749397921,0,0.4839947894,0.458661845,9.690470943e-05,0.49043554,0.5751243449,0.4505643249,0.6845350165,0.2352269305,0.9999781796,0.5229062638,0.5309408462,0.4668725346,0.6943562082,0.2286125505,0.0001031704151,0.6313676757,0.2924318248,0.8188948226,0.6946404502,0.2288349443,0.999987907,0.6210850688,0.3060455521,9.702468556e-05,0.4819263768,0.4509992281,9.912348733e-05,0.7180317758,0.220868096,0.9999664031,0.5163466547,0.4359451401,9.685905328e-05,0.4571853102,0.6194083522,9.295997239e-05,0.5982980825,0.3318695624,9.696594516e-05,0.5148197619,0.5139354843,0.9999813334,0.6957748177,0.2277845038,9.686467438e-05,0.4747204378,0.4308617925,0.9999852552,0.5097176057,0.5619854881,0.9999779792,0.5912349631,0.3509526054,9.717205888e-05,0.59724566,0.488692815,9.442902656e-05,0.7209109353,0.2184940562,9.829003707e-05,0.5845449083,0.339537343,0.8998788343,0.463201269,0.454971744,9.686815668e-05,0.3224435207,0.6931112011,9.694825275e-05,0.4222023702,0.5416860017,9.698488611e-05,0.4904803072,0.4097049989,9.692456208e-05,0.5381634112,0.6145003354,0.973048168,0.6359691505,0.4715429177,9.706764349e-05,0.4362019032,0.4774618139,9.038394095e-05,0.6443140222,0.2669808682,9.700165437e-05,0.5491521376,0.3732365299,0.9999779847,0.5529558347,0.385846474,0.9999780919,0.351887049,0.7388575261,0.9999779941,0.5132271682,0.5838769648,9.089207026e-05,0.4579649647,0.4408176802,9.006016411e-05,0.6031105431,0.5227808999,0.6995440891,0.4336311432,0.4964783195,9.800664386e-05,0.3318453254,0.6257223819,9.697536812e-05,0.4004016925,0.5417208438,0.91368166,0.7008202914,0.2204448472,0.3112402319,0.6244578761,0.2775029108,0.5507331575,0.4672929641,0.4240827315,9.702288257e-05,0.5569785229,0.3642011433,0.2829713626,0.6134612451,0.4549242064,9.954833185e-05,0.3220809139,0.7237925491,9.707148622e-05,0.4292743381,0.472179203,0.7845909471,0.7088985827,0.2152568661,0.8412201468,0.6012432107,0.3055314247,0.9999780042,0.4852031501,0.6490299058,9.710972582e-05,0.5064212003,0.3970343435,0.6895977007,0.4419017304,0.5222511112,5.41004858e-05,0.5791586369,0.5800220318,0.8536747825,0.4837204326,0.4131597569,0.0001231750416,0.3738212115,0.5578835271,0.5459238551,0.6117217146,0.4992890969,0.3435474387,0.5791937671,0.3318696907,9.085106387e-05,0.4897750248,0.651110829,0.4459821221,0.4360047021,0.4736622165,9.676048374e-05,0.6004588905,0.4410479783,9.698970925e-05,0.4213830904,0.5125263611,6.643606398e-05,0.4477921869,0.4243001527,0.9008121006,0.6374805208,0.398494874,0.0001046423439,0.3119612099,0.6117067661,0.7714670822,0.4472242784,0.5536619919,0.4417008329,0.5525863956,0.3552296008,9.728812646e-05,0.593710064,0.5414076692,0.6513418415,0.4421713196,0.4517932802,9.393668102e-05,0.7319283986,0.2083048363,9.709286706e-05,0.5307729259,0.3763458045,0.4623246163,0.5940983974,0.4586621329,0.7980198805,0.6989012749,0.2167310947,9.720397022e-05,0.4154914072,0.4985397494,0.7577790376,0.6259937335,0.2653582637,0.6057076124,0.4751972406,0.4040579153,0.9745642872,0.5138810202,0.6079784176,9.689178702e-05,0.3177925667,0.6679888163,0.6891020186,0.4328335648,0.4967260359,9.010325342e-05,0.610557853,0.302701514,9.702900531e-05,0.5846406217,0.6417295569,0.783321552,0.5546470521,0.3531869377,9.69487681e-05,0.4539783608,0.4274102691,9.698831757e-05,0.3650188064,0.5740622437,0.9999779169,0.4030519615,0.6948385388,9.698518247e-05,0.5926936652,0.4217770361,0.6109946009,0.5876235739,0.5222223211,0.4945335425,0.4417902807,0.4392367215,7.717087003e-05,0.3666105862,0.7684161896,9.685584176e-05,0.4081850265,0.5363517774,9.015546871e-05,0.5310696804,0.3690570473,9.899081166e-05,0.4397051494,0.4698994034,0.578713951,0.4912438845,0.3992079287,0.589894056,0.4107848182,0.5637580109,9.709879917e-05,0.583026354,0.4735449513,9.049527657e-05,0.3510758613,0.6055206855,7.173967303e-05,0.5673080197,0.5701110617)
