mCurrentIter=100
mCounterStuck=1
mYPrev=-44.96490836
mParameters.n_iterations=100
mParameters.n_inner_iterations=1000
mParameters.n_init_samples=100
mParameters.n_iter_relearn=1
mParameters.init_method=1
mParameters.surr_name=sGaussianProcessML
mParameters.sigma_s=1
mParameters.noise=1
mParameters.alpha=1
mParameters.beta=1
mParameters.sc_type=SC_MTL
mParameters.l_type=L_EMPIRICAL
mParameters.l_all=0
mParameters.epsilon=0
mParameters.force_jump=20
mParameters.kernel.name=kMaternARD5
mParameters.kernel.hp_mean=[1](1)
mParameters.kernel.hp_std=[1](10)
mParameters.mean.name=mConst
mParameters.mean.coef_mean=[1](1)
mParameters.mean.coef_std=[1](1000)
mParameters.crit_name=cEI
mParameters.crit_params=[0]()
mY=[200](322.7975173,13.14075754,54.97817389,702.6135072,-23.1453619,354.078732,-44.74346625,-13.29789527,-20.89748878,369.1385259,-22.09182674,-18.28833048,938.8417938,40.48435642,8.969418114,602.3502663,-35.85340957,-36.09028512,-57.39216919,197.214874,18.47255766,-1.168360607,50.77609671,3048.960483,0.8683232426,17.25291168,-24.01297427,5.724838903,44.78659169,4.325403283,3183.391083,256.930178,47.89388769,-7.917869068,9.877143113,-14.55117558,-47.79050301,1568.348574,17.75679828,35.16751902,-0.949941688,-0.7933533592,23.52288368,-4.349573961,-24.35229792,2525.932707,145.0608171,0.145231568,206.7860006,9.472115117,-13.19747254,616.6064351,21.52380301,9.526527313,-8.270477935,-14.84608518,15.0716341,7.076203973,143.5665397,-4.489391727,28.49578731,35.94535273,-15.82789701,154.4492714,-45.25978323,-22.42882771,16.35765801,28.53355389,1320.438017,-40.56882415,623.9651835,9.153281726,-9.216009732,30.31813676,222.7117696,-12.71534911,-22.38235273,-30.83288158,656.4891152,-45.12338846,46.19517931,12.37156823,-5.587049881,0.9252560947,3.322241686,152.2638459,219.29341,343.5814839,17.17849435,11.410751,3.333154373,1212.399137,-49.51877673,-34.09292326,-47.3133209,46.71361729,-23.02043727,9.968096478,-13.01522131,1751.262477,-50.07516285,-35.32184366,-39.95546488,-52.93055784,-34.69159189,-42.60593406,2.284191967,-46.82432019,-36.56709892,-49.681802,-34.8560738,-4.066456777,-44.39623154,-42.82627464,-30.26902657,-22.66074521,-51.9896227,-39.44894776,-31.01763379,-47.18930481,-38.05979461,-47.91210152,-39.24032622,0.6592850196,-35.32800808,-36.46092889,-47.11834347,-30.02695502,-47.06179941,-46.89241334,-28.75351194,-41.63912302,-30.64082974,-43.82058874,-42.98316585,4.508610237,-46.4408803,-33.37524511,-54.61879043,-42.02337392,-47.29824786,-35.81715534,-48.74815561,-50.70749948,-26.43362378,-53.30671992,-39.8358098,-42.91224238,-24.85510012,-29.47916704,-36.16659742,-49.28798484,-44.64353571,-46.01842632,-50.72737844,-38.30482371,-52.28066142,-45.99674867,-46.28121802,-33.85703966,-19.35187604,-50.24851697,-47.3299652,-45.44563571,-46.4329147,-38.67199452,-41.78204478,-47.4553037,-40.51508484,-18.30724978,-45.39672951,-39.78818911,-43.31129164,-52.85667095,-41.22886218,-19.86599453,-52.43387498,-51.72973828,-40.08239396,-51.45988591,-47.5166178,-50.0543208,-17.70702739,-50.4939969,-39.85589217,-28.21790998,-54.06295316,-37.11926188,-40.70206808,-49.94924458,-45.7626182,-47.1788427,-41.92595021,-53.74343202,-56.25099209,-48.04722577,-39.19351259,-42.84530414,-44.99031788,-44.96490836)
mX=[200,3](0.2223467313,0.3861497624,0.1259990828,0.3101665057,0.4033885575,0.9322608593,0.7341484884,0.9684180735,0.9834014494,0.5345732483,0.1012297323,0.2436854601,0.7922502363,0.2219814709,0.6359127313,0.1930002484,0.047290575,0.3312444075,0.6508580106,0.5488805322,0.305000674,0.1273884743,0.7138867736,0.6276903475,0.4197081695,0.605979956,0.6871007811,0.1457346352,0.001973415916,0.3500439542,0.1602233775,0.2762610079,0.7689405257,0.7292426741,0.188273896,0.5856720003,0.2747115159,0.0746475005,0.2051642425,0.8225239483,0.8251297898,0.1667039163,0.09600944626,0.6699667541,0.1539396307,0.06480809588,0.9012670934,0.06293150146,0.7167167964,0.638771552,0.4781238604,0.9712572268,0.4227990831,0.5770304056,0.2032487779,0.2959341394,0.4316219494,0.932456517,0.06385379142,0.3958765295,0.2151074251,0.145749823,0.4131974021,0.2558471691,0.8185576802,0.5258364391,0.6337319796,0.9101674022,0.9986613563,0.6742850981,0.6887777896,0.005831090591,0.5067642424,0.6565714147,0.8089465974,0.4601393231,0.4403781187,0.9454190806,0.3387459899,0.7450137912,0.4296780624,0.5969503119,0.8430465066,0.6661108135,0.7505647316,0.7339299085,0.09805213586,0.6006404179,0.8529638062,0.6437896081,0.7851843879,0.05826215338,0.01476137202,0.1749153243,0.1512544,0.285411196,0.3579575715,0.9991339941,0.8330824344,0.8157855003,0.7034402358,0.7183380483,0.2451270968,0.2544397952,0.91982059,0.3914916793,0.2867759361,0.3675440035,0.2613133425,0.470980961,0.5420825149,0.4450394988,0.1207368382,0.10499147,0.3824509669,0.2653912631,0.9570358617,0.4739013774,0.9344410822,0.2936146447,0.1580431499,0.4592450677,0.8497212472,0.4830247022,0.4959885494,0.8512630114,0.1100503052,0.5632691885,0.1906366143,0.6143383334,0.5841487645,0.8184872466,0.4208207848,0.1353820835,0.6592269852,0.5628515446,0.1126555956,0.03626755329,0.3686041181,0.3289732213,0.2282934562,0.3427439986,0.7516714241,0.7384362886,0.4032885366,0.3779200376,0.1863568021,0.9157095232,0.3044926861,0.4096709385,0.5744074069,0.6160692335,0.7528065401,0.298311056,0.08283008781,0.2592263583,0.4577059656,0.2356288579,0.9765529448,0.01905195654,0.8672341578,0.5679711416,0.1856177721,0.03879511371,0.6159029311,0.8096063346,0.809912988,0.389696819,0.3039412311,0.8977692766,0.6072332012,0.08927217879,0.5013379963,0.8865028649,0.8326274063,0.8877953736,0.1194631646,0.9593179969,0.5312671689,0.8233864006,0.6439833585,0.6966544368,0.9645244944,0.02013440695,0.5227364935,0.2186808128,0.742797214,0.2159286851,0.7417274595,0.04008435108,0.2401087315,0.2691632793,0.9076269275,0.5755901669,0.4470308684,0.9886981561,0.316957199,0.5035855526,0.002644160618,0.7907547517,0.7975779556,0.4948151083,0.7795225535,0.9079163502,0.6691448155,0.766057339,0.02613348561,0.0756935884,0.6404433407,0.3219381944,0.8502954073,0.9493803226,0.07822294255,0.03626475873,0.9246840734,0.4900225056,0.9983268283,0.09574857149,0.785957741,0.887307633,0.9835156488,0.6797822156,0.7651158443,0.2080978201,0.2799446476,0.6893719724,0.7899224555,0.5173871474,0.8715865685,0.4144066398,0.7271022081,0.7092931231,0.3943624116,0.6938805603,0.283512411,0.8366060872,0.05057046207,0.5586718071,0.3328950224,0.5955843504,0.9429727668,0.3485316232,0.3170173749,0.8982298764,0.8798867347,0.2371090216,0.1065926301,0.6270527964,0.7721415933,0.05572790927,0.1604120572,0.8698802328,0.7754664087,0.4624069477,0.8761527239,0.3796350545,0.9748929138,0.1755670764,0.9237297493,0.1753688332,0.3434669034,0.9690679466,0.5150709168,0.08888803486,0.130754951,0.9522817653,0.5590901927,0.4339740908,0.5975697918,0.8937337962,0.6289845799,0.198396044,0.4635438974,0.8444124791,0.3585187097,0.04799991295,0.2329902119,0.4308189248,0.4513394916,0.5412132099,0.6707989453,0.4811099131,0.6913852758,0.4877043646,0.3730116185,0.5838832231,0.5560890466,0.1469067786,0.5136606666,0.722639865,0.5365683194,0.3207051639,0.3645797336,0.9238239644,0.5239288671,0.01304391627,0.7068253616,0.8667485402,0.02212167096,0.1315243957,9.800007691e-05,0.4349222243,0.5298135667,9.051307954e-05,0.6841891285,0.3821875048,9.698304578e-05,0.4498684384,0.6268514268,9.053902067e-05,0.4848785153,0.4912705432,0.9999781038,0.5053916014,0.6074116935,9.051248052e-05,0.597257807,0.4257942781,0.2130609059,0.8220282875,0.2329619709,9.690208353e-05,0.4520440713,0.5679712559,9.888947652e-05,0.4270123618,0.6620437211,9.688385982e-05,0.4759848001,0.4986931171,0.9999780462,0.4959762037,0.5362582541,0.0001043850469,0.8351867402,0.2352176862,9.686740692e-05,0.5835336138,0.4321790098,9.692606624e-05,0.4651629603,0.5899002754,0.9999781058,0.465055554,0.6434600856,9.650954794e-05,0.7313569503,0.3412527029,9.051375359e-05,0.4890018548,0.4922090144,0.9999780327,0.6172498372,0.4221780625,9.974857499e-05,0.4082655441,0.6838263762,9.712654745e-05,0.4521705929,0.5517945383,0.9999780195,0.5075596932,0.4999891751,9.05458228e-05,0.554351799,0.4489663903,9.705571286e-05,0.4709129688,0.6103245505,0.7457862236,0.811603096,0.2320150179,9.690871425e-05,0.6168559499,0.4010256922,0.9999780129,0.5292697693,0.5823924788,9.759728054e-05,0.4908744973,0.4947308059,0.9999780801,0.7179257615,0.3537184811,0.8996107853,0.5536007065,0.4556773245,9.698583345e-05,0.455154808,0.538629338,0.9999779826,0.4442732719,0.6581313432,0.0001048861786,0.5469313477,0.4534090358,9.709449588e-05,0.3904863579,0.7079189838,0.8318461658,0.4914062412,0.5237821099,9.718547442e-05,0.468117863,0.6170131588,9.060308168e-05,0.8184679304,0.2264335309,0.7513076121,0.6031667878,0.413915829,8.976160838e-05,0.6320286694,0.3828735787,0.5773811863,0.5172436588,0.4737942983,0.6282624445,0.5202826832,0.5736861594,9.688638162e-05,0.5224471147,0.4755809406,9.705839971e-05,0.4462776133,0.6504425623,9.692386134e-05,0.478085341,0.5467860368,0.7646319886,0.5580993682,0.4430210326,0.9999691956,0.4361486759,0.6656890296,0.6577682779,0.4916841581,0.505211573,9.026225686e-05,0.5509457844,0.440276774,0.6359858651,0.5243413719,0.5853958874,9.714077639e-05,0.3737580008,0.7395891787,0.285691092,0.7302687072,0.3100020184,0.8671982731,0.629231756,0.3927289871,0.5567459768,0.4975390032,0.4968550168,9.715452979e-05,0.4865942678,0.578160749,9.716273231e-05,0.5122855218,0.5085974151,9.702906649e-05,0.5773145562,0.4089294748,0.6936772462,0.4940864916,0.6199128279,0.6853598216,0.5365692919,0.4546088461,0.773800704,0.5033162425,0.5395471342,9.701087684e-05,0.5318495465,0.4668581753,9.71699783e-05,0.440817534,0.6591758651,0.9999782423,0.4107236966,0.722430464,0.6194222111,0.5784708622,0.4128255459,0.7212951961,0.5190214194,0.4704622241,0.2103585482,0.6474285406,0.3629752002,0.0001050189695,0.3128154687,0.5420430018,9.703858412e-05,0.5358865579,0.5609659128,9.70432709e-05,0.5369984499,0.4416401479,0.5802022214,0.4850825742,0.5202035084,9.699864248e-05,0.3953048773,0.6093593038,0.937351953,0.7336792483,0.2964400197,0.7381038504,0.6111086723,0.3931887568,0.7684803317,0.5326150253,0.5805552398,9.69233542e-05,0.5436978275,0.5058824745,0.6385976793,0.5274972492,0.4512889426,9.023878762e-05,0.6420746622,0.3611288915,9.964194888e-05,0.7320605685,0.2760860283,0.5012883894,0.3483050887,0.5377581345,0.5316538819,0.4892244599,0.4810160637,0.6986021161,0.4634016399,0.6304192398,0.3776631125,0.5551299441,0.4190477637,0.5215951085,0.5330479226,0.5434671487,9.718783011e-05,0.4833628926,0.475109739,9.001304947e-05,0.3542953611,0.7795047982,0.4768476965,0.5546967192,0.4206098023,9.709046961e-05,0.5210237177,0.5864323127,0.1315327546,0.4303820382,0.6959439708,0.6423164848,0.5048616305,0.486807231,0.8576911436,0.6575777792,0.361461178,0.3112794183,0.5371412645,0.5213370356,9.710795624e-05,0.56220044,0.4104770512,0.4486619107,0.3344461107,0.5596625601,0.2050120207,0.5235890603,0.4514790606,0.6325468472,0.4514825306,0.6241806193,0.7594631461,0.5486659687,0.4347772357,0.01224271339,0.3783381218,0.5060697437,0.6078859881,0.4842468811,0.4790422509,9.69856583e-05,0.3463893697,0.5956757601,9.702316911e-05,0.5520133333,0.5275791756,0.3283108416,0.5849728662,0.3915954762,0.7253153939,0.5178857989,0.5556279658)
