mCurrentIter=100
mCounterStuck=0
mYPrev=-34.64592998
mParameters.n_iterations=100
mParameters.n_inner_iterations=1000
mParameters.n_init_samples=100
mParameters.n_iter_relearn=1
mParameters.init_method=1
mParameters.surr_name=sGaussianProcessML
mParameters.sigma_s=1
mParameters.noise=1
mParameters.alpha=1
mParameters.beta=1
mParameters.sc_type=SC_MTL
mParameters.l_type=L_EMPIRICAL
mParameters.l_all=0
mParameters.epsilon=0
mParameters.force_jump=20
mParameters.kernel.name=kMaternARD5
mParameters.kernel.hp_mean=[1](1)
mParameters.kernel.hp_std=[1](10)
mParameters.mean.name=mConst
mParameters.mean.coef_mean=[1](1)
mParameters.mean.coef_std=[1](1000)
mParameters.crit_name=cEI
mParameters.crit_params=[0]()
mY=[200](3725.410636,1055.925794,2886.78422,697.5640791,624.323789,52.28970855,6.785009054,13.59492426,-40.88058608,1.179607851,185.6149571,-12.27371905,-1.421792548,18.71949051,30.47183174,21.16965785,-21.48186669,103.1054629,293.5323002,193.2344845,-13.94646899,-6.625278767,-5.405449294,7.591688715,-29.39773276,29.95726634,-31.96072259,27.72486319,30.96540088,354.6151937,-20.52453833,1709.122134,22.88682681,542.2301773,-11.78896734,100.4012562,14.90852932,-31.72241882,-28.06943723,-1.182641393,49.01479855,2544.914018,-8.558318654,-45.34703356,30.31686011,14.67718152,17.45057868,53.80001719,800.5546285,-15.43587886,-35.85477922,-7.931935605,5.654438774,31.10449894,-40.53069558,6.36835857,-27.71675968,17.30896317,323.0475268,22.87631288,20.11753125,-18.04229921,4.993389858,15.72060587,-14.48163668,156.9573892,-5.651254122,2256.423635,-36.40930582,3.547461373,-10.18301912,10.64243124,49.48196205,3278.206846,-37.0345299,6.232358332,1472.419785,-17.12369811,-22.55367644,18.73386233,167.63991,44.03845057,-14.00597103,32.38613403,17.03629638,15.87439144,2.744324015,38.69929743,29.18640413,41.56103909,23.92235547,-29.14346286,28.76436489,4.346955462,18.74905346,-35.9098135,-8.772157637,161.6840602,1.308358781,26.49431788,-36.42840084,-41.58659729,-43.0081177,-34.45027211,-29.28776878,-35.22328935,-25.23667794,-37.68942775,-38.23830059,-26.54984543,-34.63038675,-36.41726031,-38.72208299,-28.03731573,-34.32614579,-42.97060544,-36.78183253,-38.65945337,-30.85039655,-16.12576796,-29.49559043,-32.23273984,-25.57627061,-40.20618912,-38.09299871,-32.82797304,-25.77677068,-31.71981857,-35.86844869,-27.46320869,-36.81323994,-33.48738599,-42.89981954,-30.88276666,-30.8242578,-39.48798846,-42.98814859,-37.61758793,-33.98823043,-33.87347776,-19.17392817,-3.671562236,-25.8105374,-44.77329992,-40.51617641,-36.76009225,-18.95443188,-36.223017,-38.22114691,-25.65066635,-34.89175782,-34.45864826,-32.39500078,-26.87299954,-43.78806465,-32.13661966,-30.63444745,-39.84126908,-20.06818047,-35.35503693,-38.61067499,-29.71120931,-41.42924365,-42.32711531,-23.28210397,-29.13379505,-38.84205676,-41.99779998,-19.70110242,-37.89445996,-36.74205524,-44.76653296,-36.6646234,-38.12172464,-32.90013326,-31.86873434,-34.98471022,-30.67548095,-42.09203744,-38.85684834,-15.51630368,-19.49740713,-33.16991091,-32.50955311,-26.58039921,-45.50281475,-33.5208103,-31.37236408,-49.03138071,0.3710637706,-41.10463265,-19.84830111,-41.37352653,-42.14341348,-26.93073161,-30.25346146,-24.04681618,-35.03186092,-43.72704719,-34.64592998)
mX=[200,3](0.6188572554,0.0793477798,0.0009291954129,0.6502737482,0.5675552976,0.02360121279,0.27581163,0.05508441506,0.05393394904,0.8571900195,0.03655698907,0.2658818336,0.9705510499,0.1764771484,0.2232168053,0.574476944,0.1829882509,0.3809031084,0.1475971387,0.3146032275,0.3041474085,0.3878787711,0.8410412384,0.6918374676,0.08133296261,0.4464196683,0.4014635423,0.1313074711,0.2318844351,0.3595620892,0.005920319837,0.5581293451,0.07997463671,0.6878792175,0.733232167,0.1954960758,0.2134641863,0.7999802594,0.5396357899,0.3792073333,0.8806855772,0.6460555886,0.8743385711,0.9737171801,0.4282138496,0.7957946353,0.7060854526,0.8758036487,0.5956031062,0.6250505013,0.6277838147,0.4672742248,0.1986562594,0.3137019043,0.9487017663,0.3393997681,0.1691825573,0.5660905647,0.2181753219,0.2588248818,0.7551107067,0.02553210518,0.7137781093,0.9511758309,0.2290849645,0.7922256859,0.07563364532,0.3479105939,0.2732191507,0.06529801351,0.7877721809,0.6758419414,0.3266881327,0.6549526554,0.3720535456,0.299533827,0.008471024656,0.9924148391,0.4940652442,0.5969001292,0.5089932006,0.9333731399,0.7788590003,0.8834453055,0.3355414114,0.868957894,0.8059062575,0.01395314693,0.3299243255,0.1553644307,0.4583879327,0.1625890254,0.6834179419,0.6371146153,0.2505031611,0.06746791689,0.3022784761,0.7428529853,0.8260355302,0.3636104867,0.5135217789,0.04429489777,0.3986809794,0.01559388981,0.6178922781,0.9069830439,0.8976022255,0.1403287989,0.661257183,0.6808721715,0.8433935903,0.7347402006,0.6687150032,0.4539202447,0.43775084,0.3966869962,0.6606350854,0.1947894765,0.6901760889,0.7097158103,0.4018509661,0.4026063211,0.2012106133,0.2498324192,0.04018969226,0.1021881029,0.8988166306,0.4963400024,0.2342255443,0.2370643837,0.4122372731,0.4835871647,0.6467012738,0.2028164389,0.4174933677,0.9124606251,0.5362671665,0.8929518139,0.1760074283,0.7248488502,0.8159560256,0.966795336,0.9217672339,0.9866948283,0.4243933639,0.6032585048,0.03702636247,0.02544901226,0.7589545291,0.3943079544,0.1553005756,0.2949423348,0.4613585864,0.927824884,0.354295556,0.3448542785,0.4479683966,0.6451877365,0.7843188543,0.1147197577,0.6130969431,0.935023192,0.8035123771,0.543265306,0.4412456178,0.0983187074,0.8541660834,0.2994548721,0.5848856939,0.5853302813,0.5858185324,0.8271614428,0.7644910602,0.1338794733,0.5253828394,0.270671378,0.1774003864,0.5480605882,0.09098376271,0.4789434636,0.1883272076,0.08367357465,0.9421375768,0.6750061272,0.3047149021,0.725719943,0.5570514616,0.3792450708,0.2496758569,0.7440169452,0.9006745361,0.3615008715,0.5326085344,0.3615623737,0.7599872015,0.036004376,0.1347588482,0.326018305,0.8479604733,0.1472702308,0.5430019444,0.8656437083,0.06179520126,0.1209715594,0.6078581144,0.4265897612,0.5946160533,0.7188933933,0.8182499789,0.5754157558,0.04546201129,0.1075634464,0.7796708162,0.819779452,0.8735208029,0.5166128996,0.107108523,0.9911707898,0.2811997443,0.1615030133,0.1136575929,0.0108226296,0.510391077,0.2669806781,0.5518033672,0.7219420963,0.5212054362,0.8530279079,0.9813707556,0.2832431847,0.08389518773,0.4720914529,0.7183310109,0.4345423116,0.7775416423,0.6399348279,0.6085113518,0.4839747195,0.9131120667,0.4959851019,0.2864019639,0.9593395721,0.1182486775,0.8362708065,0.9350847186,0.8699458578,0.5060251131,0.4874694066,0.7482060591,0.6996114933,0.9635544237,0.6347900352,0.6241701815,0.1226061698,0.9278084652,0.9976834648,0.8263934714,0.1851340959,0.2501862585,0.5051615548,0.2160578139,0.05001331592,0.8048676705,0.9042445879,0.7655744698,0.9427464361,0.5677650482,0.7884373511,0.9859220807,0.7385930065,0.4174561714,0.155701755,0.9619209326,0.7011830363,0.4500142758,0.6580483097,0.2265087045,0.2418198649,0.9797822095,0.8892674608,0.8381547438,0.3353251462,0.3482214735,0.474151666,0.9190733236,0.2063587077,0.5753019947,0.5235161719,0.3195278751,0.4643733443,0.7688270724,0.1279179126,0.6755471103,0.09050307402,0.2631733506,0.3857113458,0.8326542944,0.3589652825,0.4355698145,0.9530782458,0.2989700795,0.5385541277,0.3019726583,0.3727516031,0.531437021,0.3040246127,0.3754576179,0.523672147,0.3062408301,0.4143210775,0.505795632,0.3139273761,0.3820164752,0.4730198566,0.3306697225,0.9514304615,0.6017305598,0.2864369992,8.98549258e-05,0.6139820218,0.2683548133,0.7366136813,0.4408604483,0.3620228233,9.704776789e-05,0.4646110909,0.3314784668,0.9999780103,0.4135648417,0.4178350308,0.006003337422,0.6171594071,0.2668418335,9.699161703e-05,0.4438910071,0.3474178607,9.684595472e-05,0.3313632344,0.5714509453,0.9999780957,0.3863937377,0.5097427453,0.9999815179,0.5488361606,0.2988100905,9.788200073e-05,0.4050520327,0.3979124198,0.7507040742,0.4835017262,0.3132148351,9.706395074e-05,0.3900190605,0.4714882999,9.691907455e-05,0.2732346789,0.629391211,8.645123873e-05,0.6247327253,0.2639958056,9.658943295e-05,0.4858015764,0.3046771507,0.9999772195,0.4555845255,0.3439620322,0.9999781313,0.2989980274,0.6082795249,0,0.4319027592,0.543478444,9.710102315e-05,0.4062610727,0.3791727152,0.9999781465,0.3924173604,0.4812689631,0.6237595695,0.6501404091,0.2699112902,0.4672716307,0.4750778657,0.3057511198,0,0.3185027393,0.5260098499,9.687446778e-05,0.2708961029,0.6654974373,0.4776428725,0.3917438775,0.3972552883,0.9999781951,0.445218891,0.5576776419,9.701216172e-05,0.5234891631,0.4601868471,9.678547364e-05,0.4827142382,0.6056509984,0.9999747401,0.650751864,0.2837263561,0.9999837523,0.5587380108,0.3906800291,0.0001012427434,0.5181999608,0.287215297,9.730004138e-05,0.3756284519,0.4280472352,0.5427686521,0.4562238758,0.3167399037,0.9999779903,0.5249998656,0.5093293531,0.9999780736,0.269885898,0.6342010637,9.713600642e-05,0.2483805345,0.8192837017,9.791481072e-05,0.6676702857,0.2594133921,0.5667673716,0.4615709778,0.3145557324,8.774316861e-05,0.3249410311,0.5322332753,0.794711036,0.3691971639,0.4403933697,9.859446417e-05,0.5018705754,0.2942825193,9.686769971e-05,0.5084160868,0.5211771212,9.706452373e-05,0.5518525954,0.4095777721,8.971001251e-05,0.4566197593,0.6445981604,0.8972206349,0.349271114,0.5452013099,0.4226793874,0.4068943558,0.3641496247,0.9999872494,0.6497134762,0.2863460796,0.9999846672,0.632211457,0.5167107956,0.1482128885,0.4368058266,0.4923754494,9.697641163e-05,0.2434184337,0.5996032097,0.9999773935,0.6210496531,0.3693091141,0.5646132785,0.5326991437,0.2785443955,0.9999803592,0.562421788,0.6793036504,0.4980937107,0.4166337094,0.3544118916,0.7208025027,0.4062548651,0.5682586796,9.667329181e-05,0.6214701352,0.5482146624,0.3077845687,0.34214626,0.4714353673,0.6154190245,0.4850442607,0.4506402154,9.70716967e-05,0.2727682272,0.7013633741,0.0001009031131,0.5374910231,0.2800118954,9.728485273e-05,0.4204928089,0.5724919342,9.852964239e-05,0.4161673682,0.358165837,0.9999741145,0.2824125049,0.6691516552,9.69219533e-05,0.5794396131,0.3962623792,0.5874280801,0.326463414,0.5079961094,0.5190427266,0.4837760244,0.4746828946,0.7560972678,0.4991180218,0.2949923044,9.702870603e-05,0.3670242803,0.4254481267,0.9999779924,0.4937898583,0.5753437746,0.6442967516,0.4412168591,0.3299818159,9.709831618e-05,0.3589141735,0.598058851,9.698096568e-05,0.6242043345,0.4803793424,0.2699494968,0.4549293694,0.5199844531,0.7608710251,0.4001552143,0.4127639055,0.22338521,0.6980039716,0.2660033693,9.690313853e-05,0.538611864,0.6505028316,0.0001060155951,0.256374151,0.5565067279,0.2155347599,0.6160480412,0.3483190668,0.0001023616126,0.4549339061,0.3169891794,0.4005152334,0.4410426922,0.5198588915,0.9999782334,0.6238483375,0.4591633294,0.7874567448,0.3230232621,0.5803665998,0.487139802,0.4843086979,0.4296735907,0.999978011,0.2644038422,0.8388868596,9.794960666e-05,0.3328033397,0.4655840867,9.723862227e-05,0.2433191801,0.7218863374,0.7764311455,0.3925291103,0.3901390961,9.725188723e-05,0.4917151738,0.4636922415,0.9382606052,0.6412755924,0.5520894592,0.9999773603,0.6781738643,0.3386544621,0.9999851987,0.4087952741,0.6701022989,0.8174100964,0.3368203697,0.4897742202,0.6960959639,0.519858171,0.4037524871,8.998130008e-05,0.5013939489,0.5576072812)
