mCurrentIter=100
mCounterStuck=0
mYPrev=-26.44359338
mParameters.n_iterations=100
mParameters.n_inner_iterations=1000
mParameters.n_init_samples=100
mParameters.n_iter_relearn=1
mParameters.init_method=1
mParameters.surr_name=sGaussianProcessML
mParameters.sigma_s=1
mParameters.noise=1
mParameters.alpha=1
mParameters.beta=1
mParameters.sc_type=SC_MTL
mParameters.l_type=L_EMPIRICAL
mParameters.l_all=0
mParameters.epsilon=0
mParameters.force_jump=20
mParameters.kernel.name=kMaternARD5
mParameters.kernel.hp_mean=[1](1)
mParameters.kernel.hp_std=[1](10)
mParameters.mean.name=mConst
mParameters.mean.coef_mean=[1](1)
mParameters.mean.coef_std=[1](1000)
mParameters.crit_name=cEI
mParameters.crit_params=[0]()
mY=[200](-2.148894357,92.63084912,9.380549553,88.64804695,27.18841621,48.87677459,37.56334125,21.42039383,31.10465295,137.6333473,11.82154968,48.242758,-24.54487818,261.582041,26.96731059,3023.781063,102.1550064,17.7875241,19.98874857,34.66760749,32.8590882,2603.956572,33.85514538,38.7451573,-0.5687741684,-13.59055601,43.94902857,46.30092486,-11.15261587,-0.631750693,113.3398386,628.322467,141.2643472,35.45972766,55.78375255,1013.323611,514.1674027,984.8301549,33.07285117,5.114526803,1.792255883,37.08248713,11.08131593,529.3702846,-23.32023199,-25.15668254,1923.72003,-5.415794981,-16.43409389,548.1152085,-0.5236577074,53.54294826,8.586533804,-13.84150073,9.591374079,145.330426,10.26726544,-12.61237895,27.15300068,33.57105318,-0.09210200375,772.3215034,-2.952693295,478.24536,3317.496716,133.3394763,14.60678277,49.34634598,-12.09372396,166.6399298,10.24597039,5.036122182,3.261315605,13.20376398,909.0625647,5.157691146,-9.885685314,30.71301712,31.1394233,28.36585951,391.0100721,2746.7651,21.42110549,2200.962936,8.372000976,-17.48443757,-10.43989819,3751.657396,32.55186606,3202.415955,321.8515605,180.4036079,402.2845707,35.68723743,16.45225534,57.5915063,695.5559669,227.7500826,1113.766895,99.49522576,-17.16144396,-25.08056407,-18.89707957,-14.24313467,-26.7218689,-21.62712841,0.2000347129,-29.00429249,-30.4278133,-8.249287095,-15.53892063,-15.82758788,-21.99238031,-23.60836507,-28.54244873,-8.127152449,-14.68877269,-16.47796244,-14.51772647,-7.864704535,-5.764164228,-22.23567763,-31.0611314,-17.61768411,-14.32101994,0.6075538105,-8.769984917,-19.00630551,-33.44960089,-9.692121937,5.050580176,-22.91194823,-19.81183479,-19.01844876,-25.90923857,4.205576462,-20.41851762,-30.92195505,-18.83024036,-12.30866608,8.559237946,-22.95055864,-37.60717571,-27.52934901,-14.74536531,-8.587700609,13.42896593,8.07613726,6.185856727,-19.01063522,-23.69414458,32.81681672,-3.518330019,-4.916762588,-15.37319375,-35.422146,-13.44372848,-17.29959421,-19.18773686,-7.591294759,-24.3248079,-17.27342703,-9.04578654,-27.95032619,-15.18151089,-25.17948564,-21.57781337,-28.03427,-8.389727118,12.9779124,-29.1389652,-8.156213597,-22.33990632,-20.13835024,-23.61271288,-16.6682956,11.12018564,-21.55192212,-21.95621742,-24.2464709,-15.61016748,-2.804798141,-15.07943379,-29.31966333,29.13004979,-6.127251987,-14.96070763,-8.424246453,-27.96420435,-21.15963943,-15.44152396,-29.91515374,-14.12968074,-27.97452029,-1.532706526,-14.25733023,-8.675169455,-28.24867121,-20.86525461,-26.44359338)
mX=[200,3](0.2099413211,0.289339235,0.7763535327,0.9799695932,0.6369390425,0.208826884,0.3460951954,0.8640708216,0.4457188143,0.8266035217,0.1558921126,0.6052872762,0.4956281522,0.8791812218,0.681285478,0.04290257588,0.08923197608,0.646029628,0.260860042,0.9782119437,0.5353702335,0.291911513,0.8893968004,0.3375063413,0.5348609796,0.9686222695,0.453888954,0.5829482941,0.1283762272,0.5205446041,0.02398588579,0.8367727882,0.3200893383,0.8129903013,0.8218313065,0.9833039342,0.4833613339,0.5715115506,0.5653395058,0.0630448377,0.6951508408,0.06506783496,0.5701311607,0.4397715477,0.9363361261,0.2358836396,0.1777614087,0.05284353706,0.7890640924,0.2126209714,0.511034564,0.1129067377,0.8435776571,0.7135778142,0.5994699679,0.7130822401,0.8617031675,0.3026046134,0.6716115951,0.9411190415,0.3963293858,0.01998085516,0.8187549278,0.9271098401,0.1373485662,0.1497736707,0.08031683479,0.331072756,0.9975775567,0.1920945467,0.03719161999,0.9613093567,0.1242628716,0.5261864573,0.2781737384,0.1865071671,0.6567554069,0.3109851854,0.9472814903,0.647264709,0.2230132445,0.1676432149,0.8583277889,0.9213895944,0.5239327247,0.7551941765,0.2845898002,0.3795335259,0.5081826283,0.7857835107,0.4237192636,0.6175530377,0.1061282235,0.6236938876,0.427041963,0.1209080609,0.6318465651,0.6879240649,0.09566776853,0.1056922659,0.1824045666,0.4603136798,0.6749609693,0.1991994126,0.5939637742,0.6425163797,0.4081286179,0.08137300697,0.713313515,0.1661677273,0.3408003836,0.616693991,0.2512818627,0.1760628596,0.991980727,0.1139344994,0.8843317477,0.005777525865,0.3933109152,0.839969884,0.4335331676,0.4992598979,0.7963341834,0.7564987964,0.9590862222,0.3595513049,0.8771828159,0.4117628827,0.7556492234,0.07095147249,0.008246364892,0.4222975322,0.6506693246,0.4872874199,0.5420382245,0.2730716898,0.5178059769,0.4173069179,0.7486160708,0.2020247298,0.1559014755,0.7220425716,0.3807256466,0.635045845,0.3688883561,0.3687333892,0.6900196106,0.8078405338,0.3786796507,0.1661077244,0.2161977605,0.4772002936,0.7658922095,0.1499848526,0.5340052207,0.1892604659,0.4571339078,0.221112894,0.6156399389,0.01729536933,0.5977279558,0.6765645501,0.156017611,0.8057140926,0.6203346928,0.2578891305,0.4639864247,0.234233616,0.3308120877,0.2609806491,0.8411152111,0.7705353599,0.5838441017,0.296679629,0.8670428066,0.4510900951,0.8975583634,0.1761071223,0.947264698,0.6628856902,0.7040111266,0.8102444288,0.3623933575,0.05941601174,0.243566027,0.1914116056,0.8458631019,0.7954637591,0.49414791,0.4675354143,0.06004675124,0.4048248012,0.963520471,0.3586818677,0.01164338917,0.5458913956,0.04942180918,0.5762128272,0.4745898155,0.541561701,0.8704133573,0.9539989598,0.9067039454,0.9549623758,0.6871573435,0.7326731213,0.507372852,0.132201633,0.02383722093,0.5513215735,0.9052554338,0.5594839272,0.7446234451,0.2456216422,0.3244203835,0.3972638604,0.6655299542,0.3438554641,0.5833264738,0.5095927049,0.8963009076,0.4773399998,0.4130787475,0.7273025955,0.04129661826,0.6941691214,0.4450042582,0.8085812675,0.3813333754,0.5611228556,0.7095306814,0.9130838735,0.9149869494,0.7350904526,0.4071252033,0.7003647924,0.9108248266,0.2254494927,0.7739335421,0.8594856931,0.3128569542,0.9334116889,0.07797601791,0.6047825803,0.2725886797,0.02080702028,0.284525354,0.9201827858,0.3803904123,0.8551576449,0.0540561943,0.2189485215,0.9311156664,0.7614438517,0.7200629528,0.3277523268,0.6054601452,0.3794489772,0.5563570453,0.6629006819,0.6536983663,0.03611087179,0.9834130314,0.006709907271,0.8828537962,0.1072007499,0.8222532736,0.7980504191,0.07722926805,0.1198727224,0.7321922214,0.2904219881,0.3027656414,0.9823590918,0.2390053646,0.4863928125,0.8913798766,0.0977778473,0.4352495603,0.5143700869,0.3024405643,0.9764219182,0.8323490644,0.7876200737,0.2609195082,0.5691717259,0.994586284,0.9064750641,0.3545751339,0.1439310621,0.2564091579,0.09996255299,0.3171795526,0.2453267129,0.4446986343,0.624751291,0.03961449091,0.7627987761,0.7492980159,0.1303678755,8.741997678e-05,0.6217990873,0.3018621767,9.004505638e-05,0.6240470878,0.2986675283,0,0.5825863761,0.4257593441,8.949387764e-05,0.6350812452,0.2818164009,9.692873402e-05,0.5471259401,0.485847029,0.6928421069,0.6278705478,0.3626924663,9.014925552e-05,0.640404632,0.2728184772,9.691041287e-05,0.5650898362,0.3650063766,9.671339343e-05,0.4944860886,0.5422052353,0.9569013772,0.6440744537,0.4139622558,9.697012868e-05,0.6643087278,0.5116783842,8.347679962e-05,0.6450438218,0.2671744419,8.98785566e-05,0.5506508331,0.3673344568,4.201793067e-05,0.4706681307,0.6039927139,9.704897047e-05,0.4657531699,0.4739541272,0.9999779823,0.6445957946,0.5791480251,0.7776106204,0.6495801335,0.3083216232,9.706880648e-05,0.6902273272,0.4307763091,9.695679745e-05,0.657037569,0.5775861565,0.9260077444,0.5772544456,0.468767348,8.762777633e-05,0.6470549276,0.2615687735,9.672696689e-05,0.4337760656,0.6247668941,9.694415799e-05,0.4471249384,0.4967825927,9.698517132e-05,0.5506711595,0.3527514515,9.728011136e-05,0.6953748955,0.4288163245,0.9999779713,0.5640378058,0.6248518663,0.8027249048,0.6538348985,0.3040425646,9.689689361e-05,0.3072957506,0.7092710224,9.791835807e-05,0.424349155,0.5509020762,9.693053384e-05,0.681024385,0.5511343351,9.484561126e-05,0.6820205294,0.7672453974,9.716700353e-05,0.4849143313,0.4289760619,9.043355294e-05,0.4953569254,0.6438904887,0.76929269,0.6886163729,0.3889868012,0.7360181521,0.5593050804,0.4958379891,9.825010159e-05,0.6483203069,0.2576820932,9.697678713e-05,0.5498597212,0.344134949,0.0001929264333,0.4207898209,0.545296002,9.715184065e-05,0.6755833581,0.4770479732,9.724546899e-05,0.6304610712,0.62262596,9.669988743e-05,0.2775799367,0.8472639974,9.064998269e-05,0.367088393,0.6702400285,9.694652709e-05,0.4745527018,0.4581799885,0.0002291270945,0.4163017836,0.5680519033,0.7925452378,0.5709714005,0.5200281937,9.708524676e-05,0.6950339301,0.3838990388,0.999978026,0.7005772807,0.7979662665,0.9999779703,0.477654448,0.6551096321,0.7169060404,0.6591826323,0.2713560765,9.695944721e-05,0.4963242658,0.3983900386,9.707752506e-05,0.5809214536,0.5343095877,0.9999779699,0.2764969803,0.752220401,0.9296247779,0.7399863736,0.5837072065,9.715553874e-05,0.6457240764,0.7024125151,0.821462837,0.6973354269,0.4339596468,9.698623251e-05,0.4439969573,0.4978763342,9.694584083e-05,0.7018491621,0.4975861091,9.703665965e-05,0.5319798579,0.5982153318,0.695609302,0.5262259043,0.4367984734,8.862660804e-05,0.5746117723,0.3146520787,9.684038842e-05,0.3620658042,0.6434677402,0.7044544777,0.488805138,0.5550766215,9.678837291e-05,0.2660182589,0.7410618004,0.7650236746,0.668461111,0.3465707509,0.0005694495794,0.4673774117,0.6966079955,9.71837441e-05,0.5740607258,0.4715881859,9.691740754e-05,0.6992582642,0.382726523,9.686008009e-05,0.3799797161,0.5684597591,8.901728693e-05,0.690423575,0.601593499,9.674700896e-05,0.6558214753,0.7973131639,9.691888879e-05,0.4524436406,0.4777875372,9.501398271e-05,0.5841350978,0.3006463866,0.6591469548,0.6732365164,0.4687862944,9.642640577e-05,0.5439357879,0.5461188466,0.6267753363,0.5400371615,0.3845199958,0.6033381466,0.5277145545,0.6290232621,9.69553952e-05,0.2994948441,0.8672497215,9.706314479e-05,0.3667273636,0.6065122511,9.700405149e-05,0.496927123,0.4149579623,0.6281117514,0.4972024563,0.4992281261,9.711289739e-05,0.7097206812,0.4104219291,0.9266738791,0.6714934388,0.675339312,9.686951079e-05,0.424057166,0.7117512318,9.695200036e-05,0.585273041,0.4871792682,0.9999724655,0.3252198229,0.8479016612,0.6083503869,0.7321297669,0.5468451147,0.5088477159,0.6660983594,0.2467500484,0.736622718,0.6938835002,0.3591665282,9.617827642e-05,0.4078042928,0.5247590667,4.675927428e-06,0.5349516858,0.5964580351,9.728475031e-05,0.5342019455,0.3472468704,0.4387817098,0.5881490523,0.4608583965,0.6649920117,0.4784098523,0.5780335564,9.715008166e-05,0.5622153613,0.5116272219,9.700616173e-05,0.6612315701,0.6778162603,0.0001052534849,0.3120943108,0.6769443973,0.6968372298,0.730682042,0.4340118526,4.273271533e-05,0.4667583793,0.4510873713,9.67516443e-05,0.6794280422,0.3435674786,9.679033192e-05,0.3767049836,0.5825303822)
