mCurrentIter=100
mCounterStuck=0
mYPrev=-37.98228983
mParameters.n_iterations=100
mParameters.n_inner_iterations=1000
mParameters.n_init_samples=100
mParameters.n_iter_relearn=1
mParameters.init_method=1
mParameters.surr_name=sGaussianProcessML
mParameters.sigma_s=1
mParameters.noise=1
mParameters.alpha=1
mParameters.beta=1
mParameters.sc_type=SC_MTL
mParameters.l_type=L_EMPIRICAL
mParameters.l_all=0
mParameters.epsilon=0
mParameters.force_jump=20
mParameters.kernel.name=kMaternARD5
mParameters.kernel.hp_mean=[1](1)
mParameters.kernel.hp_std=[1](10)
mParameters.mean.name=mConst
mParameters.mean.coef_mean=[1](1)
mParameters.mean.coef_std=[1](1000)
mParameters.crit_name=cEI
mParameters.crit_params=[0]()
mY=[200](2159.820771,-22.07393056,-22.86744754,41.63052779,-32.41246134,6.943800777,33.68314702,1911.616274,-38.29261311,55.66500563,35.94091104,-3.630396382,-1.567840099,25.07667679,1178.954432,1326.69901,404.4257885,241.0894755,-40.03925752,13.06374378,-26.89244146,13.86387423,-2.061605814,34.07910687,-33.07391324,1715.374191,-30.4076955,-31.90294017,-8.25751521,25.68849776,32.21950352,14.57367123,-35.9127835,20.37567719,-24.29860203,21.45036822,-10.72267588,3815.109982,36.51858772,-1.533948113,9.412963965,-34.78539184,-9.146309976,-9.405528784,17.16723321,-32.66012525,2.653573562,-30.34281775,-36.89019842,53.17305889,-25.33123561,-23.92077837,-14.55450009,23.87376263,46.02144246,27.51856612,36.07665112,-28.44313518,760.643055,25.10347789,54.28224945,18.16812739,-34.5011192,8.2207956,1114.564342,628.475453,-30.19077413,248.3539375,853.5758853,-20.98481185,1963.176961,225.8233781,31.78985196,3.545463513,434.6364417,23.67479946,-23.99913326,10.27467405,2490.163407,15.3305535,-16.62556116,735.4133242,61.40068749,30.26118168,1414.386815,28.97950905,-13.74607187,5.790339751,-20.11087922,4.17256545,38.16177651,-13.65764961,765.3825614,7.473918673,19.57254078,2468.211384,27.15564481,-35.65459688,56.36966442,-11.35559386,42.00479136,-1.235742209,62.3210544,-36.01816896,-26.56271268,-25.63920527,-25.00470753,-6.628014151,-29.45813606,-5.141379765,-20.81425277,-26.21348318,-26.09348659,-30.1169013,-27.2009989,-18.65825268,-10.21569302,-10.40534085,-38.57947473,-29.78968746,-27.43183035,-32.62930613,-25.63579681,-8.640768909,-23.55981527,-33.32871679,-36.1739008,-31.17212454,-31.66537619,-20.88328988,-5.153519663,-26.10932926,-37.02445138,-27.56341608,-19.25936818,-19.71785053,-37.35433447,-33.82420105,3.359559032,-39.43212608,-21.2036926,-34.60445163,-35.87889364,-26.92790827,-26.73577675,-33.69614114,-36.43351053,-14.45602702,-5.662035855,-33.04955727,-16.61470618,-18.05001277,-21.30101615,-27.18060197,-39.30712441,-28.84287133,-29.54690021,-22.46514528,-35.38107169,-26.37917155,-27.90638141,0.03292868887,-32.1245632,-21.77640681,-37.92179629,-30.10284175,-28.56320251,-22.17132757,-23.54238881,-24.3726523,-29.43928431,-32.45294963,-11.17023682,-29.80369481,-32.21879948,-26.40891198,-28.66978358,-26.41872615,-34.27856011,-23.64779128,-14.46694535,-36.17867063,-33.63304086,-41.19263685,-19.3352336,-33.36887906,-24.33282348,9.217085268,-26.4200418,-16.86012947,-35.34418963,-38.74153015,-22.14909749,-38.66032727,-36.23760844,-31.86960145,-29.71598011,-26.50353315,-32.51264427,-37.98228983)
mX=[200,3](0.3800113667,0.2415367902,0.05299889258,0.4308050399,0.6279684014,0.3238036536,0.1108268421,0.165459863,0.6615674653,0.6418907315,0.8666896428,0.9193277305,0.9738600102,0.581197891,0.4267613181,0.1378976091,0.08110326506,0.8833298953,0.07686052424,0.7740945146,0.8995729422,0.171842404,0.1402525247,0.117513628,0.1621842211,0.5045189594,0.4761451144,0.773304958,0.130111369,0.4442384281,0.8742890165,0.9855531968,0.4993941448,0.04723706342,0.6538011837,0.6927892216,0.1912451418,0.7406323547,0.3016208528,0.4110810291,0.9095438428,0.6567768978,0.9145774384,0.2785572739,0.127696539,0.7835527152,0.04518138594,0.207562688,0.7494609145,0.3661893369,0.1433875887,0.7637032951,0.01205502737,0.3707438422,0.6349555651,0.4747817472,0.5339058982,0.8658032503,0.1091969441,0.5237250286,0.5969953565,0.4905992143,0.6390356578,0.2767846859,0.4845403563,0.2687838547,0.3414742032,0.4542503938,0.3494935579,0.254625534,0.7878818935,0.2100674893,0.1548480461,0.2879290807,0.5972932449,0.6839502474,0.3017412835,0.06474856379,0.9829321563,0.675776709,0.4088205693,0.4527925149,0.344020608,0.6240173586,0.1413400242,0.6319394274,0.6883363875,0.1864890362,0.2524008273,0.3839685445,0.5543678603,0.9356986819,0.1917867717,0.9265383896,0.7053897149,0.8534334401,0.5366267321,0.5687573394,0.3976785224,0.6673661486,0.3382891694,0.3556348435,0.3524679621,0.1807899092,0.5468860145,0.8207993032,0.8436994218,0.8158378907,0.2045651958,0.0346029246,0.6168872659,0.4638925533,0.7270657909,0.0009674098087,0.8456293945,0.8799214436,0.9013644899,0.8561156516,0.8302556035,0.5892859859,0.4257888621,0.8045841877,0.3379936189,0.655002361,0.3709571718,0.609309617,0.3331978646,0.432584861,0.777904914,0.3613403932,0.7661727614,0.2764155205,0.8305540345,0.2096712569,0.941136439,0.01599925533,0.3286723941,0.5550425165,0.3795706042,0.4687724906,0.8430018404,0.2679000339,0.5584434423,0.4143135512,0.7052417002,0.4017559115,0.5720750034,0.3904173067,0.913111766,0.9600720371,0.7136856298,0.2640878503,0.6414213898,0.006955690833,0.5267788827,0.3630310476,0.2817428199,0.004343255542,0.672968841,0.9337694112,0.7110786856,0.9208571857,0.5232979606,0.9910161378,0.8319320643,0.5659936183,0.02474109061,0.9935716646,0.5896994422,0.9259191468,0.8284285076,0.2331429954,0.6194678705,0.5605343916,0.9553295829,0.6410454053,0.03552863652,0.222998014,0.8284578614,0.8013886144,0.9483304001,0.9760251733,0.9596526642,0.7210786957,0.8560359161,0.2491879147,0.7325349518,0.6929135851,0.3152901325,0.05836656894,0.1192984183,0.4873616882,0.8020636935,0.1554718499,0.1778632912,0.3271602549,0.4244554233,0.1077514688,0.6281966525,0.3936158284,0.4523400977,0.6113179276,0.7984523628,0.09083504783,0.0299670412,0.4420725294,0.07439358309,0.5456166193,0.4102480793,0.718373622,0.06969145503,0.1985212651,0.0837799617,0.7591378247,0.2114073972,0.2857783473,0.08832934112,0.8844148202,0.7865060352,0.9000967845,0.7505442439,0.7399889149,0.2941165751,0.3111505756,0.1688565103,0.5015840411,0.8150127422,0.2553825991,0.3170855504,0.6003203765,0.464954689,0.4488014923,0.5989902966,0.8656619693,0.880017774,0.5404441142,0.01124878503,0.9622511608,0.8993546156,0.2989628775,0.8151088734,0.5761703833,0.7071706031,0.8977560189,0.3525924122,0.135477467,0.09500493823,0.9464971269,0.9780607945,0.4983312777,0.6804177928,0.93879498,0.517128548,0.05228145689,0.1892943685,0.3046684064,0.384093829,0.9867227907,0.4872755091,0.09443281077,0.7416724763,0.4735880555,0.6637722184,0.228075228,0.1015740001,0.129211608,0.7222692015,0.03718501783,0.2960772583,0.8700198907,0.609769749,0.9666268999,0.7923327634,0.5798163206,0.1775697111,0.7502696624,0.670679058,0.5150826401,0.04647060663,0.4098905624,0.2240953492,0.4391890184,0.2448356197,0.7311477406,0.2352103316,0.7925205861,0.23611199,0.02398131101,0.6946260501,0.07875745564,0.5031903598,0.120699344,0.5332346121,0.515676351,0.9916076501,0.9509610125,0.1572392635,0.2122454848,0.06154134217,0.7651127823,8.682815782e-05,0.999975506,0.3276409185,9.69701443e-05,0.8308596662,0.4117915617,0.9999645772,0.9999755682,0.2809232204,0.9999844785,0.5507464529,0.5128816496,9.035983261e-05,0.5983219794,0.4989452728,9.680197685e-05,0.5169535072,0.5974273677,0.9999775343,0.3903090752,0.6621434688,0.999984702,0.3184205339,0.8091260749,0.9999775437,0.4961227473,0.5485358862,0.9999780054,0.8079503519,0.3937734256,9.048639017e-05,0.6312467192,0.4507085847,0.9999781343,0.5512529808,0.4907044129,9.043363086e-05,0.4259672059,0.6574419741,0.9999845473,0.4471440174,0.599195886,9.046011461e-05,0.5063777503,0.5538743834,0.9999774795,0.3740483844,0.7037276907,9.677999853e-05,0.4282071965,0.7557162343,9.070499313e-05,0.7102728402,0.4023117132,0.9999781191,0.547336789,0.4841977919,9.687339953e-05,0.4733761997,0.6104087371,9.770524758e-05,0.4975600047,0.5092067177,0.9999845692,0.4407013891,0.5774627437,9.712575269e-05,0.393444813,0.6822003204,0.9999848508,0.390330877,0.7874523451,0.9999845879,0.3963653319,0.6530059923,0.9999885014,0.5848196535,0.4581264388,0.9999779919,0.4709025354,0.5399181693,9.685649437e-05,0.4718303837,0.5389422692,9.008576252e-05,0.5626192459,0.4541792402,0.9999772179,0.7342488186,0.3809000975,8.914685852e-05,0.4134918588,0.7974249352,9.131916272e-05,0.4450477222,0.6147611863,0.999978052,0.4984155538,0.4985756383,0.9999845816,0.4163388234,0.5924173653,0.9999780987,0.3826127588,0.705736826,9.684108163e-05,0.3948914021,0.7011559855,8.965226055e-05,0.485444889,0.4878193008,0.9607647291,0.5737259897,0.4471960604,0.9999783634,0.3377936869,0.8646760362,0.5399255143,0.466017845,0.5289543318,9.703736358e-05,0.6253231215,0.4112561771,9.05570508e-05,0.407578324,0.5738061184,0.5949983091,0.4854771334,0.4994710593,0.9999781032,0.5232788019,0.6219474556,9.715232108e-05,0.3861968555,0.6484576215,0.7336053136,0.434854938,0.5508873294,0.7020307436,0.5646578943,0.4432326097,0.9999779677,0.4412647186,0.7475936873,9.069695627e-05,0.7469935063,0.363938817,0.0001055655912,0.4795286115,0.4779506082,9.693410418e-05,0.4367570437,0.7378901713,0.9999782028,0.2395303058,0.6195168382,0.2823287572,0.5818960136,0.568343899,0.9999853747,0.6027436886,0.4132245982,0.7646704982,0.461090261,0.5044594814,9.924869264e-05,0.3284031165,0.5777899689,0.351539152,0.5317440353,0.4512657612,0.9999741175,0.3337916986,0.6761976679,0.7897074643,0.4267858345,0.5366020216,9.709117302e-05,0.3808300626,0.656479155,0.6555926083,0.5427134932,0.6130795742,9.669234081e-05,0.4307980392,0.8277272684,0.3742581518,0.4469415795,0.5100912017,0.9999840658,0.7008766171,0.3694094913,0.9034347493,0.5282872469,0.4640733896,0.6509887664,0.3494571706,0.5746040465,0.2935097185,0.5622292189,0.4274747687,0.4454037715,0.6522207733,0.5232067355,9.77238937e-05,0.3605241058,0.6917338349,1,0.5217767627,0.6556348581,9.712876207e-05,0.3757737037,0.6119950375,9.70257166e-05,0.3971868236,0.5216173121,0.999985128,0.4603681317,0.7621172996,0.9961771984,0.4657827827,0.4897436874,0.8053743161,0.3851189861,0.5663141915,0.2691741074,0.550237354,0.4286283218,0.5707879495,0.3247080213,0.6735906548,0.4280539813,0.5461372134,0.5904943038,0.4515180488,0.4564063173,0.4895969367,0.7827717047,0.6417558895,0.384299496,9.686525538e-05,0.4460427595,0.739245666,0.4156443748,0.3986725936,0.5403279188,0.5122324815,0.3033386285,0.6092685443,0.7173676161,0.5197391356,0.4554174625,8.99844775e-05,0.6770595717,0.3711514191,0.9999780694,0.5853816581,0.5437347781,0.4391987569,0.6716867339,0.4846847699,0.9999844767,0.4078480106,0.8891839496,0.3612821801,0.4938467374,0.6401800839,0.999977386,0.2488444724,0.6900702358,0.4525697844,0.4143664251,0.5147773611,0.9999694739,0.5462580982,0.4274305737,0.9999692015,0.3218179087,0.5787865453,0.1499895235,0.5069275895,0.4405382261,0.8743091522,0.4590672405,0.4844412617,9.70251742e-05,0.3989458794,0.5541448858,0.4510688064,0.5582524024,0.4139815114,9.905616593e-05,0.3207287856,0.6515526401,0.5209473029,0.542973165,0.5757841412,0.3406184841,0.4495934732,0.4851912579)
