mCurrentIter=100
mCounterStuck=0
mYPrev=-2.716177424
mParameters.n_iterations=100
mParameters.n_inner_iterations=1000
mParameters.n_init_samples=100
mParameters.n_iter_relearn=1
mParameters.init_method=1
mParameters.surr_name=sGaussianProcessML
mParameters.sigma_s=1
mParameters.noise=1
mParameters.alpha=1
mParameters.beta=1
mParameters.sc_type=SC_MTL
mParameters.l_type=L_EMPIRICAL
mParameters.l_all=0
mParameters.epsilon=0
mParameters.force_jump=20
mParameters.kernel.name=kMaternARD5
mParameters.kernel.hp_mean=[1](1)
mParameters.kernel.hp_std=[1](10)
mParameters.mean.name=mConst
mParameters.mean.coef_mean=[1](1)
mParameters.mean.coef_std=[1](1000)
mParameters.crit_name=cEI
mParameters.crit_params=[0]()
mY=[200](-16.76319972,6.634243146,19.18070427,11.41609006,30.38285192,14.99194134,307.1420367,-19.28251854,21.89266102,73.41768093,179.355919,-5.684812355,-1.96839723,831.4059189,2163.928102,99.83600902,421.9876161,186.4603603,508.0784283,-11.29570541,45.20510311,28.40012002,31.13102785,-13.45685194,3185.908267,353.0418774,-5.270815532,15.24300409,7.269964432,1285.12897,14.61982354,40.04683002,59.63728466,135.4142887,-12.98323358,-3.811434038,0.5895801097,39.28274376,4.708136288,6.025294118,-15.80949296,-4.316770544,583.0909625,40.53265553,20.09135028,51.17246263,526.0667084,28.71173821,343.1774313,38.00800736,-2.475942413,2058.346585,793.0307638,355.8963605,8.113904253,881.0993034,16.44093924,-13.65866438,-0.880231861,17.68096801,27.85327093,12.79639116,-21.05102167,41.4152106,49.21305791,44.786027,-4.892775183,132.6884431,-26.08978111,731.5199189,18.97449342,378.8512254,36.23065491,-11.40838445,52.99700077,-7.316191159,2.581123165,22.77841908,67.94080167,0.905541204,57.71399738,28.89780569,13.19809557,26.22298358,2830.399698,18.60819709,52.58928519,-19.30659781,-10.07625132,11.75466864,-14.64175863,40.42194829,152.5977621,1471.439685,9.460214663,34.74229714,927.4851479,9.75272004,1754.0197,6.58792935,-14.42357082,-24.32421972,-9.459549989,-4.88194277,-20.5549609,9.343976582,-21.54233563,-15.13879234,-13.63003151,-18.44653148,67.04600524,-10.55557068,-6.244878151,-20.98628492,-12.79547981,-13.73603276,-20.80913735,-15.20780019,-13.28713519,12.4990704,-11.58926692,-21.11494004,-2.465111417,-12.59978792,-15.45419652,-18.9577389,-17.54258056,-9.675739684,-17.21447277,-5.244008811,-16.83462896,-8.740315863,-20.524623,-23.47818325,-20.90497493,-2.079756671,-23.26916538,-13.03710709,23.24399288,-18.57290031,3.285364797,-17.61027786,-16.82233623,-14.83198094,16.77180189,-18.57585041,-2.145822622,-16.981288,-8.30231942,-4.745195879,-12.9194477,-14.49711894,-20.8356204,-19.1841994,-13.27072989,-20.23643247,-10.36585425,-16.27066861,-12.73622791,7.4360297,-0.2291253571,-18.84277183,-18.93833446,-13.89870228,-29.83628802,-15.5070708,-9.563843999,-6.202846289,-18.38347711,-9.206489694,-20.35178295,-20.91902463,-13.13397847,-10.52593521,-15.69907524,-22.68749644,-13.49884514,-0.8272345436,-19.35509815,12.4194674,-28.03863979,-16.32815315,-22.71615717,-21.53486216,-12.79702652,-11.7387494,4.644030111,-16.69741387,-1.711762274,-22.31431102,-16.75773874,90.81568491,-18.25746448,-17.49227225,-12.7875071,-18.13369982,-20.46088174,-24.78920193,-19.35845175,-2.716177424)
mX=[200,3](0.2278291726,0.4953985081,0.4387393768,0.7592086708,0.6464648033,0.2461266897,0.3523228861,0.2432645389,0.8701015367,0.1813451345,0.7923834919,0.5309646347,0.5863166377,0.150548222,0.9346545273,0.7715741213,0.3473817443,0.3703998181,0.9425458466,0.4540056216,0.1486902981,0.1961025639,0.3650725644,0.6594603725,0.3323626017,0.5499560475,0.303530089,0.5293906215,0.81230763,0.1371589993,0.1488559037,0.06105303856,0.3827577275,0.476110435,0.2394849223,0.7216391575,0.2746955871,0.6952813315,0.5292593753,0.4032286898,0.4274475619,0.06138992412,0.9220681773,0.2722868988,0.02842220861,0.5024867769,0.1477634484,0.4046242379,0.9308947776,0.5085295442,0.1000613968,0.07608644715,0.2176111711,0.2932757399,0.3476541255,0.003800810748,0.3200579505,0.5512016387,0.3019166242,0.693871656,0.1356761676,0.8608317791,0.8292313671,0.2327622196,0.3155838449,0.9203824006,0.3129115707,0.8721779026,0.6637923124,0.4308039876,0.6150462924,0.5554345074,0.3677843468,0.07392090989,0.03537556711,0.6162825273,0.4309854788,0.1636066239,0.1607381931,0.1020379105,0.7105441342,0.9917703971,0.0494231432,0.833522326,0.1707327858,0.1766462634,0.7986447099,0.7943444515,0.9990543233,0.04171951531,0.4531971735,0.8055235057,0.3441138216,0.01810708501,0.01938603237,0.9802357553,0.4284507865,0.1658006989,0.4131295956,0.3919610191,0.1920560028,0.3379918202,0.5651837361,0.7069981473,0.3173644548,0.4846781838,0.3242197018,0.7345213346,0.5932098383,0.259974159,0.758768293,0.8742168469,0.9550928422,0.5785385411,0.2623548465,0.7180876386,0.5659420395,0.007699589685,0.4703242514,0.7685640655,0.7117104182,0.3880391095,0.6200501654,0.8607190026,0.2831770613,0.5981357407,0.0495111328,0.9280130416,0.0897499395,0.4665115852,0.5739243872,0.9574187932,0.05376794111,0.3936777646,0.8684758705,0.1178821165,0.9335217532,0.2281176287,0.7847859418,0.1270211275,0.2783013817,0.4906197451,0.489360858,0.9105256467,0.7662239327,0.3314739481,0.2150258615,0.6338642809,0.5883128589,0.9426490523,0.1026643102,0.6834254757,0.3534403655,0.5493448776,0.7581134813,0.01981817794,0.2531935194,0.892848141,0.05620137234,0.3772628901,0.8318187459,0.07223427791,0.8558589982,0.08618771414,0.7730597643,0.6420437888,0.1868855382,0.1728664136,0.6785220876,0.7257316612,0.195708769,0.2407611579,0.4164777818,0.6786653798,0.9641571077,0.7382481589,0.4926950948,0.9733601565,0.02984282969,0.8512075007,0.0615525175,0.6696131431,0.8444713704,0.2927993009,0.7420360545,0.6356486515,0.6837925695,0.5320361717,0.504675992,0.5754796375,0.7663748526,0.8972506815,0.3253746157,0.9492691063,0.3962755872,0.5119423752,0.4424945092,0.995877564,0.6232992061,0.6788717117,0.5840014745,0.0997708795,0.6202838169,0.1291203908,0.2879251226,0.4641399527,0.4605964126,0.6603282941,0.2685351915,0.1535730429,0.4147443468,0.5211303215,0.2847014204,0.1550752058,0.5655919706,0.09060713537,0.1268402989,0.901040757,0.6013347786,0.0331522778,0.6022358373,0.4513144264,0.8079877426,0.7721798545,0.9740940217,0.8464914467,0.5141572826,0.3617199524,0.3071215335,0.5572314623,0.7471527947,0.5376437662,0.823658074,0.2639651331,0.8847728506,0.9731011253,0.2540609071,0.7480075159,0.5957785374,0.7056867172,0.9137431956,0.8406164685,0.9687228734,0.8206754816,0.6333688619,0.889775127,0.02913104666,0.7835259975,0.5182707844,0.6925945689,0.3585111111,0.9070441173,0.8981805976,0.881777889,0.00980318614,0.9015179324,0.851970283,0.4869650264,0.7354616682,0.9896620366,0.4750080172,0.2105062454,0.3758177471,0.6118856268,0.4404438766,0.294470695,0.6815810799,0.60327794,0.2226628464,0.819542156,0.8199664013,0.6511347549,0.4488450444,0.9598237338,0.9648245031,0.5438499749,0.2085350288,0.4032417086,0.2371128086,0.8323469898,0.05164182233,0.1824224255,0.703087877,0.03858446801,0.7820632087,0.7267844519,0.9133711341,0.4278785746,0.3891119721,0.09886489362,0.205757173,0.9896121031,0.1147694524,0.6488756421,0.659558443,0.1335721669,0.1105587685,0.08510548598,0.2085599523,0.8022521343,0.9999779845,0.3814225031,0.5312132837,9.695903988e-05,0.3555758858,0.542783396,0.9999781124,0.5155223701,0.6273592775,0.9999781688,0.4339784936,0.515910425,9.693891795e-05,0.4158349901,0.5816802092,0.9999844873,0.4986430548,0.7945579442,9.69938984e-05,0.4520180495,0.5026291312,0.999984442,0.4818038766,0.5732411257,9.697684326e-05,0.6342883526,0.4080976919,9.701652606e-05,0.4644581977,0.6188166923,0.0001085622181,0.949178387,0.2109554823,0.9999780394,0.5860826708,0.4275804907,0.9999783182,0.5032766178,0.6660097357,9.701905919e-05,0.5025128542,0.4912396123,0.9999781133,0.4994544919,0.4772546703,0.99997807,0.4961374758,0.5674909929,0,0.449475772,0.5636587651,9.056611436e-05,0.6285014356,0.407024471,9.700933599e-05,0.4753537727,0.64075688,0.9999635796,0.4553475277,0.812123141,0.9999781107,0.6357362906,0.4038887349,8.979494023e-05,0.5568449642,0.4733350287,0.999978299,0.4617252552,0.713889944,0.9999780062,0.517723928,0.6132887972,0.9999779776,0.5099337354,0.4836242435,9.731233285e-05,0.4762154134,0.5401588832,9.72643518e-05,0.4920648166,0.6010762322,9.697685129e-05,0.6209417298,0.4062107479,0.8763386297,0.5186923236,0.5427753727,9.69242314e-05,0.4879459268,0.6903755884,9.055337529e-05,0.5641632263,0.4753025006,0.9999780908,0.4843448761,0.6460260073,0.9851401178,0.5685912651,0.43730345,0.5166840977,0.5148056237,0.5211465626,0.4463002147,0.5072136867,0.5822863644,0.9999778428,0.6812152088,0.3807188064,0.5370584216,0.5571344606,0.4579367591,9.691564208e-05,0.4598697258,0.6412233428,9.178313936e-05,0.7814931086,0.3207733958,0.4677136315,0.521751814,0.5165901293,0.9999780039,0.4257050135,0.7508930742,0.9999779236,0.5295717939,0.586230102,9.703947535e-05,0.5938129109,0.4261556165,9.709017611e-05,0.5182431503,0.5741677152,0.9999781558,0.417182908,0.8399191827,0.7818635732,0.548516824,0.4606434287,9.692579813e-05,0.4347914845,0.7236075054,0.2236016837,0.5501973584,0.5019760241,1,0.4381559726,0.6644283658,9.690801411e-05,0.6251988444,0.3884258902,0.9104484642,0.5522065898,0.5427485765,0.400560129,0.5223912084,0.6111561819,0.7597603933,0.5822377887,0.424594714,0.2669879917,0.5901489779,0.4675674471,9.701656948e-05,0.4516891681,0.6571855983,0.3033125622,0.5072428007,0.5530068474,0.7353751986,0.6025570036,0.4077848572,0.7182432697,0.5286969935,0.6075991884,0.8855450081,0.559441121,0.4974716191,9.695088109e-05,0.4094676081,0.7986771489,0.9999783757,0.3652525834,0.7026233963,0.3038246776,0.2862477581,0.5786680829,9.708658262e-05,0.5215613861,0.528858305,0.2331064114,0.5209889269,0.5928636384,0.3737948457,0.3949193968,0.4931613242,9.720314628e-05,0.262249772,0.63767392,9.70393355e-05,0.5974249919,0.4543882645,9.085854025e-05,0.4501440406,0.6934945043,0.9999779708,0.5489691128,0.5386809814,0.8985788275,0.3940522231,0.6368939878,0.4201092973,0.296863506,0.5389695587,9.731103918e-05,0.5214862741,0.5476060219,0.9329039129,0.5010445778,0.462176007,9.011298947e-05,0.6365869733,0.3750746542,0.2509017812,0.5641719875,0.4988112453,0.7145025931,0.4438922032,0.5753214881,9.709032613e-05,0.5114520076,0.6114701256,0.999986381,0.6992628196,0.362773667,0.6782333321,0.53178983,0.5492956725,9.6839867e-05,0.3875408327,0.8297304646,0.2628895105,0.3810628675,0.4933154817,0.7096672936,0.5532931678,0.4299866002,0.6899489356,0.562600724,0.5047638458,0.3561002438,0.3130688067,0.6020691855,0.545427523,0.4957128786,0.6428824149,8.983181478e-05,0.5436677175,0.4383460723,0.9999780552,0.3737100521,0.7652665996,9.025297925e-05,0.5109302333,0.5581904502,9.69561995e-05,0.335971094,0.7383533295,0.7184023843,0.4905297885,0.5787810866,0.4537040919,0.5845878143,0.4857832818,9.913378425e-05,0.8652550716,0.2040330181,0.6119135857,0.5864364822,0.4066497815,0.5257203911,0.3828140267,0.5382299155,9.807791693e-05,0.3077030385,0.6564777414,0.4652421524,0.5104711258,0.6027289108,0.06583854428,0.5372724464,0.5201615155,0.7576642664,0.4992028755,0.4595382879,0.8162064592,0.5611018346,0.5254451326,0.9810854781,0.3405300092,0.6755925127)
