mCurrentIter=100
mCounterStuck=0
mYPrev=-42.15086786
mParameters.n_iterations=100
mParameters.n_inner_iterations=1000
mParameters.n_init_samples=100
mParameters.n_iter_relearn=1
mParameters.init_method=1
mParameters.surr_name=sGaussianProcessML
mParameters.sigma_s=1
mParameters.noise=1
mParameters.alpha=1
mParameters.beta=1
mParameters.sc_type=SC_MTL
mParameters.l_type=L_EMPIRICAL
mParameters.l_all=0
mParameters.epsilon=0
mParameters.force_jump=20
mParameters.kernel.name=kMaternARD5
mParameters.kernel.hp_mean=[1](1)
mParameters.kernel.hp_std=[1](10)
mParameters.mean.name=mConst
mParameters.mean.coef_mean=[1](1)
mParameters.mean.coef_std=[1](1000)
mParameters.crit_name=cEI
mParameters.crit_params=[0]()
mY=[200](17.02171095,5.745296298,-48.73670584,200.2000298,1254.241352,11.18929228,-9.021526368,449.9022472,-21.70676447,1112.787824,-28.03167319,49.78562724,11.30540557,27.10707479,-37.63207979,-10.54042444,25.47068951,-1.558067743,-17.74747337,-44.83756099,-27.18362404,-34.08674006,-4.213743952,-29.99801039,46.91132746,-16.95766226,13.57594358,3.935237938,-37.1724313,-14.26389258,16.93525588,14.80537834,19.57906336,-46.65126383,10.96981461,87.4009246,2650.008186,-10.62465542,-14.45411361,4.526045809,-10.65612073,37.03752559,-17.55505974,13.24150796,244.652418,0.1877211023,2683.476086,37.05132253,24.46979107,2.495863923,-8.420001304,-1.232467835,24.49838121,792.3492356,-12.1505993,-27.69827943,-5.574057356,1151.37255,41.19324184,-35.31063232,20.34909932,17.74079821,-27.18534683,11.37702335,87.54631483,-23.91458425,-34.29291137,18.47597105,18.75689758,3365.548146,-7.089886529,13.00268283,-25.73280365,-17.03536563,-35.46210046,-2.99064519,-43.55934278,2550.418358,16.84809672,-40.64045157,19.3922126,84.57524491,344.9144422,-21.0922213,180.434054,-25.76918401,-21.82405561,61.57908766,523.5757068,-51.16307215,5.53708233,2.783234881,-15.22346204,-8.433451682,18.12392342,14.5519378,-19.10805158,3377.364859,-23.36495481,1524.190037,-42.731485,-46.7841609,-41.04543288,-44.19887774,-38.00219665,-51.94018934,-35.75262309,-27.87010282,-38.0474496,-46.07159206,-48.3591893,-42.22676825,-32.90950232,-21.73567147,-43.23074355,-44.64017876,-50.1075626,-36.9596377,-32.78060205,-31.89355715,-44.74356021,-47.68514472,-53.54526633,-29.01490765,-36.22058767,-37.69027604,-31.57093344,-44.7558098,-43.38161021,-4.321495515,-55.70814493,-27.4276939,-33.99993956,-41.40830276,-49.66058962,-33.88396714,-42.54855306,-16.06014474,-32.97981868,-48.88848586,-41.45976739,-44.75411147,-53.75854922,-2.356837939,-29.59924413,-40.74411246,-50.6997408,-37.38954688,-46.23841125,-33.90741778,-48.61370813,-32.57921447,-55.52710831,-42.90631085,-50.67721502,-27.92284974,-53.694859,-51.73540345,-23.06912643,-42.5905362,-42.13524631,-53.3190676,-30.64585334,-38.04016272,-27.05197261,-49.82926971,-50.0016539,-40.12052356,-40.73074024,-46.18236981,-46.5220114,-49.93433062,-42.02897269,-43.8939892,-37.08006626,-57.48933552,-16.08543566,-47.63457928,-41.40223,-34.97247178,-17.53355004,-59.57802777,-1.1877942,-11.48961914,-52.28568459,-48.82114534,-42.68026256,-42.05168062,-30.39983028,-29.21139501,-46.47799706,-37.95839237,-35.43864771,-43.81328657,-50.67144609,-42.42518393,-51.20739341,-45.46659881,-32.57869425,-42.15086786)
mX=[200,3](0.3693560206,0.7203407851,0.1789201314,0.9671813777,0.8696050873,0.6321787558,0.5561162377,0.5502011085,0.4286108345,0.8488590568,0.1899443706,0.3339548043,0.5873565601,0.1428273719,0.14088049,0.1597615014,0.8721553443,0.6549191042,0.09019598691,0.5117832207,0.7982816318,0.2138243841,0.4120492566,0.1170932849,0.4193740947,0.3087390665,0.7547249046,0.1003314378,0.3331783851,0.06226658373,0.6738228567,0.4917790318,0.6970129825,0.5264658253,0.9989485327,0.8806475964,0.6688168145,0.8206022869,0.1951215074,0.3127085559,0.8950173383,0.7765424492,0.372994951,0.2733607552,0.4441242156,0.1801860419,0.2978025151,0.8240642944,0.3590763253,0.7779515594,0.898463686,0.2726701167,0.2291434934,0.873366002,0.5787594185,0.5779510856,0.7197245149,0.4730017987,0.3409838215,0.5410170413,0.8756326821,0.4644714269,0.6605667153,0.3201018446,0.1920660413,0.6718510959,0.8970417322,0.1008083049,0.8155199263,0.8170385964,0.6707692529,0.5703752713,0.04764352731,0.7858478393,0.9981131143,0.2500896977,0.6659565035,0.2593744635,0.02157480721,0.403485671,0.2772321993,0.08440825818,0.8313751099,0.6461471205,0.3381403397,0.3926315603,0.3861499899,0.7313160515,0.1503598737,0.7248822597,0.7969253087,0.4587290688,0.9474008734,0.9866574222,0.3209595834,0.938057483,0.5182256978,0.9425842007,0.3567865488,0.4338163947,0.5929507667,0.434821915,0.9052092066,0.8877247135,0.3286300092,0.4458181448,0.03722979737,0.4594523053,0.7776433781,0.7436898201,0.009718969192,0.1443035093,0.2033479742,0.4024671283,0.8687871747,0.8062384552,0.2853284194,0.7259650732,0.7935285957,0.1698016911,0.6909319302,0.09211889484,0.7394812221,0.4278634944,0.9757366931,0.5593969467,0.2255029393,0.7671020618,0.5284389552,0.9272220669,0.2892956352,0.9291643362,0.7656261833,0.509334453,0.08399284773,0.2326301489,0.5452488829,0.8384094382,0.9378404581,0.231508882,0.01886238418,0.9540767917,0.6351165338,0.1818039402,0.5044771713,0.9316077004,0.7040511498,0.9482420602,0.2652848488,0.5057976931,0.2991155403,0.08926568295,0.8063075659,0.5409010275,0.8400527422,0.3790496633,0.8287532234,0.4713823495,0.9859882594,0.6066058085,0.3129139717,0.1258905835,0.07336724026,0.3883345491,0.3141917605,0.70676402,0.7516801788,0.2180480922,0.03195826811,0.2160681107,0.8537906083,0.3082185293,0.6082507141,0.03057512589,0.4536004506,0.9890441988,0.3026209052,0.3893834449,0.3597987537,0.3421963147,0.9750766135,0.851492724,0.8403185736,0.1128838658,0.6208481076,0.901526323,0.7596219608,0.7121943027,0.4787588378,0.001689077849,0.3632181821,0.9167127889,0.8087551883,0.6449779616,0.09907547039,0.1679701881,0.7024777973,0.391316537,0.9955245569,0.6591508887,0.2458146494,0.05054596252,0.9101869159,0.2386412238,0.6134720125,0.1779900503,0.9613334653,0.6260744425,0.05735650008,0.02349436866,0.8883010186,0.1607357555,0.6198704326,0.4840547432,0.9096251679,0.2918476781,0.7186300369,0.6891839559,0.2016103946,0.3469513195,0.4208662261,0.7886142635,0.597492374,0.525837788,0.263550701,0.2452125078,0.8180140472,0.5981262713,0.2062488176,0.4403613964,0.6075155731,0.3946027749,0.07348173029,0.07251877371,0.6319560596,0.9603733297,0.5625391639,0.9113956403,0.6155680783,0.2278814885,0.4691773496,0.3723299846,0.9704694402,0.2872134375,0.7362876238,0.1023355714,0.5375814316,0.004764013514,0.3610567957,0.4054393293,0.4307931934,0.7647480496,0.8524195102,0.04088086841,0.4153814352,0.6487735009,0.2562013833,0.6841101942,0.4984108521,0.694316922,0.6247645426,0.680899135,0.4874076766,0.1556226838,0.179202764,0.584058617,0.05666580356,0.7499545639,0.5651967232,0.4652086371,0.787878295,0.9200183446,0.493409077,0.2664447404,0.5322574986,0.8624897486,0.06590262976,0.1154272323,0.4873457417,0.1297782798,0.06114179556,0.5815860455,0.1907940347,0.02155432687,0.9586874542,0.6531528336,0.9503340975,0.5372771878,0.1358634624,0.1342846385,0.5132829605,0.01137964125,0.0147298798,0.04040530527,0.5695360769,0.2423727768,0.742910645,0.8312674485,0.1212238824,0.1300395803,0,0.4883058846,0.5217038863,9.7125794e-05,0.4895487788,0.5037700816,8.930510875e-05,0.6263188318,0.3303940007,9.729785443e-05,0.4599388303,0.5813203857,0.9999780795,0.4900380222,0.5533732116,9.773777462e-05,0.4977199615,0.4575680965,0.9362792876,0.5976503888,0.3550026794,9.687493012e-05,0.6838152006,0.2442751899,9.715834228e-05,0.4475131197,0.6285612574,9.691366436e-05,0.5690180587,0.3861415965,9.696771857e-05,0.4864650197,0.4946873255,0.9999780426,0.5053460355,0.5182402397,0.9999780637,0.4656876641,0.5967197456,0.0001017479646,0.6477963118,0.3050864685,9.67460595e-05,0.4981288081,0.5523233765,8.989635163e-05,0.5049271996,0.4399113397,0.9999780183,0.5599339575,0.4002274942,0.9999779743,0.4884420135,0.4748528632,9.704281742e-05,0.4638212507,0.6664902189,0.8672992061,0.62057871,0.3266189554,0.0001057243768,0.5521199346,0.3998229003,8.967760482e-05,0.3915951776,0.5591480387,9.691043674e-05,0.4576708187,0.4786213227,0.9999780418,0.4884056086,0.6096974931,9.703655061e-05,0.5883941342,0.5347217227,0.9999779707,0.5003317922,0.4510001666,9.729134972e-05,0.6145623447,0.342598117,9.692040555e-05,0.3476828614,0.6025707289,0.808757747,0.5241596399,0.5274700026,0.9999786362,0.4363200473,0.8269182045,9.695612024e-05,0.4659734083,0.4580394799,9.771828171e-05,0.4779990137,0.6903390004,9.704879725e-05,0.6420920927,0.4628330557,0.9999779705,0.5820868891,0.3799608842,9.700418724e-05,0.3822882434,0.5175087384,9.708846991e-05,0.5729313741,0.5863123693,9.700153472e-05,0.523967122,0.4056163023,0.9999769164,0.5413203514,0.730767449,0.8802102408,0.3666078884,0.5702852459,0.6104115302,0.4431098666,0.4855433319,0.7904732429,0.5921431985,0.5244312904,0.8751394277,0.6482790872,0.2933739021,9.690293815e-05,0.4058464496,0.4831909893,0.1078839869,0.6891788611,0.2264039254,0.9999780763,0.5210135461,0.6435528122,9.710757725e-05,0.6045632848,0.3504288498,0.895200805,0.5352485361,0.4171638911,9.703544739e-05,0.349985133,0.639497213,9.707008866e-05,0.3623393602,0.5491666681,0.849232804,0.6321014768,0.3140635106,8.321988357e-06,0.4775693473,0.4321323333,0.001781576033,0.585159015,0.5707252087,0.6200809975,0.440379937,0.4817071484,9.695081175e-05,0.6215087585,0.4825661243,0.5954343676,0.5646131975,0.3890378484,0.0001405873675,0.4156063615,0.7032671282,0.5753173136,0.4595638487,0.4492579474,0.5428100807,0.4167596458,0.5232345415,0.999977218,0.3698571766,0.6363705287,9.702202435e-05,0.5572992567,0.3856436765,0.7061689952,0.5884793161,0.4993151392,9.693446011e-05,0.3960616041,0.4882039213,9.709151198e-05,0.5608496725,0.6298996744,0.8592713219,0.6386638174,0.4304555223,9.700890749e-05,0.6888635756,0.2226817731,9.624171429e-05,0.3311726144,0.5713655517,8.987980379e-05,0.4538086145,0.4402043721,0.0001053884586,0.6628063603,0.2861839949,0.6508418225,0.5557976481,0.564004969,9.709973141e-05,0.3925848657,0.5162205906,0.6756057582,0.6020432045,0.3468716257,0.6029483588,0.4569547546,0.4428768195,9.701995528e-05,0.5928368769,0.5012241883,0.6239758352,0.3630508239,0.5648203324,9.7099508e-05,0.6367316606,0.4297653432,0.6033001308,0.4315428024,0.4944728927,0.9999788738,0.3997245861,0.7257865334,0.5567599578,0.5818088658,0.3620774809,0.0001022598882,0.3229711152,0.6214511055,0.6828737198,0.5700648845,0.5868998434,9.071957306e-05,0.6929943369,0.2147167758,0.5410920386,0.4773281116,0.4242845695,0.9999834057,0.4051576603,0.855053869,9.719515882e-05,0.6053197291,0.7305200063,9.693559283e-05,0.4112359433,0.4663630262,9.706830525e-05,0.5085940965,0.395269151,0.5899006308,0.4087982937,0.5163237097,0.7216113054,0.5882547607,0.4715183794,9.678778733e-05,0.5557682611,0.643809596,0.8790546624,0.6641976684,0.2788772352,9.681714295e-05,0.3625907004,0.5475016473,9.729472221e-05,0.5791536885,0.5360938743,0.09084690833,0.6439579225,0.3141064053,0.7568955786,0.5145569491,0.4047639973,9.700433089e-05,0.4285997233,0.4544712107,0.6308330809,0.3474908668,0.5963948892,0.6536897439,0.4290068016,0.4706824635,9.874162554e-05,0.5787633975,0.3643432774,9.69784654e-05,0.3275455667,0.6890312701,0.9470614783,0.6082826459,0.3554911581)
