mCurrentIter=100
mCounterStuck=0
mYPrev=-20.44129045
mParameters.n_iterations=100
mParameters.n_inner_iterations=1000
mParameters.n_init_samples=100
mParameters.n_iter_relearn=1
mParameters.init_method=1
mParameters.surr_name=sGaussianProcessML
mParameters.sigma_s=1
mParameters.noise=1
mParameters.alpha=1
mParameters.beta=1
mParameters.sc_type=SC_MTL
mParameters.l_type=L_EMPIRICAL
mParameters.l_all=0
mParameters.epsilon=0
mParameters.force_jump=20
mParameters.kernel.name=kMaternARD5
mParameters.kernel.hp_mean=[1](1)
mParameters.kernel.hp_std=[1](10)
mParameters.mean.name=mConst
mParameters.mean.coef_mean=[1](1)
mParameters.mean.coef_std=[1](1000)
mParameters.crit_name=cEI
mParameters.crit_params=[0]()
mY=[200](171.4974966,21.30700373,-5.171016699,47.38116155,36.53701443,9.750424137,4.303063164,-1.324659054,-9.001246522,-13.00396672,183.4250665,-8.219924878,-27.47442868,2250.807996,784.7367139,-3.305066582,0.4984799757,55.50303371,1771.765132,1.058712734,28.47508511,14.85397,4.956899807,-0.3472315281,79.42598687,33.93655262,53.67655376,28.86017322,21.15185333,14.20908287,478.6464649,3.47927841,392.2464633,-23.17265487,171.9269013,54.69465023,54.32016955,374.8025556,-25.61974432,39.19820501,2960.439216,15.77027512,212.7119915,2.005967051,15.21426588,18.97572332,-9.513190755,24.63809285,23.14294532,-4.545928512,-28.22998487,7.914110678,33.64855319,-23.7995319,37.79718878,-2.489778018,118.9248169,2760.432765,-7.473570816,740.6813266,47.12986861,400.5557341,-0.2483851512,-2.965783385,164.1494472,27.18701345,-7.326677185,5.146329587,22.23548865,2.278605439,975.2801692,58.92078957,7.979580765,367.1295549,-3.284844781,6.125841199,-11.20928677,60.54879175,7.492290381,44.09480793,4.359684111,1034.450308,-19.05792632,53.43308209,29.43415777,-27.38287779,2.082887183,-5.952313009,38.29370186,41.1734333,-23.83330651,791.0050713,4.798104905,13.74911844,2.177164313,1200.330173,1269.705816,132.2384696,23.23244966,-19.25289079,-19.22336454,10.32241287,-25.69661949,-23.84637205,-27.00947686,7.588480955,-24.88642971,-24.11891027,-24.5589634,-10.79815974,-16.83693127,-22.79198038,-31.92456811,-31.85193888,-21.6086882,-18.76493963,-26.16569951,-10.79126426,-22.16314643,-4.136957234,-27.49742031,-25.09436599,-8.031161709,-19.5548214,-25.89796448,-31.32125267,-15.72669507,-10.2136223,-17.80292895,-26.99227322,-21.32024017,-30.4230271,-16.52789061,-15.9572932,-27.27332633,-23.32766507,-25.72875308,-8.833095093,-27.73415854,-19.40403489,-24.99959251,-18.71206784,-22.30986067,-11.06410942,-26.01428822,-3.794328017,-23.60684282,-29.62492684,-20.02289964,-22.48758565,-22.35107526,-12.972801,-22.28868561,-21.26434177,-19.77762458,-13.83766408,-25.89300049,-19.23884572,-17.13056024,9.643323287,-32.32328563,-29.87294656,-8.565239283,-11.89038043,-13.89174079,-18.18181077,-29.73413939,-24.18360728,-28.87660039,-29.14862028,-20.3255337,-17.68950559,-30.69006776,-28.04864652,-23.76108238,-26.46551535,-17.38507365,-24.95936205,-22.84508924,-22.34836302,-24.27295786,-14.28081625,-11.63477773,-19.82119953,-23.68624806,-28.18482728,-28.96842408,0.9615398402,-25.50409303,-3.192717447,-20.61469531,-18.42242564,-33.54824244,-22.08394233,-23.20036472,-30.07404194,-3.819787098,-23.27706687,-24.87216226,-20.44129045)
mX=[200,3](0.3919602611,0.6509478003,0.07817869161,0.6140529931,0.9269388431,0.4356671508,0.1099794482,0.1720785403,0.7472146428,0.2499852668,0.02867239058,0.5524033721,0.1253598469,0.7376986694,0.9355226635,0.06221287231,0.8346321609,0.4886842762,0.336680356,0.8115336907,0.324249048,0.4299790838,0.4587959203,0.3776027826,0.540875834,0.2333302396,0.7254700062,0.9877467316,0.4469176332,0.466657843,0.2047764663,0.2848566173,0.3011199379,0.1755034695,0.1348307102,0.6949250676,0.4041448382,0.4938351947,0.5698744688,0.7298283051,0.01191506071,0.1176648495,0.3502261861,0.3854776558,0.121215489,0.1989016274,0.2468045922,0.4542369541,0.1505967903,0.2935683374,0.8316150179,0.02286385134,0.8911708141,0.1767884225,0.07832054836,0.9511583983,0.02748519927,0.7996940728,0.3902262433,0.8156490153,0.1414014242,0.5754736733,0.2536802831,0.3695778256,0.1648566578,0.9017503784,0.8510348391,0.3287881595,0.82951456,0.537533358,0.5644416997,0.7786867907,0.6668967804,0.8298634955,0.1509666511,0.2526594151,0.7288031045,0.1808232574,0.4783130386,0.2266946515,0.4285334382,0.9567268545,0.9088817758,0.3165361329,0.3199326672,0.6987854231,0.8567088088,0.3253556374,0.5380182113,0.8642913485,0.6204583436,0.9652692393,0.09219615225,0.5625602302,0.1299167544,0.809606948,0.6442792102,0.2020433847,0.2656504997,0.4472073693,0.5511404143,0.6053357467,0.4189487809,0.03492448278,0.442593314,0.2973955228,0.04843636286,0.5296374804,0.9203757226,0.3715889556,0.3887947863,0.7014300724,0.5257401048,0.1325569816,0.5858081842,0.5043643294,0.6187864446,0.4908403009,0.6050028083,0.9952817379,0.9992551568,0.3034725781,0.006546183752,0.7133054498,0.07857415408,0.8977948291,0.9142229664,0.3610140356,0.275516066,0.230177722,0.7848393437,0.6264446474,0.3032820484,0.8553122591,0.6537955045,0.9395997731,0.7086215609,0.8775453902,0.5006518514,0.7460778898,0.490802454,0.9726778362,0.4081929085,0.9483362941,0.6825080483,0.7936895953,0.2382241304,0.01359495525,0.1892220478,0.5479000872,0.09158383377,0.4379240936,0.5868659229,0.866558649,0.5948902688,0.2965842233,0.8085732104,0.6391261236,0.9638722905,0.834639904,0.5455144786,0.5184017945,0.03196955303,0.8664953217,0.2493061223,0.7330432967,0.1933687089,0.7377142499,0.6974498033,0.6635021712,0.1452227092,0.511153541,0.1445862576,0.01816195399,0.6725696327,0.474067712,0.7639702548,0.9081731715,0.3107882822,0.169703455,0.1897714256,0.9311331765,0.8815174309,0.8710844237,0.8857209879,0.06973278996,0.5500198315,0.5828853838,0.7933535911,0.4301414886,0.8041827344,0.3465895989,0.5979127106,0.7171990859,0.102784842,0.2886972159,0.4608256576,0.2865652348,0.8400281221,0.6859049712,0.6496000702,0.2110847646,0.3388871751,0.3697300733,0.6545026987,0.6761879084,0.2098464744,0.2201271596,0.005728472054,0.7522597996,0.7406552919,0.1042237467,0.2211126422,0.814632825,0.1519838677,0.5026848835,0.9661465843,0.05301273084,0.6647697172,8.186682826e-05,0.7545192946,0.05869174953,0.6070082142,0.7620795765,0.5365376724,0.465002997,0.2580529836,0.8477114009,0.8290288097,0.3504864318,0.5938601845,0.2633453761,0.9107505209,0.9851347567,0.1364939663,0.7719514657,0.6319429115,0.888187,0.8745444124,0.9522590011,0.5293088323,0.841676599,0.4052339385,0.3433478723,0.3421140373,0.08460751384,0.7739784642,0.6403233814,0.3583584029,0.4559055949,0.9730423214,0.91361746,0.08914498724,0.08457171162,0.9785468604,0.4829914895,0.4253435304,0.5791674383,0.7567862078,0.1169762569,0.6894212595,0.3787092532,0.2779311853,0.7899850947,0.63965517,0.9802534434,0.4792826791,0.0453629612,0.9927591252,0.3973665963,0.3869450332,0.6257144546,0.3351936158,0.2760127726,0.215062534,0.1908131756,0.5716132441,0.06393642523,0.67279813,0.1182244636,0.2605145292,0.4181295314,0.9464730917,0.09858532126,0.713598538,0.7619712957,0.4881090846,0.03377473993,0.7896477414,0.9459176024,0.04125975075,0.05529154258,0.5129148125,0.2124644585,0.8949725892,0.6162863005,0.9268251637,0.1632030984,0.4193456285,0.7048301537,9.691461936e-05,0.5787131671,0.4296776507,9.049542868e-05,0.6701474346,0.3240297259,9.693360753e-05,0.5318895882,0.4717691519,8.974412342e-05,0.5942415721,0.4131381831,9.715341442e-05,0.4876013874,0.5038367525,8.678149931e-05,0.68942525,0.302173391,9.691403141e-05,0.3649361879,0.6485305202,9.693497092e-05,0.4902804762,0.5038877683,0.7401823112,0.6018000688,0.4293483456,0.9656004952,0.3873385402,0.6620869627,9.701375585e-05,0.6218692103,0.3789330298,9.684248559e-05,0.3505580639,0.6336941231,0.01846764538,0.4336618896,0.5301500387,0.8200646822,0.5623288179,0.4737489075,0.5616815988,0.7032415981,0.2931902508,9.788077318e-05,0.4427933668,0.6883215261,9.717765787e-05,0.5316258682,0.4822823834,0.8893434088,0.4257706209,0.5449120091,0.7659126881,0.6250231994,0.4022086047,9.037052688e-05,0.6977563769,0.2903880516,9.708273364e-05,0.3310030638,0.6016054731,8.840652824e-05,0.5671567453,0.5438458917,0.9999779773,0.3922964638,0.6754935115,9.693033718e-05,0.5704344675,0.4254399614,0.005204624797,0.3961682435,0.5365645122,0.8369216903,0.5602381073,0.5003932704,9.693602428e-05,0.3711564539,0.7046146172,0.7626308203,0.7050728807,0.2954836296,0.6575517947,0.3215606183,0.6097043292,0.6269262478,0.600403003,0.4259506436,9.656006633e-05,0.5632484796,0.5694132332,0.3942099744,0.4475622639,0.4976060457,9.709203808e-05,0.61877304,0.3775673668,9.711627736e-05,0.5319402109,0.6690607504,0.9179578212,0.5652826574,0.5556047747,0.1770842533,0.478920404,0.4751939252,0.0001067181788,0.2974201685,0.6298111152,0.9999779703,0.4012535811,0.6992198975,0.02734038029,0.3880197806,0.547128204,0.8892465689,0.6476786076,0.380416882,0.1653004546,0.6138548211,0.5053910195,0.7173989455,0.3918410203,0.551106538,9.702412309e-05,0.5257616055,0.6092691094,9.695285074e-05,0.3682396726,0.7482909087,0.6008154435,0.5872183343,0.4606961684,9.677858049e-05,0.7029876954,0.2806268715,0.4920377352,0.3067384375,0.6356832194,0.7510622968,0.5683774463,0.5648391994,0.03826282782,0.4938109728,0.4541904723,0.7348798327,0.5169176269,0.6478816217,0.5242668069,0.4204291596,0.521411964,0.6745175038,0.7087791656,0.2851574441,9.703958026e-05,0.6040733011,0.5369972199,0.7041230843,0.6270908649,0.4508091496,0.007056801308,0.2924544915,0.6588039506,9.710772548e-05,0.61708429,0.3766398124,9.732494636e-05,0.3793460321,0.5705063431,0.02823644077,0.5156348872,0.6184010894,0.7322716835,0.3284698004,0.6176465271,0.01711837261,0.4408587972,0.8563592991,0.4844480784,0.4620013794,0.490047095,0.6073638113,0.5930246471,0.5345337264,9.712045437e-05,0.5688091627,0.7167219218,0.7534977621,0.3455887092,0.7204000318,0.7676289266,0.6547337971,0.3568838803,9.710964591e-05,0.6332790341,0.4720705474,0.3265679523,0.4188608284,0.5140855299,0.6613128272,0.5200673538,0.593250635,0.4143656142,0.5052676175,0.4486201664,9.70951698e-05,0.3821003712,0.564082141,9.729056784e-05,0.297419909,0.6859564334,0.2111003698,0.5755578973,0.5473285492,0.4046119531,0.5066746666,0.4486067213,0.5000441282,0.4480388978,0.6281582181,0.8042315,0.6308517235,0.4728347044,0.5766567031,0.4082728062,0.5316951613,0.05238387773,0.6312555144,0.3558109911,9.73580717e-05,0.4441760162,0.4785842636,0.4596222336,0.2953233722,0.6263814999,9.726792342e-05,0.5008731888,0.5952590193,0.5826714338,0.5756730645,0.5216534901,0.7782764144,0.5422077203,0.6887704592,9.710088007e-05,0.3336134601,0.7448109066,0.2945856389,0.6536626967,0.4306280914,0.5482361999,0.3723376313,0.5663084869,0.4383259884,0.5170574017,0.4352293656,0.5426216607,0.4563149031,0.5030258748,0.6856399805,0.7138932085,0.2757952675,0.3168158649,0.4403112273,0.6366903293,0.9519378959,0.3385197169,0.739698987,0.03661470394,0.6009020678,0.5181011499,0.7364328441,0.5584916494,0.5805557562,0.0001059309481,0.4030468568,0.5151075874,0.0001006096036,0.2721002026,0.6427638332,0.7674020955,0.6237323039,0.399659925,9.710774841e-05,0.3552299638,0.5710551475,0.07844789067,0.7077192262,0.2698415776,9.669287858e-05,0.5011815711,0.4339178733,0.6162968822,0.467087874,0.4928924152,0.5589214468,0.308689611,0.6628358201)
