mCurrentIter=100
mCounterStuck=0
mYPrev=-21.6370111
mParameters.n_iterations=100
mParameters.n_inner_iterations=1000
mParameters.n_init_samples=100
mParameters.n_iter_relearn=1
mParameters.init_method=1
mParameters.surr_name=sGaussianProcessML
mParameters.sigma_s=1
mParameters.noise=1
mParameters.alpha=1
mParameters.beta=1
mParameters.sc_type=SC_MTL
mParameters.l_type=L_EMPIRICAL
mParameters.l_all=0
mParameters.epsilon=0
mParameters.force_jump=20
mParameters.kernel.name=kMaternARD5
mParameters.kernel.hp_mean=[1](1)
mParameters.kernel.hp_std=[1](10)
mParameters.mean.name=mConst
mParameters.mean.coef_mean=[1](1)
mParameters.mean.coef_std=[1](1000)
mParameters.crit_name=cEI
mParameters.crit_params=[0]()
mY=[200](19.47022387,35.94680239,594.6057776,20.88537149,36.90323014,-5.785291583,383.3854526,23.30900193,33.82260952,-17.73146377,31.5064554,-17.14124251,-21.57561055,-23.12203319,33.72902715,52.4273206,-6.880566625,18.89532351,81.53376128,-1.137716352,2657.008966,-18.13983296,111.4679555,-21.9241951,45.56142103,33.739879,25.87223067,49.58579718,-2.90874224,-13.21748644,168.2213696,-11.75731775,22.20994483,457.0708609,12.87861918,19.01847146,-19.36356782,1186.389364,48.2877599,31.3886396,19.90393092,35.93303558,376.5523391,36.56539268,1320.15173,-15.65018432,63.34556504,49.9285777,45.52414878,-6.989661781,17.35031,107.8351574,39.53089032,14.19129359,3790.687227,49.75481536,922.6866222,130.7323874,13.19528643,21.22551693,92.29169077,45.59525602,539.2149116,184.7301554,27.8412432,5.17172564,19.54610478,2320.517476,16.570114,-11.57424185,15.38948064,14.48209117,1876.95202,-10.52006504,448.6941693,44.04743488,32.98747407,-1.710692334,39.75279524,52.13358254,765.3463965,9.744239885,-1.555315398,15.31290807,-6.34771237,2647.609392,969.5435992,16.55657024,696.2497382,-8.738824085,22.29775585,28.04395299,-9.982638904,-17.07609048,55.97845541,242.2312378,2883.295459,17.7358896,12.81890407,8.414031811,-15.6068415,-18.11304652,-18.14946819,-8.725058536,-19.14584037,13.39570161,-18.09095458,-0.2060145566,-14.49282929,1.971651817,-17.70721309,-17.14133335,-9.871017405,-19.37943329,-23.21268778,16.57235051,-12.16586085,46.13910346,1.609181735,18.32664432,-12.12609022,-22.18991167,-14.01299907,-3.687579782,-4.739516804,-17.48146067,-14.60139391,-4.418015481,-18.03911521,8.219450855,-17.91615232,-14.84425465,-19.57729399,-20.63852961,-11.99005718,-10.19714335,-28.11051811,1.123076646,-15.28448736,-21.11553257,-11.70214997,-23.8330843,-2.638294401,21.6925659,5.529433063,-21.91798216,-13.65227825,-14.61523074,-3.986211334,-10.90444416,7.33468751,-22.75979988,-21.58200068,-24.54926189,-18.61837119,5.474774634,-10.59418234,17.52575381,-13.69066771,-6.707214929,-28.32557657,-25.88116493,-17.24911609,-9.215416821,-16.3715163,-21.90658461,2.19007462,-11.69745674,-18.31996414,-17.56820732,-20.82473032,-9.329586032,-28.40696772,17.85810931,-10.78550326,-11.96047111,-23.27375644,-16.0756693,7.855826454,-16.5014029,-26.63987812,-26.45941245,0.07797475183,-15.91522633,-25.81949891,-24.68853824,6.123991617,-27.2220909,-8.410775208,-15.99752869,-25.90639113,-17.06592963,-8.735113926,-10.86468161,-27.25484978,-22.63386909,-11.02572464,-21.41864075,-3.065957782,-21.6370111)
mX=[200,3](0.0331458029,0.5573012185,0.8294950396,0.0403308068,0.9067767069,0.6675089573,0.8008981454,0.06498957757,0.3153795712,0.4380623951,0.8348035808,0.6471029,0.8191797969,0.1115561221,0.5791806184,0.2527564817,0.3328895481,0.447388364,0.09929630357,0.2295234484,0.2219371438,0.2368587037,0.2786293315,0.8982678285,0.3686847951,0.5357739148,0.921092925,0.1212867032,0.6118074051,0.3928217185,0.7345845625,0.9585898714,0.3847739095,0.4715769935,0.3021120567,0.4921577593,0.6934197684,0.409680964,0.478620783,0.06103957785,0.5032225638,0.4513524448,0.3935076015,0.4243028297,0.9501326238,0.3513003487,0.2611954356,0.3639816196,0.2855201741,0.388815584,0.7202385862,0.9299683307,0.7858410899,0.1891835938,0.2050408597,0.9830986104,0.2065432161,0.4824162162,0.240151479,0.7334888918,0.1094906605,0.08243661754,0.06104737412,0.1653041029,0.4165320067,0.6370742566,0.8753653251,0.8421092595,0.1458592148,0.647128946,0.4933179165,0.5557042698,0.1449985494,0.8872146845,0.7992333418,0.2604064792,0.3126906179,0.3424609125,0.3102837556,0.719513855,0.8127925273,0.2241167926,0.9951789032,0.514896744,0.5949896154,0.2501222798,0.7165943964,0.7435288619,0.5131485475,0.6585550021,0.3748011401,0.7919024814,0.09776560699,0.5627643547,0.6906001941,0.3749101022,0.5809528045,0.2930881747,0.8813983503,0.6699531058,0.3512707466,0.1519895619,0.7664020253,0.05917564163,0.7501576444,0.545282781,0.8252775183,0.3247197654,0.08906492128,0.4598836009,0.5886455599,0.5761186703,0.9346813145,0.05196983713,0.6276810535,0.8982186179,0.198652343,0.4994331319,0.9268034229,0.4063086206,0.05984384983,0.5670689149,0.2376332722,0.6179764569,0.9174553204,0.2651075331,0.6741359902,0.2022109436,0.2744406258,0.008470280685,0.3659021419,0.9607106517,0.8271772351,0.4833644854,0.02579408611,0.8536597788,0.6453278268,0.4602828089,0.02538277292,0.9462854714,0.908921281,0.1906233291,0.9792281413,0.5605080902,0.5329369003,0.7441288727,0.9446155447,0.5084943324,0.7303750956,0.4116120338,0.3826837809,0.1773690489,0.8561804297,0.4494730442,0.12357354,0.428850211,0.1355707812,0.9609504964,0.295862575,0.8875447559,0.8187614182,0.2851679156,0.1144442029,0.6813542083,0.001516116783,0.2794245206,0.8753521459,0.8782120396,0.5501527668,0.2102438587,0.1677075006,0.8620136037,0.01703142375,0.4831320789,0.6517163897,0.001800654703,0.7411376115,0.411380462,0.6088741126,0.842694546,0.9854627799,0.7051056461,0.1338478997,0.4222870877,0.5857372938,0.9806947628,0.01068315305,0.5730298855,0.07358614635,0.3497361538,0.851933607,0.1149591838,0.9340055528,0.7647632357,0.8385520797,0.8462136044,0.3909790351,0.7733631086,0.2978836189,0.7755705623,0.7003298404,0.9071276922,0.1074221984,0.1025220476,0.7907943032,0.8612886577,0.5321461646,0.1590839087,0.6243962134,0.3560450506,0.717594002,0.03343457304,0.8013826746,0.07181209222,0.1436932003,0.8625178721,0.8965293496,0.1684829326,0.1219120252,0.7570507237,0.6397312318,0.5916803651,0.1825076002,0.3226484068,0.17252273,0.9942389621,0.4638989888,0.9917037098,0.9657889351,0.1802262115,0.9375837771,0.9765799752,0.5280056616,0.3310670729,0.788043229,0.3451620599,0.9779442472,0.4670724458,0.5448503219,0.2552154029,0.1760308985,0.07910871998,0.2409258991,0.6308739162,0.2348824714,0.5037026374,0.6815226627,0.6654008798,0.62649649,0.2170875328,0.6758906829,0.7665148832,0.3376215771,0.2869855195,0.4306704793,0.7206560301,0.04220503444,0.08566875626,0.3277245317,0.7529692291,0.03873055093,0.3055435462,0.02496658394,0.6749608395,0.4500371715,0.5956750649,0.04932080442,0.4098282394,0.6585749442,0.3026880127,0.7715858408,0.1372513691,0.6157246469,0.2407868634,0.4463825321,0.9161799514,0.9107000728,0.434182463,0.5436172248,0.5200822644,0.4726780657,0.6022466836,0.9564478833,0.1975184252,0.5201920719,0.9462063207,0.3792194765,0.2191930947,0.833932135,0.1577436548,0.0131639917,0.7004625051,0.8079268231,0.6860513933,0.5187671818,0.09240399189,0.7806920233,0.6002620965,0.7218972255,0.6998994766,9.690725714e-05,0.5739886243,0.5083853241,9.692546204e-05,0.5708024813,0.5075169243,0.9999780885,0.5967940826,0.4739500601,9.711067401e-05,0.4263842894,0.6800375557,9.687150602e-05,0.5325575428,0.5420188729,0.9999782603,0.4250636496,0.8030115397,9.698332706e-05,0.60501176,0.4507907648,0.9999781747,0.4244470455,0.6793228076,0.9999780417,0.5864165631,0.5048822011,9.675884642e-05,0.4089079851,0.7643474754,9.073271556e-05,0.501887268,0.5729425817,9.693338506e-05,0.5998788497,0.4453855208,0.9999857517,0.5893859241,0.4293099512,9.696630885e-05,0.4374580555,0.6432848594,9.698352891e-05,0.5486137087,0.5126724634,0.0001036742283,0.7792361023,0.2520606703,0.9999773554,0.5480376078,0.563871799,9.927854025e-05,0.7765986373,0.2533232748,0.999978146,0.4523903799,0.719592718,0.9999782439,0.4332272988,0.8440566544,9.69514297e-05,0.6014838015,0.4184377829,0.6539622973,0.5774781761,0.4922336219,9.659572369e-05,0.4997229664,0.5980427525,0.9999781071,0.43597044,0.6328685891,9.676409381e-05,0.4380386468,0.7208539831,9.689436281e-05,0.5466600202,0.4994655823,0.9999779861,0.5882493589,0.4233016694,9.713609998e-05,0.6618864692,0.3496949539,0.8475030275,0.5673393869,0.5253752361,9.679544902e-05,0.3848483716,0.7969937026,8.981971396e-05,0.5816695654,0.4579071538,9.830069047e-05,0.4426889432,0.6553101285,9.784997266e-05,0.4639998825,0.5511126441,0.7813888708,0.5671023104,0.446884508,0.9999781249,0.4866139593,0.6041530775,0.001084886048,0.6105811665,0.5732191625,0.611595114,0.5578933741,0.5010661355,0.9999781451,0.4606764213,0.7361987785,0.999978065,0.635468476,0.3789640138,9.696186703e-05,0.5975426423,0.4045458995,9.009341144e-05,0.441625174,0.681120109,0.5273230405,0.5631582129,0.4696014535,0.9999779492,0.3801693956,0.6585489937,0.9999876993,0.4642100588,0.8640924793,9.074953856e-05,0.777513676,0.2429060098,9.684315168e-05,0.3806433794,0.5644903527,0.8996615237,0.5626142256,0.5420219833,9.049930665e-05,0.5186382145,0.4816333635,9.674913241e-05,0.6759005184,0.3300310547,9.700303323e-05,0.5749007817,0.6195345161,9.695146087e-05,0.3778788627,0.7897996444,0.713508658,0.5748645665,0.417183182,9.693034172e-05,0.586776384,0.4131275573,0.5155125932,0.5220363433,0.5173628506,0.0001001254562,0.3213191759,0.6298567588,0.9999740216,0.7860612241,0.2454854264,0.9174197002,0.4735894672,0.5952910856,0.9999744296,0.7847327499,0.2460215847,0.0325112799,0.669450036,0.4746472081,9.778727709e-05,0.48099422,0.7030537506,0.7785417048,0.5444408711,0.4489479152,0.0001054029795,0.432131296,0.526446869,0.9999850208,0.6714513214,0.3529079436,9.703969163e-05,0.630610202,0.571588588,0.515833984,0.5696194258,0.415142935,0.6971995956,0.5214807031,0.4929476719,0.9999779703,0.3707278168,0.6815470436,9.701278997e-05,0.6293988781,0.3763913771,0.08922571038,0.369211101,0.591359043,0.5844165746,0.55244476,0.5418874465,9.710308235e-05,0.4861433664,0.474386005,9.704543974e-05,0.5569111077,0.6405655424,0.6521854638,0.54488001,0.4450267392,8.991133565e-05,0.4537300526,0.8521191105,0.4431974809,0.6736119803,0.4743855667,9.893322389e-05,0.2930196565,0.6849970417,0.3583055113,0.4521958721,0.5330727259,0.6748858898,0.4928024519,0.6211085231,0.9999696819,0.4175085778,0.7666567353,0.7493454144,0.5999076415,0.3970125785,0.5796700504,0.4998133568,0.4747338382,9.943252051e-05,0.5428397242,0.4272673152,9.718658122e-05,0.494247077,0.7280173284,0.5132790865,0.6071429898,0.5526351013,9.701060987e-05,0.4444742007,0.5075148388,0.4982311899,0.4012765099,0.5852098339,9.388970984e-05,0.6863757777,0.3093451578,0.5727578622,0.5130770007,0.4638748887,9.68764769e-05,0.5602970604,0.6306812634,0.4034666651,0.5702840482,0.4128194802,0.6252322012,0.491466118,0.5131457416,0.5316318652,0.346465698,0.6508973236,8.992262914e-05,0.6333013633,0.5261308947,0.9307170986,0.7044999048,0.3115821106,0.3999087234,0.513189004,0.4648358204,0.5629766618,0.4343436202,0.5659827631,0.7013549048,0.5173609058,0.6686804091,0.7223911375,0.6240324661,0.3857596536,0.4689610179,0.6787076723,0.4570109475,9.706242214e-05,0.4007013963,0.5439602306)
