mCurrentIter=100
mCounterStuck=0
mYPrev=-39.3455343
mParameters.n_iterations=100
mParameters.n_inner_iterations=1000
mParameters.n_init_samples=100
mParameters.n_iter_relearn=1
mParameters.init_method=1
mParameters.surr_name=sGaussianProcessML
mParameters.sigma_s=1
mParameters.noise=1
mParameters.alpha=1
mParameters.beta=1
mParameters.sc_type=SC_MTL
mParameters.l_type=L_EMPIRICAL
mParameters.l_all=0
mParameters.epsilon=0
mParameters.force_jump=20
mParameters.kernel.name=kMaternARD5
mParameters.kernel.hp_mean=[1](1)
mParameters.kernel.hp_std=[1](10)
mParameters.mean.name=mConst
mParameters.mean.coef_mean=[1](1)
mParameters.mean.coef_std=[1](1000)
mParameters.crit_name=cEI
mParameters.crit_params=[0]()
mY=[200](513.3757665,-18.75805334,808.1015242,-9.978101265,1730.649972,1812.295966,7.78293956,52.52538026,-18.96842664,1128.146813,-47.28341563,-48.81195547,-23.05764143,-32.32528525,-1.926693831,518.1141141,374.0899233,30.45972491,-35.63931384,172.596174,-42.25211995,32.39652406,5.646108314,-3.313938919,-22.28345643,35.07244912,7.038524347,66.5193186,25.79726095,-21.20676863,-5.198025797,-20.37411416,-2.56135745,-8.187599334,9.870263189,-40.44512357,14.93435559,-35.47246998,14.46138092,-7.66112464,499.299502,-42.4815649,32.02895181,28.23000033,-25.28005676,-10.92357699,-41.4947407,-2.040324382,-29.6278118,37.03011836,-45.8445477,31.41523642,40.8715768,-5.961677285,11.83909134,2.093583895,30.96898838,1158.499034,1413.633216,3075.168378,679.8692226,1461.343763,166.1094663,-18.00988163,-45.54040292,-25.70065935,47.29871384,-13.47773902,16.65600197,27.94494384,-22.01795824,1323.126519,78.30758596,62.36560139,-35.09935877,-46.87476302,-30.70487216,-29.26602831,6.859760746,40.18273746,1118.2851,-22.38898629,0.9237905301,38.38658214,221.6443256,24.26089052,-5.427456588,39.35537067,-5.592974428,-17.4306294,31.33803634,4.165610655,47.9488869,-40.85210485,-39.9528738,-36.99091135,47.88742839,-38.6465899,-6.267494249,-45.97224211,-48.72288435,-50.46038133,-46.52971031,-46.88569807,-52.86098036,-47.40097509,-41.16065246,-50.27743105,-48.55766881,-52.31350553,-15.43240901,-47.12677988,-20.56037186,-48.43996491,-52.09946645,-44.46438904,-52.64125334,-36.79246616,-35.96608587,-48.13106263,-46.70031965,-20.64156237,-52.14849994,-50.79121022,-49.06204323,-42.87420208,-54.66532331,-44.34468451,-45.29231687,-54.33115396,-49.71604302,-27.63827371,-32.46798534,-41.17422603,-49.35622887,-46.26607335,-53.57772106,-33.18402954,-46.16695499,-46.75341175,-23.44519153,-51.21298681,-43.74239564,-53.28145904,-49.17471844,-51.35350841,-18.36731323,-50.36101222,-53.61763367,-40.79544757,-43.47517428,-56.29283178,-41.34783675,-49.21958211,-40.96635879,-50.11948401,-54.88128898,-30.44190473,-22.30717273,-51.83679586,-50.36245397,-49.54352558,-47.45993859,-49.27733312,-51.13243196,-50.39921232,-42.15174257,-46.74009723,-42.39459232,-47.83670281,-56.51944125,-39.84985572,-52.71764685,-46.84279368,-51.46716553,-48.86196571,-41.386593,0.3735585825,-51.17686068,-39.89840836,-50.72697602,-50.27944767,-50.01117642,-42.68834765,-47.65533651,-49.388434,-34.29269376,-49.70201674,-45.78236078,-29.91398307,-51.50476185,-35.73222491,-49.89923056,-46.82504792,-47.35985868,-51.02009912,-39.98676483,-48.10589823,-42.97613324,-39.3455343)
mX=[200,3](0.8995961465,0.2574276541,0.1340524094,0.7083750481,0.5537955022,0.2016217869,0.02844846389,0.5100803359,0.03815477989,0.5551936964,0.7166823298,0.5356331926,0.3717041075,0.06639281744,0.1013487894,0.4950185072,0.2981511294,0.01276411965,0.4329618119,0.8085823176,0.6103596307,0.9625447025,0.9737037316,0.8820595208,0.5112215036,0.7313481502,0.2910083117,0.1327919961,0.3318889706,0.04597765574,0.1432133069,0.3842850329,0.3845407459,0.4073732912,0.2071689646,0.44561751,0.2863663921,0.3593197851,0.7194826392,0.9114291201,0.6402403694,0.4011304154,0.7391876565,0.7948695836,0.5137081393,0.168723744,0.2267487907,0.1417495366,0.3582439154,0.9278561427,0.07563696534,0.6142002996,0.8793286918,0.7463126683,0.4453702258,0.4778395149,0.598666303,0.6301546209,0.1892838016,0.2357041973,0.06784405319,0.5066871443,0.4330307978,0.2497112216,0.2668044623,0.9927473704,0.8380248595,0.4130535695,0.8683538134,0.4880312083,0.138946501,0.8434295501,0.9246251545,0.08450671388,0.7559018311,0.3609506805,0.8645548594,0.8107592054,0.2357694117,0.8554377051,0.3939672748,0.6079628046,0.4937710467,0.1589060083,0.673937554,0.786880283,0.8265722297,0.4671935941,0.5747508771,0.6294491714,0.5995270525,0.6814199045,0.6966316027,0.9066456872,0.03770851076,0.7666069237,0.2291171265,0.6041322816,0.7240702194,0.628142311,0.7733660004,0.378601557,0.8874014952,0.8290335109,0.6500910996,0.5412400859,0.1244773897,0.6453491344,0.6949367891,0.3259225312,0.2521263046,0.09485203397,0.5439546197,0.4903713281,0.7935283077,0.8431611902,0.6895728199,0.8563844387,0.6937455289,0.6704552457,0.03637883077,0.1620168583,0.1741424081,0.2158188537,0.4024709825,0.5530001561,2.3770798e-06,0.4459999697,0.9619487334,0.7265010156,0.1068335749,0.9876852524,0.2739634845,0.1971043782,0.7301204382,0.04704820449,0.2137263806,0.7866305566,0.9866254638,0.5950495288,0.4104852765,0.3019297791,0.4674618027,0.7990582547,0.8065445265,0.6265942247,0.2899356584,0.1085764292,0.9558016552,0.6628540022,0.5256708267,0.01557755594,0.5734072871,0.3912662194,0.905714662,0.7050151576,0.8291958547,0.9912313445,0.3120252772,0.5798971632,0.7400215738,0.3511479047,0.658536996,0.3170493026,0.9060531901,0.6839203069,0.7031817716,0.1878703502,0.9789263735,0.9683848267,0.5440634118,0.209209397,0.1704619694,0.1119541533,0.7759499832,0.1597094434,0.09972408885,0.1751351558,0.3796894422,0.002358169619,0.34426025,0.9191571849,0.06478617326,0.9938729528,0.2482136655,0.057976574,0.532924484,0.6387830976,0.0868884431,0.785283198,0.09070674485,0.778270464,0.8708048403,0.1150818872,0.526168161,0.5681305505,0.2892380654,0.3312648814,0.1529963881,0.7690947644,0.9539988686,0.4279627756,0.1420819863,0.801673836,0.6641802662,0.4393193921,0.9180097658,0.4143269389,0.5842001148,0.9218790327,0.7611994407,0.3418374678,0.3095574515,0.1819029458,0.6790938579,0.02649868142,0.3292628118,0.8829459566,0.1237552914,0.1922093573,0.8919381352,0.9725087407,0.266869246,0.5607314663,0.4245811417,0.07939638954,0.3962801905,0.4875791104,0.116205479,0.5362206248,0.4633994758,0.7573514097,0.6133735161,0.5029952364,0.8460392732,0.02223099804,0.8949636865,0.05317835712,0.8303288848,0.8560954142,0.7493349001,0.001026852992,0.1655013892,0.9399514877,0.7211581307,0.3419315673,0.4539908815,0.7587466316,0.6038099569,0.8620311198,0.9880835534,0.5832258007,0.3185485695,0.2378183498,0.1949720655,0.5809442473,0.52091964,0.9361723682,0.8133131995,0.4858263236,0.2221566581,0.3838278752,0.6693417073,0.9496138433,0.3393726607,0.04293913436,0.838155836,0.08629342891,0.6589390192,0.2412788866,0.4753496792,0.2764373358,0.2730993058,0.2985625677,0.8175100956,0.5678698256,0.9481271529,0.9478181335,0.2166383045,0.7108737266,0.3638973136,0.3270779419,0.1272591481,0.07923759984,0.4547765525,0.9573345309,0.05724534085,0.478141527,0.6484027072,0.938342232,0.8723260259,0.257212682,0.3096141746,0.6369801361,0.01431075946,0.4208892915,0.2687848093,0.5003755208,0.4584386222,0.361090284,1,0.3374828336,0.536755992,0.9999781578,0.3537115407,0.4748078697,0.9999781393,0.3183465355,0.5797807106,9.696872084e-05,0.2792366111,0.5435136849,0.9999782182,0.3541380486,0.4532835729,0.999978133,0.3541459115,0.5279699845,0.9999781959,0.2983026497,0.6344916452,0.9999780888,0.3565338983,0.4204769657,9.685548584e-05,0.2875915658,0.5309646155,0.9999781156,0.3610894337,0.5051153146,9.867266158e-05,0.7148715796,0.2685446047,0.9999781771,0.3415106312,0.5787592392,0.0001008795998,0.6453764459,0.2870803332,0.9999781569,0.36444054,0.4193937187,9.693932607e-05,0.3033933634,0.4897692721,9.687424347e-05,0.2897126025,0.5931412324,0.9999780664,0.3669243061,0.4987630678,8.927973227e-05,0.482732247,0.3543728127,0.9998025155,0.3272693423,0.6727250124,0.9999781209,0.3665302203,0.5500360246,8.990773118e-05,0.3367334138,0.434191593,0.999984866,0.6784833526,0.268725967,0.9998671325,0.374502972,0.464905039,0.1586428762,0.318237958,0.5142824344,0.9999780654,0.4218624567,0.3817935139,9.750324785e-05,0.320070354,0.5973045216,0.583949156,0.3446776167,0.4886506777,0.9999783286,0.3622823773,0.5831183058,9.779157624e-05,0.3766658658,0.405410139,0.9999780428,0.3865074631,0.453341454,0.2898992434,0.3258225304,0.5110116874,0.9999713841,0.6551294526,0.27312697,0.9999775681,0.3408690002,0.6881619935,0.9999855776,0.5300103783,0.3273654256,0.999978077,0.3853470722,0.5224169095,0.9999781241,0.3791356266,0.4102815911,0.2681831961,0.343994846,0.4626071875,9.693258244e-05,0.3182834836,0.6520065899,0.9999780079,0.1614688751,0.5851976499,0.1851718265,0.3707278404,0.548159059,0.0001005605587,0.5516283325,0.3198379583,0.9999861845,0.3883709645,0.4819181361,0.9999780768,0.4064740198,0.5953404916,0.4430866276,0.2179506147,0.5186693929,0.369727527,0.3598648677,0.4411917131,0.9999853329,0.4466801395,0.3737823233,0.9999831502,0.4120248054,0.7567167243,0.9999774076,0.3853007489,0.5160616242,0.4420826512,0.3527377997,0.4713352081,0.1693069718,0.391495393,0.5543634216,9.714653749e-05,0.4310901265,0.3855604399,0.9999849716,0.4280711932,0.4452450399,0.9999758405,0.1113513955,0.6329479316,0.999977952,0.1915883725,0.5341263798,0.9999781481,0.3850938574,0.6209497639,9.727838747e-05,0.144978293,0.5721435649,0.4189764102,0.2459116526,0.4967029316,9.721279391e-05,0.2840181664,0.6621375558,0.9999798098,0.6923111739,0.2582542172,0.9999698074,0.3940416134,0.3991601467,0.6412364095,0.2731827724,0.5549771427,0.3861284853,0.3537953067,0.4526184983,0.9999779586,0.2507469653,0.4858467543,0.9998527691,0.4231035663,0.5531936009,0.3409194266,0.391266416,0.5079274696,0.9997689098,0.4699347676,0.4563004475,1,0.5299483739,0.3252418693,0.3986307746,0.382524888,0.4090411812,0.1882856044,0.3530672585,0.5802822625,0.9999032189,0.1936986781,0.5614689979,0.392263049,0.2708072908,0.4967724796,0.9999781548,0.3652064275,0.6399421633,0.999978001,0.4366577899,0.4877105179,0.999977633,0.4760185866,0.3611956873,0.4373152839,0.373907307,0.4405731151,0.5177573317,0.385875471,0.5293226564,0.9999780174,0.2531388874,0.4404190145,0.1152156807,0.7374660107,0.2462754647,0.3211486983,0.1874100598,0.529586102,0.1312230781,0.5147634167,0.3350770049,0.3791636004,0.3843593934,0.479410927,0.532251943,0.2444998775,0.5824946975,0.9999778929,0.2632824153,0.5141763236,0.5243609839,0.4343161398,0.4026831953,1,0.4262827694,0.561283916,0.4421367016,0.3867273903,0.510579826,9.729711556e-05,0.3894464361,0.6085284917,0.273848662,0.2755463398,0.4770874565,0.9999779553,0.2132184352,0.5985850895,0.9999782012,0.3415396736,0.7014830385,0.9999776543,0.4776943298,0.4490150996,0.999980357,0.5602361579,0.3025954686,0.9999779241,0.2615456807,0.5051938063,0.9999780986,0.4411152902,0.3883811746,0.5582910451,0.3735052427,0.543561333,0.4776226454,0.4273964287,0.4498034649,9.710770927e-05,0.0738099469,0.6554247067,0.2712487129,0.17781488,0.5687508025,0.9999780576,0.2324220893,0.6235005657,0.1882390706,0.4705566761,0.3687301382)
