mCurrentIter=100
mCounterStuck=0
mYPrev=-51.95190243
mParameters.n_iterations=100
mParameters.n_inner_iterations=1000
mParameters.n_init_samples=100
mParameters.n_iter_relearn=1
mParameters.init_method=1
mParameters.surr_name=sGaussianProcessML
mParameters.sigma_s=1
mParameters.noise=1
mParameters.alpha=1
mParameters.beta=1
mParameters.sc_type=SC_MTL
mParameters.l_type=L_EMPIRICAL
mParameters.l_all=0
mParameters.epsilon=0
mParameters.force_jump=20
mParameters.kernel.name=kMaternARD5
mParameters.kernel.hp_mean=[1](1)
mParameters.kernel.hp_std=[1](10)
mParameters.mean.name=mConst
mParameters.mean.coef_mean=[1](1)
mParameters.mean.coef_std=[1](1000)
mParameters.crit_name=cEI
mParameters.crit_params=[0]()
mY=[200](11.26169314,14.8757484,440.6928232,4.467198488,-2.170248953,-10.20142234,-15.03088948,51.26351638,862.0464282,32.25318352,-8.52345416,-44.81499416,8.291667856,775.7702632,-16.44763766,1.622888664,78.06080586,-34.28349165,-39.05341042,11.30911924,-52.19487545,-16.84658173,-30.12368416,5.244633869,-13.56876143,-44.16304928,13.83052948,1538.425273,-19.85031485,-37.25305613,87.62810421,18.60847849,-20.51519695,-37.06639238,-5.602260732,-40.24623636,1195.926586,1654.883008,-29.76906462,-15.64898019,58.38568079,2091.191835,511.607118,17.74806365,-38.7922449,51.45454098,454.8642624,232.0482326,-27.1847086,-34.02480164,35.91492376,4.599852716,-7.326456605,-18.81391863,3504.13127,15.63305637,4.282855268,-7.11312273,2.772956523,1150.351324,-49.87958668,-44.0829181,-24.74260771,20.33902231,12.50946391,-40.02086259,-39.53599157,-39.05578113,26.5813185,140.5314674,19.1062414,-33.35802638,-43.96805429,-15.25116384,683.7074051,3233.782084,-18.0714143,-13.58336067,-12.86231635,303.463747,21.15989518,604.3670998,-43.50945017,15.0370132,-23.60016424,14.534272,1136.853581,21.79062527,-25.51860306,-47.84072714,-19.86758997,8.62770691,551.5951365,-25.65282941,63.80832398,-25.3821591,23.01408882,1041.211948,-19.29057455,32.31598529,-32.68046936,-35.81834687,-52.55772622,-50.72282431,-15.40090339,-40.59644132,-23.06009508,-41.17089044,-40.76903028,-27.23390406,-37.44935702,-28.27481596,-47.27403981,-40.05402877,-46.27675713,-48.86575386,-11.00842456,-47.236548,-9.921572706,-29.33230256,-40.44960821,-53.60007098,-38.66586135,-50.10609312,-35.67061661,-43.3153572,-42.21841838,-49.13325393,-33.79921528,-47.0463066,-31.58938129,-38.70482011,-45.17252596,-39.80458028,-41.78946716,-48.74756842,-35.29257703,-45.52275333,-51.59661311,-20.26794022,-44.84012293,-45.13404964,-33.32321175,-53.55055409,-43.68392272,-45.73176927,-47.09558962,-37.95359463,-23.73373854,-24.94104311,-50.2641853,-49.78389961,-36.4127208,-35.3883103,-35.12674683,-34.43516847,-26.62655983,-48.53646301,-48.66052561,-38.38175949,-43.19383432,-48.56199512,-34.48989725,-43.93932295,-50.86976498,-14.15513673,-32.42998986,-41.80005463,-32.91513386,-43.2824407,-53.1923572,-52.01155622,-40.69239656,-14.24003835,-29.44742303,-4.626989245,-48.32397637,-40.52368638,-37.35050575,-48.20270359,94.72085984,-33.40262185,-47.53207531,-27.67361316,-41.23696557,-45.82139215,-40.57404313,-36.40720181,-34.42048401,-46.04697285,-47.83770469,-44.10828588,-43.65354442,-45.8939153,-46.87010534,-21.17251524,-47.38261951,-52.97466972,-49.43904001,-51.95190243)
mX=[200,3](0.8260874907,0.9153800494,0.6298529767,0.140243388,0.7174155831,0.852285383,0.3029844393,0.2771136477,0.1658234929,0.3832330935,0.1983179193,0.9084425355,0.4916112379,0.4484466798,0.8611579787,0.9415029713,0.2524654798,0.4590144115,0.9723267647,0.6220333593,0.7521629709,0.1873069969,0.08817891151,0.4106520123,0.9317301832,0.36241049,0.1039895033,0.702260004,0.5299081484,0.1545680831,0.2079045033,0.02063124481,0.8274774217,0.6376877912,0.3706554719,0.6004720192,0.2809460927,0.1819541141,0.3648395135,0.4865775055,0.773222994,0.04446833334,0.1021433439,0.7679263032,0.5104715021,0.3448130475,0.4153400462,0.8804817461,0.2997830052,0.4389606838,0.1828422422,0.4183309691,0.5933961443,0.5879436006,0.69969405,0.3449145224,0.3911707356,0.05196564893,0.5073749762,0.9108435294,0.09577948852,0.3023827788,0.5676445911,0.5406475657,0.1784216025,0.7798036531,0.9016979539,0.6096250431,0.6381456799,0.4046222361,0.2980463399,0.2948700641,0.3242924806,0.07335160015,0.7976451792,0.4499223322,0.572893191,0.4052502569,0.5032286432,0.8880366897,0.6934102143,0.7191379401,0.1499977032,0.135562217,0.473714612,0.6673486841,0.2052210664,0.969348311,0.6186209957,0.532223744,0.5978662954,0.8459724427,0.1445193096,0.5539532682,0.0662666114,0.9752707688,0.8124579254,0.04604316797,0.7327174239,0.8903524104,0.4849274441,0.6403807121,0.02989036302,0.8364436674,0.1914982612,0.9558581474,0.4203652401,0.5081892227,0.61692815,0.7989274297,0.03742234892,0.884429237,0.3536114117,0.02809597949,0.8492831611,0.2409172333,0.5742639552,0.03473684475,0.1647941989,0.809597416,0.1640091724,0.9676425897,0.9995969297,0.3131900263,0.2275262733,0.05970683035,0.1285370385,0.1042288509,0.2357425745,0.2670746741,0.905290547,0.6693307766,0.2293355786,0.5892021634,0.4491936294,0.8648877475,0.9834189898,0.9471663513,0.3658400343,0.4674660273,0.06403913524,0.04481941503,0.7454663017,0.07506584751,0.01697361504,0.6734185411,0.3598961722,0.685935744,0.6549651931,0.320653632,0.4314288878,0.951466444,0.8110263036,0.6540277049,0.3805516167,0.8961032013,0.746760085,0.6937991102,0.7467390576,0.3712421488,0.01863570914,0.6100019322,0.3959123846,0.862300924,0.006051140979,0.5871754105,0.03261731508,0.9607573384,0.9916069623,0.7332084958,0.2142894552,0.8342563985,0.8114460776,0.5417276715,0.6215897773,0.8560751938,0.5563693518,0.2104186087,0.2087306291,0.1184141774,0.6746197827,0.5354001443,0.421355622,0.8084765592,0.3355579556,0.4766012984,0.003754814339,0.4968512614,0.7026657342,0.1716755291,0.1260358641,0.9839096764,0.2574733308,0.8955567273,0.386537109,0.4508474516,0.3142473774,0.6591080846,0.08461621847,0.6440349602,0.48777748,0.4216356416,0.2640925258,0.6794323242,0.5632466402,0.9228871136,0.263419552,0.2395993978,0.63020176,0.09166031754,0.2720166889,0.4562930798,0.9552317128,0.5784402138,0.542632136,0.3145892285,0.3304805409,0.558617231,0.5265965239,0.07051944478,0.3943628834,0.3068063137,0.5216504719,0.05805218015,0.246382821,0.1136749979,0.9484973538,0.01249973089,0.6689386816,0.1577263901,0.7674734671,0.7806987105,0.8031528399,0.34488401,0.1357969843,0.7002563491,0.6829438861,0.8500178498,0.3236674264,0.1754295467,0.7370941079,0.8723741423,0.7827021032,0.5197988398,0.1104995265,0.2259943183,0.3524584376,0.2373770573,0.4608271692,0.9838588508,0.5620904214,0.9359580469,0.9185098904,0.7252303257,0.33098256,0.7912144303,0.7884843915,0.8378032573,0.1516601759,0.2131759998,0.1205069544,0.8797704024,0.8222694729,0.8764836623,0.9290080262,0.5199497126,0.7114920776,0.7753588185,0.4004209955,0.3792523217,0.4614187072,0.6819581203,0.2762182223,0.607161194,0.09291019744,0.925669634,0.06599494796,0.0004114616499,0.2895449485,0.6470622239,0.1304026157,0.5986744991,0.1982176436,0.9916709226,0.2567691012,0.7239310061,0.4767373229,0.7295505992,0.7603461087,0.9721481169,0.4918131821,0.5339794653,0.2837836955,0.08299579516,0.2431336073,0.7592979522,0.4311808734,0.755377396,0.9338382523,0.8432376293,9.730314489e-05,0.159101118,0.5239139514,9.69684123e-05,0.4883752474,0.6153366263,9.062048456e-05,0.3736642139,0.5439691743,9.050402351e-05,0.3343756506,0.4998261575,0.9999683588,0.2047389196,0.5357123601,9.700446633e-05,0.5226147425,0.5735526927,0.002848688483,0,0.6780889808,4.864399715e-05,0.4108208195,0.641120987,0.9999845141,0.61931801,0.4557943535,9.691786684e-05,0.3148394456,0.7383695116,0.9999780199,0.6766394275,0.3831949525,0.9999844252,0.2410000766,0.6738576739,9.044292663e-05,0.4702739157,0.4778430663,0.9999857748,0.4716318773,0.5762229483,0.9999760421,0.4506680063,0.5003049298,7.288843717e-05,0.3941869798,0.539393762,0.0003993081032,0.4921254079,0.7866707211,9.63320858e-05,0.3237660249,0.6288940537,0.9999703375,0.3915351305,0.8139044158,0.9999679489,0.2567558733,0.6354170885,9.067622478e-05,0.4831392281,0.4325081276,9.714011744e-05,0.4389396281,0.5041972029,9.073601422e-05,0.5995351302,0.3714834381,0.9999760438,0.5543998434,0.4259100885,9.687930005e-05,0.5068303034,0.5963183921,0.9999782811,0.5618718226,0.4759937657,0.9999792933,0.40944892,0.5477110796,9.037030108e-05,0.5034619424,0.4634974421,9.922122412e-05,0.2611456364,0.7060793088,0.99998496,0.5917508798,0.3678780177,0.9999950735,0.4151830668,0.6817031842,0.9999781464,0.4800221053,0.6049759805,9.684930868e-05,0.4907930432,0.5453360487,0.9999755636,0.4145720912,0.5096917096,9.913006602e-05,0.5434173778,0.4022887371,9.687792538e-05,0.4707910666,0.5063500925,9.70040235e-05,0.4289718305,0.6583579737,0.999984569,0.46376081,0.4258371725,9.425192923e-05,0.2316243645,0.5729680222,0.0001476155335,0.4271864492,0.7576758436,0.9999852872,0.5960895929,0.3948593244,9.724800881e-05,0.34985033,0.6129526908,9.810140207e-05,0.122982879,0.494674528,9.042175903e-05,0.4532915315,0.4547481117,9.061539353e-05,0.4759254606,0.5558741881,0.9999781017,0.5299053761,0.4715687104,9.69753867e-05,0.4655451514,0.5127823568,0.9999844491,0.4180854596,0.5601797391,0.0001008080793,0.6979797759,0.3429370403,0.9999780047,0.2532152119,0.7116947246,9.703984625e-05,0.4913701298,0.4162621159,0.0004136154794,0.4765382561,0.478427802,0.9999781563,0.3792923823,0.6207979032,9.706929671e-05,0.5386979225,0.3793307069,0.999977717,0.3786181913,0.5219332683,9.937522782e-05,0.4137234025,0.6679517033,9.691805964e-05,0.6244963489,0.607996658,0.9999838624,0.5456386899,0.3587739496,9.699363167e-05,0.45417687,0.5273061472,0.9999761149,0.4254846246,0.4381339719,0.0001961500741,0.3594037175,0.5837964609,0.9999780448,0.5156885204,0.4870261476,0.0001062000173,0.6509135793,0.459130802,0.9999843645,0.5588029512,0.4009692103,9.850156192e-05,0.4022867715,0.4851776649,0.9999781245,0.4389089548,0.7898908076,0.9999838178,0.4846368294,0.6650583472,0.9999849989,0.4778561373,0.5829787098,0.0001043163976,0.1128918246,0.552640057,9.072564068e-05,0.4842352423,0.5552409758,9.843324193e-05,0.3892146647,0.4406791254,9.84173375e-05,0.4349724564,0.5146838136,0.0004055878075,0.3761925497,0.6391128854,0.999983962,0.2430131602,0.4937164859,9.69548208e-05,0.3574342248,0.7084454063,8.822623861e-05,0.4493410717,0.8201021211,9.053949753e-05,0.5266478928,0.4011850143,0.999984423,0.5464285343,0.3579837382,9.758477923e-05,0.1090709893,0.641161429,9.719129321e-05,0.2916900166,0.5974398594,0.6533246272,0.999982944,0.1883156518,0.9999845107,0.7043862258,0.4337052173,8.836220141e-05,0.5038048501,0.4834698287,0.9999769088,0.2316589972,0.6402292292,0.9999858339,0.46317035,0.4504232959,0.9999761358,0.4498094131,0.4045679836,0.967188423,0.4117237054,0.5475199276,0.9999766361,0.3656508493,0.6021239128,0.0001449358143,0.4743150463,0.645969904,6.866511241e-05,0.4057699308,0.5723104996,1.302081118e-05,0.4502562648,0.5247050932,0.7035029139,0.5494627812,0.4949255001,9.703077145e-05,0.5544495102,0.3551141544,9.050535561e-05,0.4549639875,0.43802139,9.702896443e-05,0.5347652611,0.3899323461,0.9999781096,0.320954165,0.7469889046,0.9999771496,0.5414243575,0.3733173059,9.951709982e-05,0.3954155631,0.4680612123,9.716963803e-05,0.3088714394,0.6088464697,9.788428377e-05,0.3349493709,0.5336082345)
