mCurrentIter=100
mCounterStuck=0
mYPrev=-28.74751162
mParameters.n_iterations=100
mParameters.n_inner_iterations=1000
mParameters.n_init_samples=100
mParameters.n_iter_relearn=1
mParameters.init_method=1
mParameters.surr_name=sGaussianProcessML
mParameters.sigma_s=1
mParameters.noise=1
mParameters.alpha=1
mParameters.beta=1
mParameters.sc_type=SC_MTL
mParameters.l_type=L_EMPIRICAL
mParameters.l_all=0
mParameters.epsilon=0
mParameters.force_jump=20
mParameters.kernel.name=kMaternARD5
mParameters.kernel.hp_mean=[1](1)
mParameters.kernel.hp_std=[1](10)
mParameters.mean.name=mConst
mParameters.mean.coef_mean=[1](1)
mParameters.mean.coef_std=[1](1000)
mParameters.crit_name=cEI
mParameters.crit_params=[0]()
mY=[200](52.9373095,27.62210842,760.2901325,-6.981883235,-6.65090293,377.279535,249.1715741,-11.19234364,4.991792644,228.9223259,-22.22616274,-25.60999519,42.55851072,-7.541052264,841.1681083,21.45328958,43.68094201,2.374076787,5.19368107,27.32614754,21.09498814,2670.100298,810.8432793,211.0423666,135.8302091,33.5970724,48.11460282,40.28799572,-18.67050073,-15.42564113,0.4987785366,15.00285856,-1.469043708,749.9396288,-28.30958221,-16.59771872,3072.755851,15.26855743,2939.540678,1.972705072,-28.27533953,2458.161598,37.83060068,1.275738577,3.318511172,26.37332199,19.4903033,-1.539833349,2.738015787,17.86765473,1.44168367,26.27716308,28.38373386,-3.809444935,1286.826087,29.33626981,680.4631142,460.2620049,873.2459937,-10.27328042,-8.58769237,-25.74114867,0.8246486033,33.99336763,86.54368584,-4.342131896,-4.655708968,26.87428612,151.1960129,607.9453134,387.3830441,-20.17692085,36.35187479,46.00890122,2706.613298,36.22237685,11.32489072,-0.001949822997,-6.923951081,263.3752797,0.08855454127,29.42728807,-2.210747823,3.036655712,3.238898856,3057.718885,14.86220083,9.090832266,18.22467151,-2.358524987,17.02147579,32.5354441,-20.54539265,-34.11404736,42.60161056,13.08715317,36.56703267,23.72076549,47.81090589,21.61392657,-9.885350861,-32.37925774,3.438238943,-31.49783806,-14.32400241,-22.1901552,-26.38057631,-14.5579044,-23.53632652,-12.75608908,-21.49339601,-29.81333099,3.295624584,-27.9031854,-25.26026114,-10.57230226,-33.29142738,1.699358333,-27.37886168,-29.13264299,-1.370163801,-33.33114785,-13.94762627,-24.14961404,-19.56776243,-28.42222704,-31.92653165,2.568817779,-2.079479627,-27.96168053,-6.935997965,-27.1216785,-29.42304727,-21.95276218,-28.21195508,4.808157003,-34.23608276,4.780946914,-29.51593403,-14.99780335,-19.76428704,-23.82923126,-16.9241315,-15.25133148,-26.98530057,-27.68085912,-32.73677663,-9.594680242,-35.45049697,-8.021513671,-18.35994576,-29.3253576,-18.25517375,-27.03740018,-6.170903447,-22.37685054,-17.43381269,-30.13470073,-20.01864778,-30.82666995,-29.06532905,-18.45015594,-27.6594076,-18.43505714,7.504448945,-29.88943532,-21.91642859,-18.99053361,-25.19703702,-22.83975998,-10.46345525,-33.14520251,-6.535994253,-31.70350263,-33.70449391,-14.40059956,-26.51993904,-7.312774119,-29.3990108,-6.33111287,-25.43746603,-19.79459482,-16.54393016,-33.58884476,-28.88175957,-20.20699053,-24.57076007,9.670260664,-30.47359979,-27.8142314,-29.09574343,-30.64882536,-22.10132234,-11.14527364,-33.38886467,-20.50284766,-31.19579594,-13.77594344,-24.44808697,-28.74751162)
mX=[200,3](0.5074688963,0.7746800117,0.1285732423,0.008093600858,0.5994947692,0.2527304205,0.2513165548,0.1029748855,0.2673001442,0.5814302721,0.2282242777,0.6939269733,0.4030149964,0.6844661121,0.6600923617,0.3548123272,0.04896787328,0.3676346738,0.9137753769,0.4778001792,0.1967868108,0.4866547062,0.6159898429,0.6742875725,0.3009449185,0.1187519328,0.6095763358,0.5413675616,0.01390457097,0.4256896687,0.4588798367,0.3409362991,0.6188263712,0.5530683036,0.424473681,0.6265211973,0.07166030539,0.9028116651,0.8551137095,0.9720803949,0.6620823064,0.2293361299,0.2863624525,0.5612433403,0.03329887269,0.03460055505,0.7462694221,0.8164493262,0.6515476574,0.9879917861,0.7693149002,0.05123953511,0.4330128797,0.3419074665,0.9065638914,0.6323360013,0.2120223091,0.2170717471,0.2359449855,0.9709418937,0.04822420348,0.3837022602,0.3506793208,0.8327538022,0.006420759193,0.1086077503,0.562199533,0.2601301449,0.1593710312,0.1014209606,0.1416508515,0.3943700667,0.3461862469,0.5287042144,0.1758119323,0.0984269174,0.9925887226,0.577138007,0.5331339416,0.8963092809,0.1899700007,0.06462757108,0.5577794717,0.2475053646,0.01548258473,0.5109428779,0.6529356916,0.925722109,0.7316654707,0.5470255397,0.1306423947,0.1927319608,0.6324051205,0.3315251698,0.6087722441,0.8634200442,0.1184323356,0.7527904044,0.64005575,0.6853273743,0.02919146579,0.3012070391,0.4932235835,0.4461802955,0.5932080624,0.8622799034,0.3787132119,0.5318111916,0.7533000529,0.7660578291,0.006305259212,0.2941793915,0.4022291978,0.9008298117,0.6963098708,0.2837617355,0.01347637861,0.5758999449,0.8352277204,0.4629821283,0.4106433607,0.4180518781,0.445808936,0.6772464855,0.1813398111,0.04627681188,0.9916212789,0.2544181824,0.503194062,0.6621163745,0.2436213697,0.7869839156,0.3836715443,0.6782885617,0.7533570658,0.3261341647,0.9118080984,0.7347323111,0.6053089171,0.7132897882,0.1496948007,0.9569498986,0.3295128036,0.5593895268,0.3931850772,0.07795556679,0.7048056452,0.2260876924,0.8403797158,0.7195907221,0.08897112624,0.807132688,0.4836935095,0.4269951418,0.8623922273,0.2309553889,0.8581220976,0.8743855407,0.823411927,0.8153316631,0.8243339767,0.3368200533,0.2793970677,0.3044036342,0.09092681505,0.596971222,0.1655643126,0.5198264258,0.8200587493,0.3951989446,0.1174765569,0.4442392443,0.9503119008,0.07411866339,0.731623221,0.5395439721,0.02415544556,0.2078071475,0.3118867062,0.4958170707,0.02635175564,0.4928169282,0.3789464074,0.4323116865,0.5770364445,0.5659923948,0.1992870554,0.2700516107,0.5200105665,0.1414124005,0.3563268344,0.9857788799,0.9343569844,0.975532315,0.1650659215,0.7426600142,0.580897827,0.2738473332,0.2652642455,0.7888148947,0.328710464,0.9809466723,0.3679548478,0.9628286412,0.7867063957,0.4604049863,0.2092453646,0.8040014449,0.9391254715,0.06259935148,0.7162208337,0.1526390838,0.317060556,0.7926327647,0.7095222351,0.2987147101,0.9479000426,0.03536372953,0.5812492501,0.1775993343,0.855887629,0.928510385,0.166230928,0.08882904041,0.08155063695,0.1254232679,0.6553887248,0.9587344294,0.5118749395,0.212864075,0.872480122,0.6149048825,0.8198632259,0.4539322081,0.3745482251,0.5043609734,0.7716805448,0.7679397103,0.09401193974,0.3862843794,0.5222206272,0.3348855907,0.8043517151,0.6482199326,0.9401531846,0.6866668855,0.7089918347,0.6232074314,0.7477127944,0.8900510605,0.06510267556,0.7298801126,0.8828347635,0.1385328125,0.7911479483,0.8735081336,0.05766360955,0.0589472318,0.6382598169,0.8852650644,0.4384903886,0.9651051797,0.1224091094,0.8449928029,0.7241225008,0.4501006035,0.9127955733,0.7713051275,0.7954456121,0.2800964125,0.1831643401,0.4803347595,0.8917093278,0.156026048,0.1715235909,0.9907848867,0.8426946187,0.699087455,0.4046088146,0.4682992499,0.5465814958,0.4795779304,0.243217793,0.6412912229,0.1312213101,0.2369929732,0.2015965615,0.8874944372,0.3172008388,0.7236719302,0.9486599927,0.3663093715,0.9279228791,0.4142879279,0.4730536568,0.9669143092,0.8346867595,0.6229724612,0.2963175348,0.9353314153,9.456960642e-05,0.7762943579,0.255439203,9.696198362e-05,0.5643847565,0.5046267635,9.366437747e-05,0.7711308745,0.255912132,9.703429114e-05,0.6127036476,0.4191482278,0.9999781325,0.4370050075,0.6986077981,0.9999779418,0.5760692083,0.445110189,9.691489516e-05,0.551794258,0.5377313169,0.2654996896,0.7612399668,0.2549915004,0.3001285344,0.6676052091,0.3447375244,9.713527472e-05,0.4128477472,0.7292530776,0.999977586,0.5661798307,0.5569775866,9.699320303e-05,0.5736502314,0.4694596362,0.9999780639,0.5016597074,0.8079801964,0.9153066074,0.6265835966,0.3780481392,9.693009914e-05,0.5227050826,0.5666328457,0.9999781443,0.4582961919,0.6527037584,0.9301988779,0.5666032598,0.4843563743,9.727905264e-05,0.7635772816,0.2501148534,9.710160235e-05,0.6122325126,0.4211331587,9.908157337e-05,0.5521509863,0.5174260655,0.7861136906,0.7536139803,0.2587817462,0.8287755359,0.5692282171,0.4607537058,9.690787094e-05,0.4133352432,0.7077559083,0.9999780601,0.554111899,0.5906220774,9.712224215e-05,0.6632010174,0.3626239184,9.77340158e-05,0.4806818151,0.5891819852,0.6475691667,0.5631641415,0.5010745383,9.678560709e-05,0.4547162378,0.8097776296,0.8623471357,0.7484255327,0.2599032017,0.6898604864,0.6006290344,0.4078737167,0.9999781325,0.416320204,0.7047244767,9.702985751e-05,0.5749832195,0.4636143899,0.7441665247,0.5594813777,0.525410648,9.711706168e-05,0.458516558,0.6100469854,0.6687668173,0.6575717685,0.3394834374,0.1847155216,0.7524960662,0.2412729239,0.394649342,0.5853693426,0.4365835961,0.9999781541,0.5130716299,0.8278950936,9.721929561e-05,0.5382779989,0.5248497574,0.9999846471,0.4861105326,0.613954929,9.703107469e-05,0.6451354593,0.388761125,0.8069343576,0.5605930326,0.4876035738,9.698028598e-05,0.4060929969,0.6718892422,0.02775002269,0.6413878086,0.5710019378,0.9362444873,0.6182130985,0.3861854382,0.07051315145,0.5760280849,0.4570147899,0.5183273677,0.4784630531,0.5480133713,0.999978004,0.3551081095,0.6575213922,0.7120401636,0.5786774888,0.4406121248,9.698218297e-05,0.3885655139,0.7609193211,0.999977969,0.6414422012,0.609308957,0.7492651063,0.5796322254,0.5125290695,0.2854206961,0.6794874724,0.3046015918,9.694598212e-05,0.4107749882,0.5762621872,0.9999760807,0.4627199298,0.739866524,9.792778283e-05,0.5944423519,0.4463685312,0.854065822,0.7450569561,0.2505082377,0.7908993514,0.6461586838,0.3478652817,9.786955611e-05,0.5334547693,0.6513578701,0.5191399058,0.4923648534,0.532419502,0.7350093358,0.5904940341,0.4246818491,0.2496573768,0.6592637826,0.5348423769,0.7056641095,0.4060812846,0.5968865526,9.054496694e-05,0.6744680881,0.325191639,9.707182815e-05,0.4660614578,0.8363979142,0.2002631845,0.5000991039,0.4905488496,0.215432062,0.6290313434,0.4021315693,0.09398554189,0.3684346221,0.6539999791,0.9174909669,0.5861067204,0.4858052702,0.3640880127,0.6051865808,0.6017283405,0.9999779251,0.5915949736,0.6929597173,0.2577832856,0.4361663242,0.5566116569,9.706764687e-05,0.5704407254,0.7169981088,0.6800926883,0.5995647889,0.4117999457,0.1673367286,0.5128182943,0.4856400613,0.2530057191,0.7454500434,0.2337589914,0.8080143546,0.4660255943,0.5654675089,0.9221522322,0.3362446904,0.7192895059,0.3481036108,0.6341385104,0.4917530072,0.3138588061,0.743076143,0.2336362216,0.8724634417,0.6648630211,0.3194734432,0.09852907824,0.6402514144,0.3966651324,0.7452779381,0.3701741821,0.622067092,0.6735674784,0.5360902383,0.4578280217,0.2328163843,0.4628402885,0.5327365464,0.2868988031,0.6230748692,0.5924838405,0.755443596,0.6332762637,0.5140947412,0.9999693509,0.5028478673,0.8478374188,0.7563260587,0.6250055705,0.379016865,9.709614309e-05,0.3900827219,0.5886496471,0.1812364989,0.6137040771,0.4495657656,0.6848401176,0.4854519794,0.51904263,0.521518956,0.5263392033,0.6380980682,0.04069977826,0.3200953211,0.7087233578,0.664811092,0.5696142454,0.4345148386,0.3405805483,0.7374663332,0.2343566643,0.05116068994,0.489605159,0.4929105277,0.3784096936,0.6687707802,0.3060506405,0.1447787215,0.6480772215,0.5069984313,0.6847245909,0.4729861985,0.5582212748)
