mCurrentIter=100
mCounterStuck=1
mYPrev=-46.15852098
mParameters.n_iterations=100
mParameters.n_inner_iterations=1000
mParameters.n_init_samples=100
mParameters.n_iter_relearn=1
mParameters.init_method=1
mParameters.surr_name=sGaussianProcessML
mParameters.sigma_s=1
mParameters.noise=1
mParameters.alpha=1
mParameters.beta=1
mParameters.sc_type=SC_MTL
mParameters.l_type=L_EMPIRICAL
mParameters.l_all=0
mParameters.epsilon=0
mParameters.force_jump=20
mParameters.kernel.name=kMaternARD5
mParameters.kernel.hp_mean=[1](1)
mParameters.kernel.hp_std=[1](10)
mParameters.mean.name=mConst
mParameters.mean.coef_mean=[1](1)
mParameters.mean.coef_std=[1](1000)
mParameters.crit_name=cEI
mParameters.crit_params=[0]()
mY=[200](3284.91368,34.7552987,-3.450465388,10.60886386,0.216252347,-7.205864005,-23.38409325,-2.618770982,48.52323247,-36.98032913,102.3252375,-9.761824047,-25.63446535,6.467802263,-40.91036534,353.3082216,511.7533038,75.77524079,-20.21902755,-47.06270685,19.79286049,493.4059703,-41.83107308,135.9521278,7.660364346,162.3997974,-17.92350175,-2.036136372,16.6090729,-15.60630591,41.52398844,3399.124153,-2.862100163,557.4570965,-34.71044337,-15.16443512,8.611800464,11.59637198,-21.84538319,33.35713524,211.5025589,99.77728786,153.1520818,21.1634137,-4.511277818,-20.85570233,2826.269125,-19.87617226,1264.125815,13.41891945,-36.31278769,-4.684291781,5.139849032,24.05940487,5.115423461,-51.25440032,163.6194324,563.3317226,2199.928396,17.06070169,67.76992405,466.6060424,-36.03881407,26.58607864,2236.124874,-51.94088644,9.469098813,-55.97393863,-8.865097206,13.02098568,45.69711325,136.4963992,1531.077952,-13.96226109,30.50203667,5.994229181,21.5192316,22.74054183,-26.90855518,-13.77909114,-29.78954136,84.4233756,61.49981399,21.94103441,34.45314673,-23.60015828,-0.8627239283,20.57400469,10.08952686,731.3902405,-44.54681024,122.9175779,3490.30206,1444.571372,-19.16109876,1042.642736,-32.61316888,159.997445,22.21524357,-18.36543127,-29.98578841,-21.25004448,-34.27847121,-10.57359979,-28.59563217,-38.95606814,-48.13106604,-49.00672306,-19.74738332,-41.76575733,-45.21730685,-35.89616215,-42.12205453,-43.71083162,-46.99910415,-10.25868992,-39.70436756,-39.66420702,-37.95722243,-8.18517324,-41.45332228,-42.44902601,-43.86940691,-44.46924491,-32.47947477,-38.93300566,-42.71318604,-36.9573256,-7.923323475,-45.93614078,-43.37342003,-29.09012367,-43.87730831,-34.37209374,-42.11506599,-43.5526631,-31.95032373,-46.86136666,-1.049806546,-45.69503266,-45.0140501,1.420155433,-33.50127735,-28.89071298,-43.20050301,-43.23836283,-19.70722141,-39.5557153,-37.15086018,-14.04359168,-46.14466161,-28.61417626,-54.65108903,-48.0071769,-0.562897842,-41.31165341,-43.79057507,-48.89969912,-25.62878737,-40.8708938,-36.10344435,-49.69611393,-31.82067623,-32.76641816,-19.61930914,-50.91564748,-47.04069286,-47.81364486,-36.66850698,-35.21152679,-37.97190662,-13.90979641,-44.31681022,-25.99933207,-44.34914972,-42.27263103,-12.60660136,-40.25057988,-52.90013124,-57.81404947,-27.99555793,-18.07028731,-40.32464488,-51.28460789,-43.64550718,-23.3238178,-40.08873471,-6.576361697,-43.21740695,-33.24633313,-40.14196928,-48.09399982,-9.047490312,-17.6249701,-37.27319322,-34.38584418,-39.33880705,-29.81782067,-45.85993326,-46.15852098)
mX=[200,3](0.6821429607,0.03920467475,0.06955219008,0.9442723618,0.921469564,0.9446299364,0.1180278785,0.1665094559,0.5296788163,0.404375379,0.1073888805,0.9285595017,0.8472980397,0.505022525,0.8553677001,0.1489611317,0.8566755799,0.3796226132,0.603677292,0.8401000851,0.4083796074,0.663276607,0.06993386494,0.7714397142,0.9764013496,0.6631826131,0.1500422837,0.1548554348,0.297598486,0.5538899766,0.4923940151,0.4692816794,0.1648264584,0.1606678263,0.7270879938,0.7153958503,0.909608139,0.4419250265,0.6656256894,0.4550422618,0.7053647303,0.8611032424,0.4809576802,0.396058777,0.6466461419,0.1883335809,0.2144983646,0.252962359,0.8755624294,0.487086232,0.07615345249,0.177384314,0.05019807276,0.5030327926,0.5788615831,0.5812561387,0.7260691705,0.6468837,0.529998198,0.488952922,0.8676390211,0.6187220868,0.9718958738,0.6569062619,0.2543160538,0.2103124493,0.3543479873,0.5933678557,0.5655158919,0.2523813237,0.7971406632,0.1132062758,0.7788108464,0.7629555258,0.8439934549,0.2155484696,0.3713370403,0.1842748926,0.527603581,0.8122175338,0.3034713925,0.5022265654,0.1109020213,0.8292836048,0.4218049826,0.7127057924,0.1320114356,0.1034585725,0.7408593764,0.3304298776,0.06281697061,0.8296529367,0.9920171951,0.8910935004,0.6519333209,0.004187530268,0.4322352336,0.8744386255,0.5184269566,0.7151184292,0.1372862843,0.2916259499,0.6255561563,0.4337498622,0.6331703383,0.3892133579,0.2682009629,0.4523981884,0.1305277481,0.7788789806,0.7832700524,0.9897079477,0.02451437421,0.9310028478,0.3092543294,0.3459532784,0.761045874,0.996294556,0.9912151872,0.839639994,0.1929344234,0.09064463888,0.3612627553,0.7245443504,0.1984679534,0.4139310765,0.8837490356,0.2242010572,0.390010677,0.7506710101,0.8034587011,0.9099697541,0.5677736119,0.8667344046,0.5385495175,0.7495150598,0.6418788816,0.7334761188,0.5138782432,0.08265623178,0.08482279316,0.2804346726,0.7371982698,0.5806427923,0.3664027725,0.04340156465,0.2412701425,0.968007972,0.2475900347,0.5756027501,0.1279494424,0.699758866,0.321763045,0.7376049503,0.1579216486,0.7944407109,0.6973237427,0.902671823,0.2718664167,0.9324382226,0.9411944697,0.8073128553,0.5309345959,0.01120678383,0.8822902442,0.7911410435,0.4756280161,0.4331001283,0.02361641434,0.1788997938,0.3499597036,0.2631164419,0.6346281198,0.04304684095,0.7079353561,0.6781037383,0.01119834478,0.676283073,0.0764399598,0.6278385231,0.3707347367,0.5493333879,0.1753605258,0.3311425841,0.5726485376,0.05879730125,0.314991504,0.453645552,0.6736067495,0.823286527,0.9729167309,0.7593303446,0.03581613246,0.1422022655,0.1019518241,0.5915015311,0.4965032319,0.4222187988,0.2755915651,0.2890504115,0.9536764292,0.5461800605,0.4193487061,0.4720122554,0.7805635962,0.5162229562,0.8111229868,0.4698626424,0.9114566031,0.2675900558,0.9245274266,0.3033600077,0.4442970018,0.6122456109,0.2088092847,0.3538974582,0.05782487266,0.006573378474,0.2371149062,0.5852365551,0.1881755164,0.7455894168,0.04320849918,0.7557131527,0.9621352077,0.8178651744,0.3663258889,0.9115420869,0.8097530001,0.3255204877,0.3898222375,0.4180923227,0.8373296518,0.8759930399,0.4782555483,0.5581730497,0.6989447746,0.09928852252,0.6885514474,0.7007910665,0.9173460698,0.6225008374,0.6012626032,0.2040842006,0.9800530157,0.2050228192,0.395336328,0.4226947296,0.1913924913,0.768407007,0.8876505559,0.2880524264,0.07034842743,0.9661945864,0.3124078723,0.2220783406,0.3160507452,0.4622470383,0.3231455745,0.2768397461,0.8943359342,0.2429532639,0.958276755,0.6143193607,0.2306522836,0.8989299634,0.6883318054,0.08098461746,0.3570198493,0.1280680923,0.2938195134,0.3863094642,0.592079574,0.8329837599,0.9381984098,0.143156106,0.6395583454,0.1204022061,0.03178543072,0.8512988526,0.5303180781,0.02403891601,0.3427155393,0.2373388534,0.5493107774,0.008241301584,0.3378036371,0.09603898199,0.5547079978,0.6048603158,0.6562899318,0.9538937317,0.4046096114,0.2299708089,0.444206605,0.5682276861,0.9850031551,0.01571951271,0.7856092778,0.4908996991,0.06533684548,0.6609977379,0.240046148,0.1330697144,0.6615826311,0.2402598864,0.2068449137,0.6669258091,0.2373691223,0.2370215181,0.6703949969,0.2354970783,0.253655219,0.6707160733,0.232865145,0.8831588507,0.6272070503,0.2790857757,9.691784553e-05,0.5694436027,0.3836174978,9.687764839e-05,0.5385324018,0.5030689135,0.587112568,0.6722413114,0.2361180233,0.1663167945,0.5798994792,0.3226893963,9.714568967e-05,0.5749705801,0.4487171327,0.9999780835,0.5428901957,0.5238994047,0.9999779869,0.6059388365,0.361026813,9.694387012e-05,0.5096526964,0.5391923093,9.69532039e-05,0.5738820165,0.4150349851,9.705887377e-05,0.4188584268,0.8273913272,0.9999780885,0.6255653917,0.45217046,9.686419454e-05,0.5083455623,0.5315415187,9.614656211e-05,0.6872053024,0.2229850876,0.0001101967441,0.6847447499,0.2242100135,0.9214286301,0.6526593554,0.2597351459,8.974766172e-05,0.6040368942,0.2890770776,0.9136741991,0.6027343199,0.3596550084,9.067849247e-05,0.5620511133,0.4500175879,0.9999780815,0.5101842307,0.5404699907,8.982043063e-05,0.529289641,0.5934070805,9.708209761e-05,0.5680270324,0.368895637,0.9999779245,0.62531426,0.4467931242,0.999978344,0.3994649945,0.7934735376,9.690393754e-05,0.5088996209,0.4882783747,0.7121649594,0.6777399201,0.2349139087,0.6746776475,0.6742433347,0.2356885208,0.6844780823,0.6024014729,0.3112570757,9.68837446e-05,0.3448528463,0.6975197833,8.969812791e-05,0.5207425078,0.5938520839,9.71779733e-05,0.5702601237,0.4104589519,0.9999780832,0.4820384935,0.5440049339,9.045311493e-05,0.4827396509,0.4959531964,9.677547857e-05,0.4921757619,0.8662713076,0.8761855026,0.6144832332,0.3995732015,0.6253590197,0.6191427605,0.4886990966,0.0001057526895,0.6915765783,0.2160677793,8.875385955e-05,0.6085287277,0.2806279587,0.9999780312,0.6308320885,0.6191711605,9.683015273e-05,0.445825207,0.5949579021,9.73044124e-05,0.5621877569,0.3779433773,9.686349388e-05,0.4409012098,0.7544242315,9.783841585e-05,0.6140002642,0.4841054777,0.9851320611,0.6244960981,0.2981593609,0.9999781232,0.3791261413,0.7153094851,0.7044775613,0.4509024682,0.5195210178,9.69467658e-05,0.6129524675,0.6177486474,0.7465820281,0.612004412,0.4098098762,9.700412089e-05,0.4893779163,0.4511674232,0.9999781635,0.3234663184,0.8465993681,0.8279849679,0.6229677273,0.5092964721,0.0001045557789,0.432375781,0.5303907653,0.4381439196,0.5797322349,0.3427268518,0.9999780733,0.4524477594,0.5903592782,0.359561982,0.6391433936,0.429231873,9.92993755e-05,0.3319302419,0.647125407,0.6995966688,0.5179042507,0.4625961586,9.702214751e-05,0.6170376047,0.5444126413,0.0001070924059,0.6808322053,0.2167496044,0.5591795006,0.6685421417,0.2286693721,0.67262044,0.5817569391,0.3701955434,9.691874535e-05,0.495896312,0.4289000031,9.708741854e-05,0.4207573716,0.5200199926,8.879165798e-05,0.607013367,0.2760438704,9.679663585e-05,0.5315931879,0.6447737789,0.3039826185,0.661216373,0.4268478567,9.630062049e-05,0.3023171049,0.8251015627,0.7180123061,0.4875451136,0.4855076706,0.9876947939,0.6260958267,0.3258790276,9.698564127e-05,0.4201401643,0.5726114361,9.69930743e-05,0.5694461275,0.3502782244,0.9999859608,0.5945422976,0.7764295705,0.5139744485,0.6155679904,0.5427533227,9.689441378e-05,0.4733721704,0.4579413191,0.7071815446,0.5453129655,0.4113521595,9.674662927e-05,0.4320269526,0.7189399112,0.999978087,0.4378447014,0.6109288678,9.735096567e-05,0.6433464252,0.469869925,0.5329299731,0.4313955093,0.5136716528,0.0001052694173,0.5050894042,0.4052147939,0.9035722714,0.6816674939,0.6507059765,0.8158278892,0.6595811396,0.3935328866,9.694957193e-05,0.5865230999,0.7946091531,0.7693736264,0.5312395186,0.4589815779,9.687728318e-05,0.6181645966,0.5839955007,9.713740164e-05,0.3365957596,0.6331450895,9.719395806e-05,0.4241087456,0.5079861648,0.9999780034,0.3368063543,0.6986573967,9.994723479e-05,0.6785114623,0.2120708768,0.0001005329759,0.6047179907,0.264987979,9.729575193e-05,0.6597668,0.3838539717,0.488381124,0.6206115744,0.5021275564,9.71364181e-05,0.5392630225,0.6534453251,0.5920818781,0.5294232814,0.3944577922,0.4592419369,0.4396822381,0.5598760396)
