mCurrentIter=100
mCounterStuck=0
mYPrev=-8.174289509
mParameters.n_iterations=100
mParameters.n_inner_iterations=1000
mParameters.n_init_samples=100
mParameters.n_iter_relearn=1
mParameters.init_method=1
mParameters.surr_name=sGaussianProcessML
mParameters.sigma_s=1
mParameters.noise=1
mParameters.alpha=1
mParameters.beta=1
mParameters.sc_type=SC_MTL
mParameters.l_type=L_EMPIRICAL
mParameters.l_all=0
mParameters.epsilon=0
mParameters.force_jump=20
mParameters.kernel.name=kMaternARD5
mParameters.kernel.hp_mean=[1](1)
mParameters.kernel.hp_std=[1](10)
mParameters.mean.name=mConst
mParameters.mean.coef_mean=[1](1)
mParameters.mean.coef_std=[1](1000)
mParameters.crit_name=cEI
mParameters.crit_params=[0]()
mY=[200](3065.021809,11.32328352,36.58207448,42.32624289,770.5656849,-17.18189115,1220.472809,3707.861054,12.99168567,-6.522419153,1362.599131,163.5237499,17.01763399,2378.065746,1619.932208,106.0540564,33.15734402,-15.42144763,54.09920964,4.587217349,120.5393995,-8.95819465,3683.726281,-7.421672053,66.59535238,1081.684757,1493.400679,37.72700629,-14.65390546,18.1269101,159.3534574,48.82360155,-13.4727147,77.24853874,69.07532541,1339.611429,34.6603065,-4.339792983,53.11818019,-10.27724639,47.59543002,1610.230114,3790.993425,9.125044021,85.22376739,-11.33358057,70.38999068,43.71340553,-6.367365604,121.2285947,13.36287541,37.41040169,49.46552022,2292.334372,4.010222585,59.11463809,25.77621411,330.7435085,53.66649322,206.0161996,49.23700524,23.29793647,14.1439362,78.03231127,359.5771151,39.12753052,-11.50823263,666.2914218,86.0633598,32.5214326,174.4881427,46.47161673,919.9358778,42.02304744,57.82387378,11.50506758,-6.586724049,36.3852379,35.87260497,-0.6693534048,43.24689783,17.69917033,13.03404256,54.81183619,31.60738973,731.582991,533.7656509,53.52200602,57.03156707,9.879845225,53.32932565,18.61834929,52.45402873,62.6141542,25.58637047,35.33158886,8.647982947,246.3021772,1365.113477,98.60665284,17.00288825,13.26878791,7.970567185,19.96060565,-7.442113234,8.245748518,-8.458835852,-5.78699425,8.689594652,-1.98976501,10.90617554,-2.935881745,-15.30872396,1.534047298,11.20709607,-13.20052477,10.19311384,-11.81484447,24.38406501,-12.38520383,11.17556681,-4.585182384,15.03373167,7.420081682,-13.16776602,-6.700493443,38.7677035,-7.705676242,1.807238387,-13.9101413,5.357136595,-2.216165408,-13.5493677,-12.90507326,-4.123304572,22.56458684,-8.549221231,-1.468525767,-0.00218001112,2.968585798,30.06399216,-6.898251438,-10.73602026,-1.992740066,2.440282904,-13.00548206,22.03087505,-10.24441539,-9.991810779,-3.460585451,-0.281965741,-9.117534918,21.58179118,-15.61569048,0.199841471,6.339159573,-14.66469748,-4.246276532,43.22971224,-11.93381371,-11.00880426,9.208373695,-10.15942063,-3.708095506,-9.51699226,-6.252500569,-5.255123888,3.391275982,-4.954961972,8.297343393,-12.79184147,-19.38075515,25.84802995,-10.16226408,26.03763279,-0.4195815462,-2.943360417,-13.04085303,-15.93293706,-4.525349042,-13.54491907,-10.26084849,15.0436224,31.90544988,3.652431037,-8.294211507,-5.149638359,-15.41496378,3.947236345,-6.735678508,-12.54703956,-8.483432571,1.784785546,-4.187541178,-4.456174924,-7.629698491,-11.99811847,-4.460252771,-12.0430929,-8.174289509)
mX=[200,3](0.9363829443,0.1457418902,0.08511183191,0.7629302931,0.7758653803,0.4060094106,0.422327459,0.8383502111,0.7099875625,0.5278777562,0.2201722063,0.8948514557,0.4836607379,0.4809480995,0.06364021762,0.3226233721,0.5026864333,0.4303791742,0.4608756775,0.06544100329,0.2697664955,0.1129262643,0.6480119942,0.003092914843,0.355411138,0.5904608427,0.7393213643,0.164940152,0.3216030351,0.6789633148,0.08324056038,0.3678371464,0.07346186148,0.6131939394,0.002233241317,0.5675823725,0.6616083364,0.8206002239,0.2742194563,0.8878862431,0.137027833,0.1489747137,0.2554768076,0.1250146617,0.184869974,0.2919297378,0.464714266,0.1988465186,0.2700822331,0.8761454452,0.5509295238,0.3464136481,0.4901699433,0.4818920001,0.06326396426,0.4325618275,0.9964208471,0.6827796918,0.6026203639,0.2924089751,0.07528500761,0.7273445139,0.1071275599,0.384775153,0.3049610111,0.6187237536,0.9468150002,0.01431646988,0.0459762924,0.1938832261,0.4712004729,0.4158789026,0.4329708219,0.9939074704,0.792141472,0.1085845414,0.2654606721,0.1327138008,0.5588272896,0.1095458576,0.2214590732,0.2219565096,0.8655007013,0.3229769669,0.7039286608,0.5724378917,0.3564736293,0.8714673486,0.4523050759,0.6332034366,0.501554831,0.389398919,0.2056118902,0.8092925087,0.7968120449,0.8740658654,0.5164467371,0.4179483951,0.5911861477,0.5419904331,0.9650333978,0.9497480759,0.3148862888,0.840106683,0.9590582327,0.02583015765,0.9113873798,0.03125090817,0.2306360063,0.3785066738,0.9104670959,0.09525240259,0.296638551,0.6821709323,0.6082651439,0.8172660683,0.8863767648,0.3927153328,0.6223084004,0.4449549258,0.4535933059,0.2398969837,0.9280575479,0.1792306112,0.5303547579,0.02126771776,0.8467613645,0.04831430274,0.01556980733,0.7403164737,0.7148119847,0.3070122331,0.9695016074,0.5817726585,0.2472811721,0.6463433855,0.5428736864,0.5088686465,0.5908952306,0.9819617898,0.8302290838,0.5816624553,0.1652908628,0.8551924087,0.3794643775,0.517714774,0.6236429875,0.9006951363,0.08579088629,0.6025642853,0.2141255227,0.4269559919,0.7862991875,0.6392793166,0.2097885349,0.6621274677,0.05670872765,0.9343595092,0.6526145201,0.7897431304,0.09967003323,0.1664158677,0.1547310419,0.685271135,0.5402359257,0.8526908995,0.735882528,0.2125198143,0.04353056185,0.8530357397,0.3736570848,0.9599856967,0.1813959509,0.4281039307,0.8267191557,0.8821614642,0.2513342046,0.7731320041,0.1765987401,0.4740347785,0.121690357,0.6171943996,0.9392417847,0.5699302427,0.5688663091,0.8117644058,0.6700136628,0.6556593183,0.6955215749,0.8391932164,0.4062309643,0.3438136418,0.3324481878,0.6927818387,0.05684739283,0.3662733691,0.5292583812,0.9079384829,0.2471739747,0.5584231229,0.5309640201,0.01321304751,0.03953503324,0.365505794,0.4714596213,0.1195328714,0.5791772999,0.4110208284,0.8032932193,0.7288494426,0.4078238141,0.9215963797,0.1239483192,0.9771965303,0.8974174608,0.7680834669,0.5314683844,0.07191692035,0.3112018606,0.6989519399,0.7085443695,0.8677695694,0.9885931979,0.2526809844,0.9714159108,0.2808091608,0.7556317378,0.3387986162,0.1496638878,0.6331514195,0.4698334394,0.1873018662,0.7432545759,0.1737803974,0.1336647654,0.4484319892,0.2808178528,0.03200328343,0.2132130949,0.4940958698,0.7978978486,0.2472856187,0.8409561702,0.6575589444,0.6732739548,0.7419273062,0.8963978799,0.7687558345,0.3969945542,0.4493670617,0.9514058152,0.6491873893,0.7234369469,0.3462069403,0.8092484909,0.004164739831,0.3978772018,0.1117916364,0.9905754055,0.1524871853,0.3852593463,0.7589366736,0.2717561984,0.5806966444,0.8115480561,0.05462046628,0.9627474391,0.4973844964,0.7846908878,0.4528316054,0.7157130573,0.9437475031,0.754513447,0.300418681,0.3543037625,0.8226247237,0.2005683563,0.2849870916,0.9808024548,0.7327454419,0.974425064,0.2356876462,0.6201597346,0.6662242071,0.7736082577,0.8618830352,0.3345412926,0.7113436576,0.2680454001,0.1965162196,0.5221900185,0.9293267563,0.02305819531,0.5138784143,0.5742160758,0.3108360038,0.09575022975,0.9191237552,0.9046009889,0.1531168218,0.0001020655696,0.688622464,0.2924154747,0.0001024540075,0.6896990317,0.2922266763,9.188426886e-05,0.6871530479,0.2937667129,8.928792474e-05,0.6874430634,0.2941168597,9.689983571e-05,0.5094824185,0.5791214602,8.978074821e-05,0.6844739244,0.2966058249,9.707083831e-05,0.502571853,0.5695917005,9.699258422e-05,0.6393255321,0.3479421236,0.9999780914,0.5805165632,0.5737274953,9.715712526e-05,0.5490174929,0.6495785275,8.507781565e-05,0.7068703855,0.2764526211,9.695914707e-05,0.6123212588,0.3925860599,9.683916107e-05,0.4897955227,0.5304754362,9.705682963e-05,0.5435153903,0.6607428169,8.918249784e-05,0.707211684,0.2738513301,9.060098314e-05,0.5102788364,0.5145069218,0.9999779523,0.5624723761,0.5455839353,9.702229988e-05,0.6166521429,0.3853265686,9.672640685e-05,0.5742020943,0.807848712,9.680981695e-05,0.4527110198,0.5643539353,0.4773277379,0.7115019876,0.2812495876,9.904038278e-05,0.5775648999,0.4560365152,0.9999779967,0.5802261536,0.6378793413,0.4411736513,0.708590385,0.2811557997,9.68474568e-05,0.4475557615,0.5773091072,0.870722333,0.5866233866,0.476526439,0.9999781967,0.5114568275,0.8471214403,0.5079884647,0.6560048482,0.3447861419,9.695209593e-05,0.6171653265,0.617319191,9.690272551e-05,0.5475603285,0.4855634185,9.678646737e-05,0.4986520096,0.70991007,9.709322161e-05,0.6252433721,0.3621742833,0.6131359264,0.4825611811,0.5483480361,9.683082842e-05,0.426527956,0.5691979756,0.7016820366,0.6155310677,0.422421359,0.99997801,0.505603886,0.6948949704,9.683563563e-05,0.5523304712,0.4928978197,0.4851979208,0.6343543382,0.585122721,0.4205211644,0.7137129924,0.2707703118,0.3767964748,0.7097939342,0.2712906047,9.682123486e-05,0.6169047991,0.8121236218,9.688893887e-05,0.4202093651,0.6077701019,0.658582163,0.4831796627,0.5366358435,9.788642849e-05,0.6069970677,0.4054575219,9.783862538e-05,0.6323185404,0.6116202746,0.0001066544667,0.4692594025,0.5224373811,0.4524548313,0.7102054051,0.2726758595,0.7470035093,0.5866228518,0.4874591068,0.6392761423,0.4519730314,0.5749690605,0.632426102,0.6496837832,0.3584500806,9.695465654e-05,0.4685505762,0.685649329,9.686039142e-05,0.5872028906,0.4747678547,9.935286506e-05,0.6980633202,0.2641830642,9.691409225e-05,0.4057386082,0.5767397084,0.444539088,0.6310745598,0.5547974752,9.701664681e-05,0.62218878,0.3498951984,0.5138234053,0.4615789656,0.5380530873,0.5972641761,0.4651778286,0.6296398901,0.9999781779,0.4923739032,0.8641940126,9.688451625e-05,0.4946191051,0.5041978684,0.6909942401,0.6047286064,0.4374011984,9.696215948e-05,0.6298679032,0.6862812278,9.713239701e-05,0.4016033946,0.6053317211,9.726912164e-05,0.6269413206,0.5267481811,0.5596424913,0.4639370079,0.5405058019,0.6814187665,0.700293516,0.2900117386,9.702259618e-05,0.5946439093,0.4262477603,0.7003747732,0.6415151273,0.6208201859,0.6459285691,0.6530602885,0.3521101366,9.704843542e-05,0.4362923957,0.7477948271,0.6499789493,0.5712076131,0.4778811056,9.717732525e-05,0.4281908155,0.5454319284,0.999977934,0.5005373493,0.7346629754,9.693434251e-05,0.4168155328,0.6267360625,9.623532172e-05,0.4845616866,0.8515952753,0.6385126898,0.4463224337,0.5835683431,9.696800575e-05,0.6156583482,0.5529456404,9.929157305e-05,0.5855581125,0.4394667226,0.0002196692176,0.4601394147,0.5139868675,0.6539338069,0.6207015707,0.4062453707,0.5878901237,0.5252847084,0.5027172227,9.699542453e-05,0.4357614241,0.6361031376,8.958093851e-05,0.6944369998,0.2586309483,9.92626497e-05,0.7004240592,0.7897715655,9.081797161e-05,0.6918302527,0.260475663,0.510275985,0.637381109,0.5090674691,9.709831858e-05,0.621818037,0.336151938,6.296544513e-05,0.4302797623,0.5414841062,0.06246329212,0.6309245036,0.6315265573,0.5911117187,0.4478325295,0.5910431768,9.689566884e-05,0.5397327347,0.4700569411,0.486633946,0.4810144282,0.5211006677,0.6194688695,0.713440687,0.2662059193,0.5728325933,0.6291051531,0.3865501502,0.5073272996,0.4613616323,0.6579788344,9.936475339e-05,0.5787219459,0.5611965343,9.718851289e-05,0.3859519318,0.579069229,9.706777414e-05,0.6325579123,0.4587295106,0.5097156963,0.5128848467,0.4981947618,0.4276854826,0.5408381247,0.5851626961)
