mCurrentIter=100
mCounterStuck=0
mYPrev=-44.27423874
mParameters.n_iterations=100
mParameters.n_inner_iterations=1000
mParameters.n_init_samples=100
mParameters.n_iter_relearn=1
mParameters.init_method=1
mParameters.surr_name=sGaussianProcessML
mParameters.sigma_s=1
mParameters.noise=1
mParameters.alpha=1
mParameters.beta=1
mParameters.sc_type=SC_MTL
mParameters.l_type=L_EMPIRICAL
mParameters.l_all=0
mParameters.epsilon=0
mParameters.force_jump=20
mParameters.kernel.name=kMaternARD5
mParameters.kernel.hp_mean=[1](1)
mParameters.kernel.hp_std=[1](10)
mParameters.mean.name=mConst
mParameters.mean.coef_mean=[1](1)
mParameters.mean.coef_std=[1](1000)
mParameters.crit_name=cEI
mParameters.crit_params=[0]()
mY=[200](-24.50956081,211.1051271,-5.246251857,1559.985386,67.62917394,-7.353185822,-33.00352491,20.63929158,202.3384433,16.80978662,14.15282544,-9.661779489,-18.85470045,55.41939849,1538.819347,-2.037087626,-30.46719595,140.9010104,0.3044179797,3089.911916,838.6904269,11.71210791,-47.81501822,152.6977071,-45.20026335,6.362883222,-20.19465013,30.94020542,1.04122634,-32.90409773,31.79775751,-43.46271982,-16.18375529,26.24658088,22.16251024,38.88520581,-47.78738319,-21.5250566,-19.17423726,-21.7007674,3.87010397,23.14700522,26.4179238,18.35118699,68.10764436,-39.03309827,-44.60287956,382.825749,37.93959325,1096.610565,33.6785626,14.41939696,-33.84949918,799.2674692,2143.67306,-4.913300411,-41.55864665,-43.75802402,-23.67245679,7.507963456,-0.1684264648,3.546943358,17.23602374,32.04410725,14.35169957,1019.228335,-18.31723066,122.1456102,-11.51854149,18.82806486,-20.74898497,-12.15761914,6.387909163,52.7793731,1597.976335,-24.1337498,2566.258796,26.10084187,100.9783698,87.80549099,56.11396722,318.996006,-0.5408295884,3.152938097,32.62667144,3677.629153,1380.991263,84.11714019,58.83052473,9.76450502,22.40547985,9.960623213,-44.83719085,11.23953783,1.720992793,-1.012310619,-23.20318917,41.22271954,-13.235103,-29.85444871,-43.8327103,-40.6939342,-33.31624781,-43.65575742,-22.38692375,-44.71478471,-46.49268238,-45.31587811,-24.27005919,-47.6577876,-49.95126801,-38.65863104,-41.38684112,-49.62882897,-23.11559986,-40.73443522,-47.19375642,-43.57141882,-39.12218433,-44.57666195,-41.34198456,-46.05790894,-24.94118257,-34.37037986,-48.3686755,-35.50215705,-41.02000489,-47.83635076,-36.58903357,-39.95635847,-44.78716587,-22.41886202,-46.70459997,-45.29133504,-45.5953686,-25.45301608,-47.67883236,-36.06360702,-35.68544795,-38.08951136,-49.05862572,-41.20238486,-49.17057463,-49.5770945,-10.34324031,-41.02706117,-25.19362719,-43.78742576,-50.29634339,-31.59166017,-47.78169663,-46.31193015,-50.16396513,-36.71633525,-31.43413079,-49.75913676,-43.01395998,-49.13433827,-46.16641692,-45.00075431,-35.36595682,-46.69810135,-22.68701642,-40.71700745,-51.11270134,-36.72780636,-44.46209249,-42.41247051,-48.6393004,-49.07922907,-41.02926126,-20.7269414,-45.43862182,-43.91409346,-31.79051411,-24.09986444,-52.35571711,-33.12152279,-49.07587799,-43.20846295,-46.30392601,-5.845368571,-45.07917524,-32.89397225,-38.88184514,-47.94834655,-44.8453662,-46.23392422,-46.524903,-37.31020114,-36.36848068,-27.78616762,-51.02834867,-46.59248088,-15.96129259,-41.63037502,-29.0847336,-47.07054106,-32.49606807,-44.27423874)
mX=[200,3](0.6975029231,0.4310751219,0.6833490237,0.4920756968,0.1088419245,0.3543065068,0.934732256,0.3702760449,0.7484042966,0.7928040448,0.5028040494,0.02090131711,0.1168498075,0.6937055217,0.1168609222,0.1505366044,0.8092537188,0.4317094293,0.2513791645,0.5427747228,0.5924629251,0.02736604589,0.9309873199,0.6598139718,0.9764737465,0.5918691981,0.1254411551,0.004183145741,0.6628454399,0.8567766282,0.2127461233,0.8641137362,0.290508642,0.3564918184,0.1801733501,0.7677548225,0.405322222,0.5715639826,0.6963070179,0.3201294702,0.671015257,0.1384363419,0.6563513673,0.08220782311,0.1911139394,0.6016911792,0.1998327937,0.7991120746,0.2833861517,0.260168487,0.6702218951,0.08404391617,0.8835160182,0.1063484485,0.646758616,0.4901144747,0.8380044839,0.2964562849,0.1351853263,0.01376060553,0.3641344737,0.7904980411,0.05040502625,0.2346885536,0.4080178978,0.9017314853,0.0915315778,0.4746386748,0.3326064964,0.4891584345,0.02570081979,0.4612872122,0.3111046176,0.3672477974,0.4794293047,0.125995903,0.1477576891,0.4401998215,0.7430563324,0.4821403694,0.7054114762,0.6748894159,0.7574619452,0.9329337382,0.8644362277,0.3456068623,0.822372839,0.5946270849,0.6070443116,0.3172149769,0.5475561192,0.9265894675,0.7846319458,0.4338988214,0.5220070787,0.36695767,0.7662477175,0.5654688468,0.7209050492,0.3875086794,0.1296240482,0.9763846839,0.421068895,0.1573928053,0.9531105949,0.1471611829,0.8571401134,0.1754170384,0.6616221479,0.4616322364,0.4964994177,0.5333820955,0.7236143787,0.4864230292,0.3300995604,0.7483750963,0.2719764362,0.4463714961,0.6547310837,0.3244917134,0.5749996982,0.4509979299,0.8685307322,0.5290199523,0.2415680223,0.962089114,0.2784901265,0.769273429,0.8826089535,0.6245654739,0.8941512797,0.2495196885,0.3797220736,0.9699733696,0.2222446114,0.727023176,0.5351833865,0.5453305416,0.3023307229,0.3233070609,0.5601660124,0.2093530406,0.6367815751,0.07355334942,0.9523118385,0.7378548131,0.9946883356,0.04666139109,0.01478655646,0.2665571862,0.1736210622,0.9153334139,0.8032311715,0.7875390064,0.06570035592,0.6367603163,0.7537243617,0.4411762506,0.6117186214,0.9069636125,0.001335692068,0.3061520589,0.9827500423,0.210716382,0.09108691313,0.7398714601,0.2329784937,0.5824987315,0.2271968297,0.4230003855,0.5751908651,0.5562344139,0.3394790408,0.450758918,0.6120809638,0.5812000726,0.6412840502,0.8043037272,0.3195627361,0.381439018,0.9142085911,0.1780550295,0.7355325661,0.9291231068,0.2940170401,0.5345656291,0.05212490451,0.05577307622,0.5576522257,0.3439943717,0.7843658573,0.9165264957,0.4125739612,0.9014183557,0.3907372138,0.1028755368,0.5161953086,0.03466918971,0.89694217,0.7119440141,0.234251056,0.1893943282,0.2714758074,0.2552155376,0.01078945504,0.2517790575,0.8104489634,0.2471675499,0.8762924483,0.7143777882,0.7018827666,0.3049278355,0.6661516477,0.1948145321,0.2097743638,0.4209488459,0.4630135832,0.6121331038,0.8473213052,0.07634898212,0.6899779062,0.1423089744,0.3988971488,0.2282894427,0.08087146342,0.9963480623,0.7026249527,0.2816833709,0.5640569582,0.169842059,0.0486753087,0.8737377647,0.8120115768,0.1571461504,0.1308113777,0.8315731606,0.1629619116,0.8841142435,0.9793271586,0.2146663871,0.5031223404,0.9955751061,0.9256908273,0.03724566421,0.5509872552,0.06064283026,0.1670420022,0.8235927105,0.5141131312,0.459783275,0.8455460602,0.6072405849,0.8570985883,0.9409469342,0.7599885315,0.8378476992,0.04034597411,0.005920582146,0.2605801687,0.09259050819,0.182158556,0.8285905318,0.07280544839,0.508794302,0.6319790895,0.9565341054,0.9849129413,0.9628203411,0.6226059814,0.8717136306,0.7727089908,0.3818667668,0.9481674036,0.8145380116,0.393937034,0.3421829951,0.06271786364,0.414143376,0.3779526905,0.5847209358,0.2856203461,0.8980518596,0.6815606854,0.03364213569,0.7721459193,0.5139995356,0.114779524,0.6279102963,0.7132647158,0.3532738511,0.4135175935,0.4765640305,0.980077438,0.2066816379,0.941201017,0.7726504384,0.520095417,0.8414083958,0.6478395242,0.4015030038,9.688637548e-05,0.5416539795,0.4253463492,9.693392247e-05,0.5402944346,0.4246992597,9.768783438e-05,0.6273031398,0.3643358405,9.690745212e-05,0.4830462886,0.458468803,9.692473123e-05,0.6663131461,0.3344701088,9.794507252e-05,0.4680455876,0.4662767322,0.4329452368,0.5204489149,0.440392683,9.700087885e-05,0.4342557613,0.4840674347,8.925061642e-05,0.680873723,0.3211961755,0.6320666369,0.5306327043,0.4375246765,9.697188957e-05,0.4072114662,0.4980500718,0.01260181645,0.5686898758,0.3993879787,0.7798358802,0.5170451651,0.4502500452,1.991691655e-05,0.3833921221,0.5149422908,0.0001708843486,0.6973843563,0.3065399288,0.708811504,0.5106898238,0.4494003924,9.683948264e-05,0.3896481594,0.5072794226,0.0001054856762,0.535505441,0.4129799229,0.6062770682,0.5982907173,0.3930063478,9.790057589e-05,0.360874664,0.5746480222,0.645592074,0.4430698667,0.4852258518,9.783939146e-05,0.4605102373,0.4480308216,8.784185902e-05,0.7044616854,0.2989346941,9.661113685e-05,0.383325038,0.6515638634,9.701057465e-05,0.4297338768,0.4667255625,0.8114898436,0.444959894,0.5011930787,9.764301862e-05,0.5725085471,0.3913648484,9.69895688e-05,0.3529275061,0.5276056493,9.072808103e-05,0.5592521236,0.5472625995,0.6505329739,0.6100351894,0.3867468806,9.750903979e-05,0.4583897205,0.4427422366,9.667891165e-05,0.4288280739,0.7272951002,0.6445320799,0.4259477346,0.4920323493,2.58922309e-05,0.3368101143,0.5534887095,0.3917840002,0.5249579057,0.4213704133,0.0001032534527,0.710295457,0.2925393662,9.693935271e-05,0.4287717606,0.4568449274,0.0003156253776,0.5521373002,0.5674964494,0.7087269401,0.409847356,0.5176964068,0.6269982852,0.6413497007,0.3664867655,9.882943819e-05,0.5180765467,0.415620843,9.715770588e-05,0.3356142242,0.6094260737,9.569905373e-05,0.3773859164,0.4868642326,0.4990937429,0.4920466398,0.4430495444,9.759784853e-05,0.6165754773,0.7031557059,9.700886868e-05,0.6026103856,0.3689385623,0.01655005699,0.7158508266,0.2864043717,0.2149475243,0.5525066965,0.5027522569,0.321138566,0.4298332023,0.4605786518,0.7441249807,0.4053515868,0.5547542597,9.702105639e-05,0.3496282213,0.506019253,0.5465069145,0.5299472975,0.4213713555,8.927322927e-05,0.4637602188,0.4346485413,9.700176328e-05,0.338239241,0.6466704771,0.6969411917,0.6751160175,0.3468303908,0.3263103074,0.4215126128,0.4666249061,9.65996101e-05,0.5590246131,0.511360004,9.70223427e-05,0.3383711942,0.5239454308,0.0001001411025,0.5287851619,0.4036753102,0.4898069765,0.4627723648,0.4509488213,9.688817995e-05,0.4890098006,0.5921385893,0.3748508618,0.3726424293,0.5039934137,9.681409631e-05,0.3798730749,0.7417913435,9.701173408e-05,0.5613622687,0.3871513214,0.02370421195,0.415770342,0.4585783945,0.8380320309,0.5491500008,0.5551704863,0.6418281733,0.5394682906,0.4262418999,0.5701140516,0.3663501661,0.5752114707,9.062497985e-05,0.331003511,0.531786305,0.384260195,0.4351297674,0.4623050472,9.657494821e-05,0.5640550651,0.4912582131,9.79254288e-05,0.7172463585,0.2829891124,0.357310198,0.4363457283,0.4588692222,8.824319264e-05,0.3185000122,0.6024742476,0.5345795489,0.5819246116,0.3927013056,9.696397085e-05,0.6022438546,0.6205958293,9.063876815e-05,0.3793690067,0.4831954408,0.731846975,0.3959676038,0.5904460251,0.4154563298,0.3793480417,0.5007375459,0.3551838453,0.5443374832,0.5012465886,9.701083167e-05,0.4672195971,0.4245883689,0.9999779775,0.6580962515,0.7358129711,9.727207006e-05,0.4475126457,0.5440445335,9.687604421e-05,0.3329992743,0.6816013597,9.690296441e-05,0.581535799,0.3708132521,9.775663866e-05,0.4185954429,0.4532487186,0.0001814447539,0.3293166839,0.5308099617,0.5513788725,0.4708439165,0.4479453254,0.5161171858,0.3887659527,0.5047424518,0.354785612,0.565570742,0.4817826658,9.724462521e-05,0.4383006791,0.6075580256,0.6458903774,0.7046141435,0.3154804986,9.048467197e-05,0.4622536437,0.4280948014,0.0001195338005,0.3796893654,0.4811000595,0.0001756832509,0.4386266606,0.766598258,0.4731776341,0.513691175,0.4151322479,0.740923567,0.3756634601,0.61854029,0.4440676574,0.3829434038,0.495568715,9.70265082e-05,0.5944508439,0.363226401,9.7090776e-05,0.4783291712,0.5229897344)
