mCurrentIter=100
mCounterStuck=0
mYPrev=-21.99414303
mParameters.n_iterations=100
mParameters.n_inner_iterations=1000
mParameters.n_init_samples=100
mParameters.n_iter_relearn=1
mParameters.init_method=1
mParameters.surr_name=sGaussianProcessML
mParameters.sigma_s=1
mParameters.noise=1
mParameters.alpha=1
mParameters.beta=1
mParameters.sc_type=SC_MTL
mParameters.l_type=L_EMPIRICAL
mParameters.l_all=0
mParameters.epsilon=0
mParameters.force_jump=20
mParameters.kernel.name=kMaternARD5
mParameters.kernel.hp_mean=[1](1)
mParameters.kernel.hp_std=[1](10)
mParameters.mean.name=mConst
mParameters.mean.coef_mean=[1](1)
mParameters.mean.coef_std=[1](1000)
mParameters.crit_name=cEI
mParameters.crit_params=[0]()
mY=[200](-13.11244559,-51.6016559,69.23481506,184.6712952,2.91657926,-35.0718731,15.25321462,-6.492366212,-39.49208124,38.31084684,-4.453278427,1.066771592,25.88717913,-32.27663559,13.3816761,-45.48420827,1026.714307,3376.968577,-54.12134057,-34.68034325,213.7765066,-54.18678077,-54.08546325,21.2141699,216.5382065,14.70991214,-1.445783089,3591.923595,-21.87055418,-21.54721066,4.364517574,1105.71719,147.141756,-0.5391673115,101.6039844,-52.19135739,164.1740267,223.4198018,11.99309096,-17.33204546,7.58101001,-29.90517971,81.69640901,1278.245965,-37.95250822,29.67741558,1145.459989,-25.00919885,1155.933656,3.723445768,50.71672133,5.311641805,42.89314732,-38.36830062,31.88917309,19.63519531,-15.25664504,-11.0054111,-6.303304675,-20.74116113,393.9548886,73.26986389,625.6106091,-36.71512968,-21.4267872,21.40294475,6.704070127,12.19120188,-35.65665293,3.411570459,-16.1046428,1390.878794,694.9214245,-10.13652842,-27.68794369,0.4311924428,324.7546737,1435.456954,-45.37569697,266.8454674,-12.75302003,634.252218,0.3290511403,-11.41546913,100.9436246,1479.302735,6.364665673,27.41470446,3207.827826,15.19534087,78.98325704,45.28060312,-34.79801808,24.37840692,-20.93645707,-4.397644755,232.3210499,-48.27696762,-12.42721551,-13.30845442,-26.65471711,-32.19405154,-42.1690664,-41.35837239,-51.95942347,-23.28020172,-48.20157715,-30.85907114,-51.40303029,-56.14431426,-36.89631808,-62.30723946,-17.16856773,-42.50956342,-37.22769885,-20.05679183,-53.81562371,-50.38858741,-23.42592528,-39.20129913,-46.24439446,-47.67936263,-49.25922573,-33.89454717,-37.72924333,-49.98385972,-3.623121102,-26.13413036,-41.32010903,-38.99217944,-53.33932496,-51.4604044,-46.25105285,-25.99054488,-45.15823554,-45.58154043,-47.86333123,-48.4609395,-47.28218511,-44.54092514,-40.99657467,-14.0903134,-26.63398253,-33.29155977,-50.39624404,-41.62827691,-50.56351643,-54.35052836,-5.227694795,-46.2203863,-46.14885881,-9.114089857,-50.1614911,-47.91747405,-50.90299057,-46.98074746,-39.10489012,-35.96467891,-38.34630415,-48.96058498,-54.41311178,-44.49841038,-55.98397895,-39.51040221,-45.7995615,-46.56520199,-51.54331281,-48.27449948,-30.78576886,-54.30778286,-51.8903152,-47.60575158,-2.020143145,-20.93578194,-46.80612784,-43.37787916,-47.2458739,-48.35550305,-47.13030047,-55.26397504,-46.15860037,-35.42599754,-37.80095408,-49.63438278,-7.940995494,-55.1079033,-56.22405277,-15.47288374,-34.01128142,-31.23386065,-46.74594608,-59.39985071,-50.99051896,-46.81173906,-48.28038858,-45.91090915,-46.82194837,-33.74151384,-53.6340513,-21.99414303)
mX=[200,3](0.8574531352,0.361419938,0.6344321125,0.1073400592,0.4281521463,0.5957336356,0.2538184271,0.04851952913,0.5500127947,0.1431740643,0.1868687497,0.3075360343,0.7942565506,0.03175865953,0.8041549028,0.1643282849,0.726597516,0.4988952748,0.4105600473,0.5349550201,0.9844181899,0.5912121647,0.8956547668,0.4346077271,0.4467276081,0.356429715,0.697735018,0.8259343209,0.9996282601,0.9312913374,0.6097028598,0.1994344393,0.6628026171,0.6147221044,0.1235654649,0.8379944789,0.7491748132,0.1592356271,0.6241548882,0.3288604559,0.2512274749,0.6802848266,0.9314117316,0.1358316287,0.955196347,0.1577509459,0.6706224551,0.5051433941,0.1128873685,0.405963618,0.0674006722,0.3545512952,0.1159017868,0.01777704092,0.3777642499,0.5752969243,0.5258210523,0.7528574603,0.656655742,0.6051817126,0.769392725,0.7921623298,0.08578041588,0.02459640807,0.3977625476,0.5843774017,0.03583394056,0.4361827081,0.4409228702,0.09897573459,0.2735672313,0.3474870559,0.3889574066,0.3806795786,0.1779912104,0.1205393437,0.007190544724,0.7026701788,0.06501345729,0.8722554191,0.3218756026,0.01655202356,0.9024447288,0.006443995077,0.04723320392,0.7823827509,0.2706268562,0.2213933501,0.6428656171,0.7337388938,0.6868888309,0.830875403,0.8278363602,0.9667426588,0.9764853061,0.04392859528,0.9825565033,0.3457935156,0.362063798,0.1880087547,0.2963484859,0.927404487,0.6352563624,0.146493372,0.4732403599,0.5594021346,0.5940104006,0.4688624169,0.9511311962,0.2691040489,0.3892977116,0.4536334196,0.4852615436,0.1154868098,0.4709988778,0.08024067798,0.674061835,0.5688700176,0.8288087718,0.4124713336,0.08039335786,0.4931411847,0.9448852758,0.4025300672,0.4649986666,0.3107833797,0.8739167636,0.05170808745,0.5765719079,0.07886917791,0.3009022273,0.09592972739,0.5494211157,0.7137569064,0.4898849246,0.6510395803,0.2898161422,0.4277846238,0.6459636014,0.01285793635,0.2891528289,0.6224580257,0.525875491,0.2451736031,0.3378542028,0.06968108855,0.2330712639,0.1922728532,0.9521104383,0.4098220951,0.6977565586,0.4474824282,0.2255933718,0.7763367884,0.7017034426,0.8976343722,0.2880597933,0.9812287842,0.9623236297,0.5005358282,0.764681199,0.2521962139,0.2127168765,0.8551389368,0.1547835013,0.8456922635,0.6893231661,0.1027024028,0.7385851923,0.8600226399,0.1979831262,0.9949247317,0.459851456,0.7675614619,0.3612877944,0.1677535693,0.5675455589,0.8032254192,0.6389579537,0.7507530661,0.2084400447,0.3780358651,0.1647049319,0.8118344833,0.4768262255,0.2113891983,0.178395712,0.07876898974,0.2954765929,0.4924641523,0.6958137334,0.5408840493,0.7297025313,0.6138670281,0.7472786794,0.2710893974,0.9439190737,0.7816279345,0.8972381061,0.9357215342,0.3382360831,0.3486510184,0.8085376388,0.8733912452,0.3915984161,0.5503382842,0.6597513701,0.8851738048,0.2062400047,0.86324689,0.4621888483,0.6644850156,0.7726507808,0.3059241711,0.1782976485,0.1309502457,0.6647299299,0.9145924797,0.05153132451,0.2450319378,0.3197777748,0.8857496488,0.4331572734,0.747030286,0.1844215737,0.5297431319,0.9260583787,0.4586622436,0.6747492013,0.5407779397,0.07670754377,0.9188454513,0.8860049306,0.0278355423,0.5758256544,0.5136688035,0.6432977913,0.9056604512,0.4170630206,0.206649768,0.004782212772,0.2146609306,0.8545660261,0.9461128773,0.09869499295,0.3576925625,0.4822688023,0.5098148447,0.9152215295,0.7178611671,0.7788118638,0.7206403212,0.1310206264,0.02456742979,0.5373549482,0.9296126584,0.2286725829,0.1235126455,0.05996499627,0.6297356915,0.9081472564,0.5162919261,0.9688656152,0.846166917,0.317886862,0.1074026135,0.03505470835,0.7812743067,0.568426839,0.9776605409,0.8641102152,0.3308126414,0.3766162077,0.2906121683,0.7597174945,0.142990397,0.2399605976,0.326299752,0.713503933,0.586951736,0.7329313472,0.9945447559,0.5367323109,0.8480948051,0.5153433943,0.8396626106,0.2486965558,0.7962825286,0.9719908099,0.2316902948,0.393462345,0.263896858,0.6083834521,0.2630456355,0.4216450807,0.8106007018,0.6142396517,0.7078519055,0.5840192397,0.8131748255,0.962794174,0.6806750821,0.2607654133,0.6866282707,0.6753631053,0.260964205,0.1792761159,0.6327359787,0.3496546527,0.7375055465,0.6808505034,0.245304337,0.1217908701,0.6246448661,0.3626561628,0.8549623731,0.682872596,0.2413745224,9.695545177e-05,0.6058485123,0.3936375619,0.9172706554,0.6844919216,0.2405760008,0.846546896,0.6580066004,0.3468210864,9.700367436e-05,0.4764044207,0.5094580406,9.521493445e-05,0.6472683458,0.2785521049,9.692584116e-05,0.5846227646,0.424483553,0.9999779286,0.4890243188,0.5306002651,0.9823349641,0.6412261897,0.3990065113,8.920170144e-05,0.646754606,0.2783811555,0.0001064649007,0.4202965054,0.7952963143,8.99941176e-05,0.5591340556,0.4468801937,9.693836385e-05,0.4582379649,0.539592448,0.9077312726,0.6852885535,0.2296458633,9.693206952e-05,0.6238086543,0.3404249277,0.9440507635,0.6147055787,0.4339531989,9.68530662e-05,0.5352712384,0.5926192183,9.76781978e-05,0.517734323,0.4754390898,0.9999779319,0.6865048391,0.2297573229,0.5871199263,0.6696590284,0.2363016944,9.690145763e-05,0.6373986239,0.4091982517,0.999977417,0.4473347935,0.8430934936,0.9999780596,0.4757739828,0.5590293479,0.9455120034,0.6752907507,0.3245944725,9.680451244e-05,0.4541373149,0.6823129822,0.0001044048431,0.4146886512,0.5332281392,9.763906142e-05,0.5676348934,0.431236315,9.674785986e-05,0.5810025134,0.5845550001,9.124068685e-05,0.3647526382,0.7691521264,0.4890092805,0.6655654771,0.2355824386,0.9301515552,0.5762486144,0.4729560732,9.00223835e-05,0.6199818101,0.3117041846,9.691319062e-05,0.3656645677,0.606379055,9.694679071e-05,0.5125726076,0.4929116172,0.7343957478,0.6689406208,0.3757325931,0,0.67271747,0.4217428703,9.686289e-05,0.5285243612,0.8304682046,0.9999781174,0.4889617455,0.6234575075,9.683486131e-05,0.5914099261,0.6412588345,8.957427646e-05,0.5718113359,0.5294302822,9.698708971e-05,0.55265823,0.3693016632,9.049645682e-05,0.3744276413,0.550284118,0.7381421491,0.532626536,0.4851622819,0.9674062903,0.6818650245,0.2232459256,9.679086272e-05,0.3769041838,0.6471716011,0.7426011085,0.6652043714,0.3122191628,0.9999780956,0.3468083985,0.7404751625,9.694386872e-05,0.5080543724,0.4519340487,9.698840123e-05,0.6805458751,0.4424137965,0.0003815782118,0.5754366401,0.5499373157,0.8892018176,0.6520353475,0.4346236635,0.6911726846,0.4126362534,0.5560515148,9.672776861e-05,0.4801092706,0.7061706096,9.293679727e-05,0.6524036217,0.2459791169,9.990370659e-05,0.6523804993,0.2478963917,9.782725069e-05,0.5495796719,0.3808150142,0.1113483948,0.7103956396,0.3598872783,9.773382544e-05,0.4562213288,0.4931670522,0.9041344685,0.5950853681,0.5445472768,9.688572974e-05,0.3521963877,0.6064327617,9.727564551e-05,0.6198092226,0.4793208249,0.606141986,0.5673099546,0.4188876309,9.711430068e-05,0.5451947625,0.5836390274,9.68681021e-05,0.2690802933,0.7563461648,0.5933058152,0.6288980415,0.3065440089,0.0001050571504,0.4153558937,0.5111324968,0.5785610828,0.5324297107,0.472965373,0.9999781147,0.4326672108,0.8520694308,0.9956831178,0.4717410225,0.670981808,0.3861316342,0.6615737242,0.2277408972,0.1446812758,0.5939455651,0.3172769122,0.5811684968,0.7005887266,0.4047023193,9.712407629e-05,0.3471154816,0.6270730012,9.692108074e-05,0.6033728857,0.5021518083,9.699537168e-05,0.5221823215,0.4072101921,0.5832361122,0.4071658939,0.5621967146,9.770403921e-05,0.6014897398,0.6519380789,9.698323333e-05,0.6965047611,0.4275774587,9.699244576e-05,0.5152394268,0.5657961709,9.694995917e-05,0.6286046276,0.8322272161,0.6133520222,0.5804478367,0.3768465837,0.4709847188,0.5268145479,0.4592171187,0.825855804,0.6745344089,0.216774105,0.832642036,0.7299001379,0.3109407197,9.703042609e-05,0.4576767336,0.7256616732,0.7160391695,0.5764257348,0.5636719579,9.371010778e-05,0.5256879677,0.3981331884,9.763309847e-05,0.4468400887,0.4923858777,0.7597416142,0.6566871702,0.4627523833,9.75910011e-05,0.4482827953,0.6198715339,9.67101953e-05,0.5873878165,0.5034992826,0.09582322933,0.606937414,0.2987293509,9.710062795e-05,0.7137016335,0.3701943838,0.5028202046,0.5569526251,0.4144237185,9.703784563e-05,0.3547090864,0.8119888085)
