mCurrentIter=100
mCounterStuck=0
mYPrev=-9.553153206
mParameters.n_iterations=100
mParameters.n_inner_iterations=1000
mParameters.n_init_samples=100
mParameters.n_iter_relearn=1
mParameters.init_method=1
mParameters.surr_name=sGaussianProcessML
mParameters.sigma_s=1
mParameters.noise=1
mParameters.alpha=1
mParameters.beta=1
mParameters.sc_type=SC_MTL
mParameters.l_type=L_EMPIRICAL
mParameters.l_all=0
mParameters.epsilon=0
mParameters.force_jump=20
mParameters.kernel.name=kMaternARD5
mParameters.kernel.hp_mean=[1](1)
mParameters.kernel.hp_std=[1](10)
mParameters.mean.name=mConst
mParameters.mean.coef_mean=[1](1)
mParameters.mean.coef_std=[1](1000)
mParameters.crit_name=cEI
mParameters.crit_params=[0]()
mY=[200](60.12584632,25.35156649,181.2480565,14.64035902,-11.58938308,1025.163155,14.40719664,449.0354883,-13.02552524,-1.935748744,11.45762229,24.09363403,41.02351419,4.371560419,414.6798032,19.62866308,51.15451021,317.5252195,0.4546618775,825.0003555,2.46041562,-16.33465375,1411.900991,140.2054605,75.05025408,2.289202439,23.63268153,55.92631821,5.801048665,42.28703436,255.858897,-12.95119076,45.23738369,80.00733012,127.264601,50.15845378,-8.210683659,-15.17386031,-26.3827352,7.726296278,38.45758624,12.03268928,61.60983004,7.045069157,16.45122442,39.91201383,1239.595736,9.262941094,1015.227544,2980.333471,-19.80466435,10.01631565,-18.80484764,-27.49980223,1.696908505,30.54511608,20.30223773,529.6516821,-8.402824613,42.6238965,31.57888413,2453.198166,1208.48461,28.5025389,25.00832226,-1.515483459,17.98113577,1183.752686,72.3855029,315.2645929,1281.416848,63.09471194,251.9249422,-13.57506692,72.12084048,32.8618182,15.59005721,-15.44340248,42.97484627,1835.486178,-5.352350855,28.18669299,480.0136718,289.6037196,1340.152101,550.8812056,8.98021702,-20.85110297,40.32722683,-18.2462231,708.2046133,5.81564422,769.3306154,415.5427437,45.34937722,226.3366035,-2.265417517,42.30934855,10.79354689,44.1807243,-8.972117835,-9.619684513,-16.82990729,-3.085667382,-23.16479097,-8.512025182,-22.46462913,-25.98872049,4.686818224,-26.56485471,-21.54682754,-12.49053035,-22.03396704,-15.10174658,-19.08589626,-26.24613937,-12.14332971,-16.3037085,-26.2882248,-15.68357618,4.689235315,-15.51021955,-21.01421004,-13.08411255,-29.06021171,-15.14298013,-0.8528049812,-11.45192339,0.2283964799,-24.20143791,-32.22648345,-9.211924553,-25.08374183,-4.711426549,-29.37846216,-27.18878807,-12.00062321,-10.93723985,-18.02969677,-8.310046881,-27.69066129,-26.62912233,-8.615895966,-24.06260179,-12.34243918,-21.80523969,-14.46499634,-0.6344959979,-15.17368386,-21.62310626,-20.27933587,-15.03061887,-28.50910625,-20.67125841,-10.83192623,-27.40203765,-25.00172055,2.077882591,-21.68079576,-15.07736853,-24.54534468,-10.04532755,-17.12538796,-15.54160337,-19.55541434,-28.21074619,-25.48496383,-3.376651761,-13.70061341,-28.39772444,-24.41929139,-25.18624415,-25.92514196,-12.77686458,-28.56970044,-21.79679374,-10.28001637,-9.633851069,-3.024681111,-13.89848316,-21.77121756,-24.56770439,-21.04591897,1.321682273,-25.2832766,-25.93791308,-23.25114269,-23.83322487,-30.38274042,-18.75822565,-23.04771245,12.42106219,-20.27362143,-22.80331883,-13.07857121,-14.63431465,-20.31697937,-25.6419267,-14.30244903,-9.553153206)
mX=[200,3](0.2871669561,0.9364810917,0.2934404181,0.5633563927,0.4728099988,0.9181923167,0.1030645865,0.9229068459,0.1133673373,0.9399179618,0.7552429075,0.208505815,0.2394216506,0.6658800577,0.4772003422,0.82668269,0.4815827596,0.05446719814,0.3140825307,0.8379214545,0.4901086104,0.8787352123,0.2661828324,0.2426342238,0.2124402448,0.1691485569,0.6848541484,0.8849151211,0.6136436951,0.6982397425,0.5364673063,0.8044001275,0.4591501726,0.08040870869,0.1701945138,0.4302722098,0.7391936959,0.3186896735,0.9981403445,0.1734813857,0.4672191416,0.7906051068,0.5539876776,0.03374462136,0.3604734183,0.1430969039,0.6497226954,0.8237503038,0.4123677024,0.5901291085,0.1775112908,0.642787125,0.6799533199,0.06052173752,0.3337021786,0.5650026645,0.7329109252,0.5996328631,0.2568992285,0.1670439478,0.01755390986,0.78007484,0.5526608698,0.427151992,0.4100191913,0.3923682931,0.5265345719,0.440904295,0.02975172396,0.3058780413,0.06291352489,0.4497876271,0.8478723656,0.02889019202,0.5327384749,0.2916464337,0.4948145303,0.3010927577,0.7638564307,0.3076197445,0.4211305415,0.1950400509,0.8638684335,0.9331779201,0.9080844502,0.2318887512,0.7040309882,0.04091625585,0.7021137945,0.1862785717,0.1556748045,0.1859258079,0.2741792448,0.7805174232,0.5256136982,0.652242453,0.4801429401,0.6576892492,0.9766789223,0.6102100849,0.05229426353,0.5176765385,0.03908725906,0.5869602292,0.1538904564,0.2459942313,0.9099956147,0.3105377092,0.9461725494,0.6990663712,0.4833210266,0.4541837814,0.6398373072,0.3393832353,0.02019961019,0.423877088,0.4641161721,0.3253137933,0.8224214963,0.5094331333,0.4301135588,0.9642901029,0.6033563464,0.3723585062,0.1419781999,0.8468714768,0.814935384,0.948841203,0.2585718818,0.830812426,0.5043691976,0.8036798183,0.09278161051,0.5508813018,0.8386665308,0.06565472183,0.8705567986,0.7800814603,0.8965057934,0.3371431609,0.1050608397,0.7581734176,0.1583121864,0.6756087457,0.9670992986,0.3255388519,0.1372018258,0.6214126367,0.2177166825,0.008475006621,0.7210004181,0.5148751351,0.5933023161,0.7051625091,0.07659897233,0.7425758535,0.6509483162,0.5719808914,0.5875123779,0.3852864831,0.4022348207,0.549886469,0.6340657435,0.3675376041,0.7743492994,0.6958710464,0.7318986632,0.8601426935,0.9737938371,0.2090863649,0.8730040011,0.8562240284,0.1986475746,0.266977033,0.7701150768,0.3505975144,0.6170590758,0.1299202743,0.7961766863,0.8991067509,0.5425690144,0.8406249996,0.7680064674,0.167318397,0.3972604034,0.01349834465,0.9928631616,0.09553023623,0.215243496,0.2596567162,0.5316400732,0.9242562706,0.8640233527,0.8949553822,0.4135357838,0.004468925912,0.1122031823,0.6369441809,0.9825670668,0.8170926081,0.7138732376,0.9249225124,0.04609422464,0.2314141208,0.05269919693,0.9813740481,0.9654125158,0.7181623193,0.08587325729,0.3717231676,0.5135002991,0.01451225562,0.225508593,0.3541642365,0.8897040409,0.9810540761,0.9185951708,0.7646542147,0.09071916347,0.6798529563,0.3831006163,0.6203476341,0.1830161474,0.9995970733,0.9012732649,0.1184202272,0.9108670026,0.6478046396,0.8012499447,0.2826233462,0.8526211583,0.4422116135,0.6072027656,0.5288477557,0.5784056577,0.7418670499,0.9450817437,0.609532445,0.1286331698,0.1479602664,0.3950718273,0.6803396296,0.5767716587,0.1395899649,0.625587899,0.8878069433,0.5870377343,0.00760790658,0.3504514677,0.9542498544,0.1072556518,0.3854534971,0.503263119,0.457660393,0.03704518508,0.07299944023,0.2206158886,0.1950324431,0.7493580549,0.138130559,0.7572962417,0.2084077051,0.248952274,0.6668640573,0.4650428843,0.9513391198,0.4058324343,0.4983818347,0.2760305647,0.5655799391,0.3685292178,0.9732880809,0.07861368494,0.2796741326,0.3753102213,0.3458681926,0.6693609706,0.7236004621,0.04467992582,0.4753953558,0.4370872746,0.1259038326,0.2259488454,0.7131388715,0.9539787849,0.6847048108,0.7730509729,0.08856566391,0.3464242637,0.5475419124,0.7278984578,0.4062534288,0.8518412706,0.2837131401,0.7905975922,0.2904413195,0.8180032405,0.2612984404,0.3447626621,0.3222784787,0.04689306312,0.6165940502,0.3510342495,0.1728771607,0.61985369,0.3482934709,9.778741913e-05,0.5541432588,0.4035603775,0.4944027687,0.6521233616,0.3216429707,9.70402004e-05,0.4872375417,0.4592116263,0.4451486547,0.6528755317,0.3189196946,9.689875078e-05,0.442327931,0.4993113652,0.7716314896,0.5541237635,0.4178706685,8.992086133e-05,0.6466487099,0.319843594,0,0.4133894763,0.5355082137,0.734509621,0.5189466615,0.4479775692,0.0001032336606,0.5378217148,0.4117647402,0,0.41452765,0.6323058393,0.9554426703,0.6596389602,0.3263948298,0.8406744109,0.4599887035,0.4990158724,9.70737323e-05,0.3927717903,0.5409704816,0.0001054162113,0.5441232359,0.4035453242,9.668669781e-05,0.4000420389,0.6666894196,9.714010409e-05,0.4537788542,0.491164313,0.8817334569,0.5977679152,0.3856711064,0.0001029208774,0.6670800129,0.2996069077,0.9205016817,0.4524359444,0.5157411299,9.669300605e-05,0.4837146164,0.5929261029,8.931125446e-05,0.4996053677,0.4359050157,9.698366809e-05,0.3357370528,0.5682672409,9.696456833e-05,0.3678105165,0.7012670979,0.9599263072,0.679149363,0.3052632925,9.524980042e-05,0.5601669042,0.6148222282,0.9999846694,0.3867362798,0.6754366203,0.7196954555,0.4828632834,0.491608802,9.698640698e-05,0.3489838163,0.542468495,9.687646818e-05,0.5604929397,0.3823707322,9.076534979e-05,0.5279590362,0.5197465944,0.900360998,0.3803130798,0.5562957238,9.685490182e-05,0.3279648836,0.6023302718,9.689526238e-05,0.4096810045,0.4799578899,9.694716721e-05,0.3502080649,0.7229146992,0.8606402099,0.5642585639,0.4215818862,9.678301249e-05,0.5326506406,0.5545269138,0.0001014967411,0.6712318092,0.2925564505,0.0001023628713,0.3177937849,0.5843128831,9.689158809e-05,0.4281355377,0.4630955769,9.03046857e-05,0.5893601019,0.6489719542,9.68543712e-05,0.3536322459,0.5181658795,9.715958847e-05,0.545724338,0.3832328778,0.000196154852,0.3494535324,0.6347960942,0.8472791796,0.5019032942,0.5359155295,0.9999779959,0.3898875474,0.7008081268,0.9112042613,0.6832005625,0.2961026084,9.636236233e-05,0.5633311312,0.4857134549,0.6382649049,0.3517038473,0.5633772435,0.7751396901,0.5776079581,0.3952152559,9.691009556e-05,0.3857503438,0.4907715357,9.692741269e-05,0.4568694356,0.5894640617,9.678137775e-05,0.3344552119,0.7416980486,0.551793343,0.4690361643,0.4638711364,0.0002496384497,0.3061398865,0.6041835589,9.049139269e-05,0.6691549872,0.2918155672,9.704565514e-05,0.5507570705,0.5110731334,9.690096021e-05,0.4683912794,0.4277199346,0.5455760239,0.380217921,0.5227050657,0.999977988,0.6076071145,0.5837508951,0.6628898902,0.3506485321,0.6209152396,9.68847986e-05,0.4955583455,0.6519273898,0.6879418449,0.5485288562,0.4721224451,9.69751156e-05,0.3466127203,0.5256574659,8.234527391e-05,0.4930135766,0.5563011387,0.6742197629,0.6802874023,0.2869309569,8.97197636e-05,0.5515641618,0.3671796692,0.5121064549,0.4068682312,0.5005913568,0.0001020111761,0.3242414767,0.6395901456,0.5107282155,0.4355186584,0.5755965849,9.700317047e-05,0.4341641734,0.4539729357,9.703713418e-05,0.6111641483,0.4526308253,0.0001051444176,0.3162556145,0.5545203861,0.2696882898,0.491073001,0.5460849932,9.626203693e-05,0.3323037775,0.7399845945,0.6582269631,0.3286011581,0.6247568253,9.726019054e-05,0.6382140771,0.655951071,0.7742393271,0.5842279717,0.3769254952,9.690088734e-05,0.3740307767,0.4989761868,0.5855162136,0.4655157102,0.4607686437,9.077863918e-05,0.4503745027,0.5749791921,0.9999779867,0.4121022143,0.7355458484,0.5335032892,0.5532002365,0.5106210276,9.698364511e-05,0.4632614627,0.4251305574,0.5387473492,0.3819362455,0.51863276,9.673407077e-05,0.3460000527,0.6548011104,0.0001103116586,0.3020332021,0.5669688985,9.703440159e-05,0.5185423117,0.5319898126,0.5026599095,0.4404818541,0.6091864248,8.463990774e-05,0.6656690143,0.2880869741,0.5530098579,0.4846203969,0.4382157672,9.698565454e-05,0.3663233836,0.5043944647,0.5607619917,0.6502004207,0.4079428666,9.139945706e-05,0.4347301989,0.6707575968,0.5417002007,0.3117176378,0.5851648207,0.4558781652,0.4585212403,0.5455001817,9.699561717e-05,0.5056738099,0.3872371509,0.8674984484,0.6504560435,0.6109074724)
