mCurrentIter=100
mCounterStuck=0
mYPrev=-10.1313871
mParameters.n_iterations=100
mParameters.n_inner_iterations=1000
mParameters.n_init_samples=100
mParameters.n_iter_relearn=1
mParameters.init_method=1
mParameters.surr_name=sGaussianProcessML
mParameters.sigma_s=1
mParameters.noise=1
mParameters.alpha=1
mParameters.beta=1
mParameters.sc_type=SC_MTL
mParameters.l_type=L_EMPIRICAL
mParameters.l_all=0
mParameters.epsilon=0
mParameters.force_jump=20
mParameters.kernel.name=kMaternARD5
mParameters.kernel.hp_mean=[1](1)
mParameters.kernel.hp_std=[1](10)
mParameters.mean.name=mConst
mParameters.mean.coef_mean=[1](1)
mParameters.mean.coef_std=[1](1000)
mParameters.crit_name=cEI
mParameters.crit_params=[0]()
mY=[200](7.791836171,9.242490318,24.30049536,248.3916956,10.29981105,64.60098374,2922.313226,-23.6534932,20.28965269,141.0426813,-25.2248321,2404.792068,-27.65995877,10.78349704,20.9087835,14.88516161,92.38534893,-32.82232791,1221.516332,-14.15513804,555.4167243,21.3423444,52.15010331,-2.852862527,-21.69374535,18.3333463,52.91878137,14.59473894,88.55623232,31.57677775,4.167239981,30.17362252,-31.16443873,-12.53470124,2277.619612,827.2771092,2.192302337,-9.75426201,230.0584927,3316.542304,70.32843412,528.2985419,7.453822333,174.6066186,172.4859562,3886.18773,18.59566426,54.24950117,930.5536811,49.3180036,27.20838461,73.8571882,706.4882669,46.64216267,-7.399986899,49.61036381,-3.568679914,2088.999229,6.74795455,55.77518542,0.5734133996,49.07844893,61.8332707,22.74904483,304.1279328,34.04067191,1354.933919,16.10250694,45.19812996,3465.471614,127.1300449,160.2057752,18.54032264,19.10479423,49.22179432,-4.477333877,2598.692769,40.11161254,1.525443888,13.41683627,746.268385,12.979997,7.782582514,309.4043394,29.07463519,59.01540934,-0.3185206996,2.608738176,236.1626678,68.71798385,23.29250642,-27.46703915,-30.00457565,9.763695033,-8.137405724,88.35006832,-10.98741641,-6.192860024,37.12495266,44.28129371,-10.7449851,-13.82927249,-21.39200775,-4.142440304,-32.01047031,8.60188294,-25.31016571,-31.13033805,13.80243122,-22.40053897,35.02159989,-30.77582891,-27.13844367,-21.83777048,-9.335584665,-17.23852834,5.750259493,-8.339497124,-13.70972693,-37.68952788,-26.59748235,-31.01725405,-12.8396421,25.32905333,-25.1651277,-24.53223077,-14.08255884,-23.37142623,-35.12238371,-10.04395951,4.784860021,-28.70487718,-9.85363048,-22.38360563,-16.38229149,-33.83958041,-17.849423,-17.28011956,-33.56185624,-13.53001599,-24.23044935,-14.44588084,-31.10496523,30.20948694,-29.16988477,-26.53995221,-8.846539247,-13.45454425,-28.35373152,-28.00480834,21.63603074,-25.28235336,8.870530526,-40.49948146,-20.96022465,-10.30382453,-27.74412361,-20.49473377,-27.62161959,-22.59474057,-33.23108474,-27.1704629,-15.25802878,-31.88548523,-15.95728347,33.57516747,-24.76846675,-32.71007127,-15.0531267,-29.32888954,-31.38130397,8.320517611,-18.06704472,-18.86176858,-23.41833755,-40.57535927,-30.85555604,-36.07597155,-3.356602945,-34.79927261,-11.89742584,-32.6417335,-36.10987632,-9.39389678,40.83279024,-34.30392917,-21.45593587,-25.10220897,14.78336913,-14.13726709,-26.33921054,-36.65047062,-29.51260966,-24.00388298,-27.30593035,-13.0345168,-19.90472097,-28.70469718,-30.99655821,-10.1313871)
mX=[200,3](0.7175910641,0.3690088242,0.5422234842,0.6602962409,0.8913384542,0.519394499,0.5096291573,0.4861859374,0.9509177218,0.2888393857,0.1412913327,0.3970158881,0.9337995735,0.9064178529,0.4500622074,0.3460459879,0.8557224945,0.2008387441,0.6396155054,0.2339296976,0.02890768935,0.05886065209,0.3508391303,0.5632271709,0.4920035219,0.7219726678,0.2154482112,0.4806575879,0.04892502082,0.6100522159,0.2306457117,0.547596719,0.3760906893,0.9272850069,0.09609135956,0.1759209945,0.1387314695,0.3045260571,0.6683168655,0.1404982475,0.2541894148,0.888395626,0.9482800356,0.4601946106,0.69585172,0.3101078867,0.1667398218,0.6435001612,0.7585739357,0.7753575982,0.1549233597,0.1927928849,0.6358539513,0.4135968956,0.2045643819,0.3206618173,0.1024450854,0.4627777316,0.7391196456,0.5071191095,0.593704764,0.6683035249,0.04968297384,0.5710570107,0.4456614913,0.9131021506,0.5651288186,0.01254377434,0.7661129291,0.2449431993,0.6130485925,0.2534581331,0.0964697984,0.7431463747,0.3400157074,0.1285093855,0.7625949303,0.8342535713,0.2193859694,0.07805606331,0.7000417037,0.9928057917,0.6726344154,0.8250884475,0.1676860326,0.7874726449,0.09885025482,0.4785694974,0.1829107722,0.6809278408,0.7034143093,0.7194626688,0.2409511782,0.8072594679,0.9585319837,0.3210285297,0.3758299435,0.4312974101,0.5524059719,0.3260073554,0.2951338532,0.7581484011,0.7721596409,0.3104150877,0.06392450477,0.5578491042,0.1070682512,0.3321238945,0.2633703049,0.1980138295,0.7831189805,0.6798128741,0.7977215573,0.5272833161,0.5800525001,0.1740426118,0.4398855979,0.02326053683,0.222011346,0.01717232917,0.829263637,0.8262263331,0.1641010446,0.8365996267,0.2029618403,0.3669794629,0.04330170613,0.5762092173,0.8559547073,0.6585110529,0.7034205008,0.08931504034,0.8985864028,0.1310630731,0.5773383983,0.7376747668,0.9670841824,0.000474754211,0.4061265833,0.1527115697,0.8052345354,0.3633076515,0.9710418169,0.9406967046,0.9507897411,0.1240052316,0.3500973294,0.08767721228,0.8760968596,0.9798685028,0.8157517788,0.527527858,0.9298172413,0.2978989048,0.8612919746,0.1186183992,0.4415112644,0.6485807493,0.03695447336,0.6470240744,0.2450750156,0.6374432878,0.3571695549,0.6592842197,0.2838054718,0.8593993238,0.2665493072,0.6766201067,0.977689408,0.6813669297,0.6057743815,0.3863370772,0.08043456741,0.1906494443,0.6237093478,0.9118716352,0.4498314742,0.01964366076,0.9867722738,0.9340922028,0.1742221611,0.5826096001,0.8170068071,0.1516162284,0.5065842937,0.2272409172,0.4549846434,0.008803394102,0.7372774361,0.07046697784,0.9222528192,0.6583594795,0.0676221802,0.2801228497,0.234509802,0.7656270358,0.3443921052,0.9663690642,0.337010008,0.06527786689,0.2699771751,0.7965542718,0.556248798,0.8718044521,0.2771701671,0.037759297,0.794495936,0.6836272538,0.05292758406,0.0705063373,0.8424234406,0.8026115641,0.1263337897,0.9635497997,0.3364589847,0.4667917589,0.9197850825,0.9356621183,0.3037828708,0.4246657317,0.889099504,0.6215275897,0.3979377156,0.9909653697,0.9046571212,0.8822404265,0.497091582,0.5908291566,0.9826261002,0.2773502979,0.05965720807,0.7843527722,0.3995439303,0.9970311162,0.3065609269,0.5366311164,0.2970263745,0.7251977109,0.4733876599,0.8460886262,0.535886433,0.02474968479,0.4083616989,0.6058782236,0.4059659733,0.8606729362,0.8770521734,0.4561503466,0.7203315164,0.5486226007,0.111282051,0.470396664,0.904908529,0.8308783092,0.8990659575,0.5221958659,0.8428224439,0.1863206729,0.8660464766,0.6227369246,0.7128578316,0.1842593207,0.2111283396,0.74031036,0.003649266677,0.5945261813,0.1336716208,0.69327122,0.4159193441,0.3196414603,0.0387487402,0.9414718258,0.5339516345,0.5108366312,0.5123260226,0.5831946531,0.2540525741,0.421030036,0.4909512132,0.4177606613,0.3763002627,0.3801887378,0.1026710784,0.7505768237,0.4856521075,0.2292494237,0.3808289181,0.2700643594,0.4355014104,0.8151817056,0.4256476321,0.61394369,0.5633188878,0.7710358173,0.1141032258,0.6917502074,0.9856186286,0.7430761373,0.6060653959,0.1497831686,0.1075700793,0.707863538,0.2759647484,0.1505824362,0.7069821264,0.2751493996,0.3535657279,0.706219281,0.2804237477,0.8373048984,0.6856224763,0.3326758953,9.696666387e-05,0.566329216,0.4171137715,0.0001012778946,0.7075890682,0.2575394008,9.700336366e-05,0.6042336328,0.3568775355,9.700326492e-05,0.5816140091,0.5068630382,0.9999779817,0.6516163936,0.3974670623,9.688891514e-05,0.6205279337,0.6300526624,9.214178984e-05,0.7084771905,0.2524573649,0.0001020913292,0.5409720184,0.456409931,9.691644962e-05,0.618035523,0.5666839159,9.617922666e-05,0.4663285276,0.6849464166,9.698614872e-05,0.6039486187,0.3431500839,0.8023440359,0.6086443101,0.4773696474,0.9477868613,0.7165643081,0.2787506588,9.724712858e-05,0.6910305285,0.6888092531,9.694579829e-05,0.4002147607,0.7641954633,9.673988121e-05,0.5211219829,0.4422101864,9.786039847e-05,0.5875176785,0.5513795896,9.687174985e-05,0.4690668337,0.6329690974,0.0001174083133,0.7095417885,0.2457298279,0.7732970369,0.7134875864,0.2669802402,0.0001064015337,0.5382897878,0.3905670291,9.698464721e-05,0.7319538122,0.3923413013,9.683717031e-05,0.6860124313,0.5714491243,0.772395737,0.6188576619,0.4899428384,9.687635355e-05,0.509270945,0.5025955482,9.633073628e-05,0.3930002396,0.7718514001,9.708987699e-05,0.7339990759,0.7497685925,9.052265947e-05,0.4753478508,0.6276816115,9.698255524e-05,0.5922738245,0.3393220923,9.726931886e-05,0.6650889773,0.4735119538,0.8056282151,0.7410312648,0.3566705315,9.776660516e-05,0.4988181566,0.4572432515,9.056212267e-05,0.5758340833,0.6703404407,0.7297550006,0.6462622537,0.5609610057,9.690432478e-05,0.4950735984,0.5513610336,0.7026874791,0.5804626202,0.4205169877,9.699941626e-05,0.3946146919,0.6703314636,9.704561152e-05,0.7055156243,0.6045500626,9.688660803e-05,0.5120670388,0.5280512731,0.0001044956825,0.7104869776,0.2409289129,9.695325612e-05,0.5357788436,0.3822995499,9.69867505e-05,0.6973774451,0.4521799152,9.699555617e-05,0.3787729149,0.795625094,9.699101152e-05,0.5511573313,0.7324213841,0.0001063955575,0.4377563184,0.6063682711,0.6288345002,0.5955471572,0.5185156608,9.773549365e-05,0.7157871025,0.8607054387,0.109314768,0.773862728,0.3256347798,0.6276529263,0.6521779394,0.3045894271,0.0001759558487,0.5003725913,0.4468634479,9.579007236e-05,0.673095716,0.5145230893,0.7440779892,0.7093958261,0.6599628756,9.760802751e-05,0.5555076138,0.6047709288,9.701910917e-05,0.3610537464,0.7082794016,0.0003782594852,0.5140479095,0.4134350846,0.7649951112,0.7098466702,0.4339670771,9.687111756e-05,0.5026458276,0.5192228738,0.6404304134,0.5664665894,0.6192591631,0.0004287108263,0.7238654989,0.4096001487,0.6462250936,0.5629253204,0.4908220279,9.684881321e-05,0.7159888462,0.5613673238,0.9999759479,0.331186346,0.7903210375,9.687133161e-05,0.4117468231,0.6119535409,9.686925312e-05,0.580282133,0.3375182754,9.686005136e-05,0.5542187415,0.7181427756,9.714671208e-05,0.594763757,0.4820166234,0.0001146415198,0.5395940988,0.5729911946,0.6776821649,0.779814424,0.7555419642,9.769326655e-05,0.55403118,0.3618857435,0.8220252513,0.691867743,0.5377097898,0.5463031995,0.5724855066,0.636431114,3.758768866e-05,0.480095722,0.4878920336,0.6444988605,0.5754752742,0.4239642566,9.695613809e-05,0.6309518017,0.4630261107,9.560489153e-05,0.48315745,0.79939476,9.026096766e-05,0.4855735576,0.544800422,7.126249381e-05,0.6963700413,0.6358789979,0.5992448032,0.5586207872,0.5369202793,4.767961257e-05,0.5002453894,0.4257743896,0.6469581515,0.6142333781,0.363739087,0.2155143969,0.7120950175,0.2319163995,9.693117485e-05,0.6105079284,0.5111669335,9.695824399e-05,0.3877179852,0.6638095802,9.696442992e-05,0.5437598005,0.6066122439,0.5304630698,0.7148193285,0.2392650366,0.5488411801,0.774058944,0.3735392809,0.6388113955,0.70798517,0.466113639,3.107234934e-05,0.4903958162,0.4664116419,9.004261931e-05,0.6249126364,0.4340530359,0.6173974451,0.476483435,0.6412512303,0.5650340884,0.5428282341,0.5107447688,9.099719767e-05,0.3133527144,0.7360447447,9.709179829e-05,0.7201803021,0.5314754075,9.689445697e-05,0.5326227941,0.375871313,9.830830499e-05,0.4388277591,0.564748624,9.706670485e-05,0.619471555,0.7390022992)
