mCurrentIter=100
mCounterStuck=0
mYPrev=-18.9558768
mParameters.n_iterations=100
mParameters.n_inner_iterations=1000
mParameters.n_init_samples=100
mParameters.n_iter_relearn=1
mParameters.init_method=1
mParameters.surr_name=sGaussianProcessML
mParameters.sigma_s=1
mParameters.noise=1
mParameters.alpha=1
mParameters.beta=1
mParameters.sc_type=SC_MTL
mParameters.l_type=L_EMPIRICAL
mParameters.l_all=0
mParameters.epsilon=0
mParameters.force_jump=20
mParameters.kernel.name=kMaternARD5
mParameters.kernel.hp_mean=[1](1)
mParameters.kernel.hp_std=[1](10)
mParameters.mean.name=mConst
mParameters.mean.coef_mean=[1](1)
mParameters.mean.coef_std=[1](1000)
mParameters.crit_name=cEI
mParameters.crit_params=[0]()
mY=[200](141.9647622,11.69069451,941.1749012,-32.30641895,2039.732077,13.10519217,3.678808115,7.6634108,-47.32280746,-41.31579837,845.5627912,31.3321561,-45.94705576,-40.6858129,-0.9881998071,-36.26620003,-7.889015414,82.73823969,1.464433775,123.1936509,-3.757639827,198.7911906,29.50817382,204.3654304,189.0836648,815.4665723,-35.43052426,59.58864063,47.45984159,8.729831111,-42.09881663,753.5119505,3420.813837,8.901245301,49.4959257,-1.277319114,-28.93109758,-21.24321575,-28.72805187,1132.691765,0.9464129636,161.4188257,14.11000604,-18.8287952,-5.791577453,77.93850783,12.92220996,406.5779217,1.833573182,-26.14499413,27.10678761,-22.7910902,-43.21210921,1519.168875,14.97337313,-17.09818232,50.9000267,4.459520309,8.302867755,-45.21844012,2.244354874,406.7923687,17.90314264,-36.5734446,47.98909267,6.654749707,-39.44786069,14.33436738,2627.595631,-4.887177756,712.809484,277.2612257,282.0335301,14.26136289,31.40034449,-50.40357186,7.420875351,-25.11187049,25.10593146,-29.63538176,1450.083743,3202.163507,51.47953861,-28.73056042,-19.24037942,-50.03424048,2.995253821,3003.052716,-4.758609374,-43.51746515,13.99974432,0.4932723536,10.03865008,6.613795335,-48.26873652,16.0394075,2782.959359,90.71466999,1508.940949,-40.69932251,-26.66924909,-29.14243365,-15.81295339,-47.27385146,-24.29435213,-52.10164942,-27.45645013,-46.68466499,-38.21337214,-44.45922418,-15.60102652,-42.38241922,-45.38918921,-39.73902835,-52.61373913,-45.00956277,-6.580409,-44.72591469,-50.37705705,-32.19992911,-31.31614615,-21.43223505,-43.63159218,-51.1768427,-40.31945601,-16.40340357,-49.24448351,-53.04167785,-51.70485987,-29.92941086,-19.31669002,-54.07095488,-50.96758015,-40.64933874,-50.25844771,-35.61580494,-49.27056433,-40.36773138,-10.00039441,-44.94687856,-23.6530529,-25.79931241,-47.36472669,-46.87634825,-41.44323109,-11.37267566,-48.9476848,-42.17491753,-48.53099153,-29.0793374,-34.5640643,-40.57971405,-41.97287947,-32.85417077,-45.01420412,-51.76551023,-52.43619063,-30.93831952,-47.90332148,-47.13488058,-31.88002539,-53.2256019,-40.33224389,-56.17267176,2.012902827,-48.43343699,-32.87456965,-35.11717992,-48.29044969,-52.80004,-40.49870692,-50.7824184,-53.261917,-22.62890167,-46.61860794,-45.50070281,-40.25062317,-53.01963631,-52.96917544,-36.6669183,-43.13065545,-53.13604405,-35.66322864,-21.41179473,-43.83849241,-50.70800815,-22.1541731,-48.54040632,-47.9832346,-39.13286293,-35.09980095,-48.98677533,-53.78504256,-35.29741873,-48.71953289,-52.12303959,-48.06989788,-30.0550829,-32.56694307,-18.9558768)
mX=[200,3](0.1915599456,0.3631387875,0.2321099899,0.03990700978,0.9536715028,0.7015768972,0.2213109408,0.9326866675,0.05537034769,0.1455978282,0.4923195774,0.2715583917,0.3046695336,0.06181763646,0.1861794401,0.1269311979,0.976645344,0.4339424914,0.8947075133,0.7426692363,0.8659377432,0.4423663241,0.8174840083,0.8350293438,0.07743600665,0.5961247968,0.3307651941,0.2538451579,0.4406753904,0.6718284349,0.9471948417,0.2578221946,0.2576883715,0.3604530982,0.8672022381,0.9622235786,0.6965543164,0.6734094753,0.3815956438,0.1197507311,0.6699391925,0.285072385,0.8565815754,0.2748433719,0.7498290882,0.5659348407,0.3515055963,0.4992324114,0.4141213601,0.2305108954,0.5268197081,0.7337744266,0.228794472,0.4540068888,0.4914812682,0.500201271,0.916304551,0.7649374162,0.9923852117,0.1697097537,0.8346902776,0.8880137062,0.5443112214,0.8256420047,0.00964841553,0.5121099405,0.864325829,0.9170396513,0.2246985713,0.9329500851,0.3411127828,0.327118316,0.8465217209,0.09497431787,0.5020587,0.4558344732,0.2190806432,0.1995040678,0.7156101014,0.392059033,0.5775201936,0.5152561263,0.5785869448,0.1555999106,0.6361317675,0.9265720728,0.2088875882,0.1774763022,0.8396706048,0.8061542075,0.3587690102,0.6935364775,0.408291911,0.7813794527,0.9670870828,0.06544464479,0.5567503341,0.03412857094,0.07125085568,0.66773005,0.1762137308,0.6545544486,0.5969269973,0.682081977,0.1335294586,0.4030704537,0.1168482522,0.7802786304,0.2173154262,0.5560613576,0.7148655626,0.2920424236,0.6552433717,0.7235324463,0.5750810457,0.752616465,0.5501028382,0.64943717,0.5253696338,0.04261701885,0.7425327487,0.2992874198,0.5343581204,0.9785377464,0.8269764593,0.09760351564,0.7051108703,0.8900285796,0.8455033379,0.06744712175,0.6078197063,0.2137323333,0.7787942918,0.8022316515,0.7307748417,0.5214323618,0.8788857071,0.1226367498,0.7917696473,0.9060799438,0.8181126947,0.7237224009,0.2027561976,0.3099099105,0.4345817172,0.8434930813,0.7695851153,0.5465622656,0.288259968,0.6861741034,0.923397693,0.4387389401,0.3489325536,0.6247096535,0.4065735622,0.7529644882,0.04861971595,0.6232459849,0.3627793153,0.334688773,0.7187368155,0.02326968574,0.9165489024,0.07663236197,0.9512186313,0.2723662637,0.7391414354,0.6665023118,0.9995337175,0.1979018478,0.6147682086,0.6753895719,0.379309688,0.9080190705,0.9590404291,0.0503664278,0.799091462,0.4828259104,0.6401323672,0.3517591643,0.2676275132,0.3315024235,0.9249625517,0.05846689343,0.1290087894,0.2983601269,0.586970629,0.5808290829,0.9992922544,0.8856307559,0.6151248738,0.4661480297,0.1363764805,0.2422232303,0.3774190625,0.4758440223,0.7249173357,0.8848245424,0.6558334738,0.5383473565,0.6379102139,0.6853324035,0.7085531464,0.9451204089,0.3963280916,0.04257942466,0.1460510012,0.01371181479,0.3178850376,0.3996374076,0.08470118617,0.1330693535,0.2601850568,0.02936411082,0.5623381927,0.08641905261,0.9608611794,0.4844840869,0.178006922,0.09161012437,0.3223054963,0.9872744101,0.2016103392,0.478059826,0.2404174118,0.3119453288,0.4235019534,0.5638675422,0.4276961592,0.0142362348,0.8261700063,0.1555748467,0.2615782078,0.7726902533,0.606393654,0.7942693706,0.9722876022,0.8008209221,0.5180363943,0.6914035949,0.1650922727,0.8527482397,0.03438928792,0.3461030302,0.162117666,0.01107400327,0.3750300182,0.02183771039,0.640289586,0.6187875279,0.768471415,0.4104220615,0.8195645587,0.7762926156,0.625057865,0.5025305658,0.4588010675,0.4771809282,0.0083623737,0.1441831452,0.5857176541,0.9011846395,0.6374175924,0.006839601041,0.7570664907,0.4118930456,0.8534431076,0.2308890303,0.3011405954,0.5981256025,0.1831575074,0.7808744632,0.8986415373,0.3247132359,0.1594744838,0.8718958217,0.3859244271,0.1009195019,0.930793543,0.1087238834,0.9402894473,0.4210362737,0.4696919838,0.548931188,0.4833971935,0.2867993287,0.9852005552,0.608214036,0.8745508477,0.08433749938,0.1156002047,0.5399228392,0.1849926739,0.4425269328,0.9841671477,0.3807153787,0.1030717936,0.2486491116,0.4657391692,0.3157996332,9.088218633e-05,0.7441693841,0.2669807069,9.692966677e-05,0.7387723461,0.2677538214,0.0001015912935,0.7340914598,0.26864199,9.67924333e-05,0.5788757901,0.5244453111,0.000100970435,0.7273708646,0.2700598965,9.054533931e-05,0.5680937792,0.4333345643,0.007583149063,0.7266864924,0.2681524284,9.694262408e-05,0.5696577927,0.5684436567,0.7007106517,0.7346468197,0.2709591246,9.686429476e-05,0.5686072562,0.4251451536,9.69902711e-05,0.4925410381,0.8134305984,0.0001036464112,0.7132843033,0.2748004936,9.683308061e-05,0.562419494,0.5775339182,9.063731354e-05,0.6527949618,0.3261873479,9.712022231e-05,0.5709706025,0.4813546229,9.693594168e-05,0.5795884535,0.3951803868,0.9999779869,0.5030451109,0.8074295648,9.69790028e-05,0.5391335846,0.6109819297,9.69416498e-05,0.5715318246,0.5025734737,0.007382672427,0.7370397437,0.2526747226,0.9599943036,0.5748474461,0.5620266903,0.7434644365,0.7320420732,0.2661589601,9.699992029e-05,0.6340655236,0.3380334422,9.78775298e-05,0.5548650599,0.4506736716,9.817046171e-05,0.5175686339,0.628897577,9.663318266e-05,0.4892799175,0.8158241891,2.739194365e-05,0.5623874274,0.521409992,9.690394464e-05,0.5781784701,0.3910311747,0.8019306492,0.5856765416,0.5271368025,0.8845637018,0.5524921885,0.610434103,0.6271863368,0.7304026884,0.2605560552,9.690472891e-05,0.5521012071,0.4510305675,9.760407651e-05,0.5246353285,0.5438390933,9.131585719e-05,0.6520862778,0.3137550942,0.7430846673,0.5930017395,0.4498404467,9.029372571e-05,0.4762441395,0.6789551742,9.697134359e-05,0.5732601032,0.3945490402,9.727991649e-05,0.65289325,0.5081432327,0.9999852955,0.5365780712,0.7718304707,9.760968833e-05,0.5171867108,0.5932090625,0.6046644876,0.7325629404,0.254152581,0.5445859889,0.7319565249,0.2523365826,9.694205407e-05,0.5117943155,0.4680761442,0.7552935174,0.5786266873,0.5210555813,0.0003812932208,0.5789768618,0.3714586449,9.682972511e-05,0.4650651341,0.8470607433,0.6791439936,0.5875412536,0.432351593,0.6806995677,0.5584220369,0.5981188932,9.693111242e-05,0.4861441864,0.522140221,9.692097119e-05,0.4780046635,0.7248303292,9.684863091e-05,0.6516365858,0.5959096398,0.2494341908,0.6575415557,0.4833935352,0.6062521529,0.6768033698,0.3079000272,9.989223784e-05,0.7368329485,0.2391797279,9.713156953e-05,0.6328164713,0.3254591473,9.679273386e-05,0.5411127504,0.4260462105,9.698838655e-05,0.4740942453,0.5386854247,0.8915069057,0.5235142229,0.6482534249,0.6930734834,0.5610450571,0.5170048824,0.0001063549706,0.4382528979,0.6264581242,0.5087709527,0.7323536043,0.2449127299,0.5348291145,0.5784129954,0.416852899,9.621667474e-05,0.6332285796,0.3226238494,9.683798256e-05,0.5088865642,0.4678054325,0.9999781457,0.395941167,0.8452373889,0.5768288185,0.5357587419,0.5557782365,9.051468624e-05,0.6769768714,0.4849493346,9.706964675e-05,0.6136821153,0.6501508337,9.688358851e-05,0.5619019094,0.3998995702,9.049737196e-05,0.4607602027,0.5621419786,0.6826088441,0.6740899221,0.3179801325,0.6548070984,0.562053407,0.4615806705,9.704476701e-05,0.4803965577,0.4940706265,0.002290169371,0.5634078921,0.7635841429,0.5865344851,0.5497423397,0.5604702137,9.692853708e-05,0.5760952628,0.3866459278,9.699820919e-05,0.41500197,0.6437793464,0.6056079468,0.5750256381,0.4295694814,9.689476449e-05,0.4869740001,0.4915584483,0.0003851473749,0.6711886593,0.5517029771,0.5690679938,0.488783236,0.596420732,0.6169294328,0.5572858074,0.4983278669,0.4093541998,0.7308382506,0.2402495599,9.301340736e-05,0.725990076,0.2409475926,0.4964276536,0.6630102002,0.3026512448,8.920283191e-05,0.5273694409,0.4326447235,0.9368542042,0.5596825756,0.6928843824,9.698822062e-05,0.4625831316,0.5467034699,9.728021315e-05,0.6025545043,0.3523308964,0.09849900185,0.6574948449,0.463211419,9.701520098e-05,0.3765576458,0.712568012,0.6044289829,0.6047879645,0.3917160859,0.5447844386,0.5300147135,0.514244584,0.0973949454,0.6341510135,0.6157144724,9.687407438e-05,0.5025604022,0.4495455329,9.709952491e-05,0.4363650298,0.5981260912,0.4962776734,0.5244365145,0.5398325685,9.402976197e-05,0.7173509261,0.2443630509,8.102781397e-05,0.63937699,0.3018923177,9.635359734e-05,0.3431437103,0.8271782709)
