mCurrentIter=100
mCounterStuck=0
mYPrev=-23.34185708
mParameters.n_iterations=100
mParameters.n_inner_iterations=1000
mParameters.n_init_samples=100
mParameters.n_iter_relearn=1
mParameters.init_method=1
mParameters.surr_name=sGaussianProcessML
mParameters.sigma_s=1
mParameters.noise=1
mParameters.alpha=1
mParameters.beta=1
mParameters.sc_type=SC_MTL
mParameters.l_type=L_EMPIRICAL
mParameters.l_all=0
mParameters.epsilon=0
mParameters.force_jump=20
mParameters.kernel.name=kMaternARD5
mParameters.kernel.hp_mean=[1](1)
mParameters.kernel.hp_std=[1](10)
mParameters.mean.name=mConst
mParameters.mean.coef_mean=[1](1)
mParameters.mean.coef_std=[1](1000)
mParameters.crit_name=cEI
mParameters.crit_params=[0]()
mY=[200](235.7441519,1844.967424,17.77188582,12.28913711,31.96447459,34.6008506,-16.89648645,177.3916363,28.91529837,27.28792358,16.24289445,-5.22581925,-3.259046002,-0.9403891345,-22.10693093,248.4639091,4.137047099,-5.341402714,301.407954,-3.256757614,1443.844776,44.885867,30.07196623,-21.90429344,85.23089793,-11.23062929,2801.260748,-25.16330673,41.97044376,39.9032631,-25.75483859,609.8149356,61.91269014,-19.04815777,349.725463,1475.230818,40.28921837,13.02427969,-22.41217117,6.863668195,249.6439552,26.25326786,-5.73868026,1322.747501,11.41851554,-22.79872954,38.51642151,32.70844576,-2.876697169,34.18216236,54.29931291,41.28525899,684.8912383,-4.41181386,-20.17706703,17.13269615,98.88422445,-23.20924483,21.84696525,3.658971893,77.08178005,21.4207922,47.48229631,19.97900714,126.9556605,49.18242671,159.259679,26.24247621,30.20500092,18.66798973,13.29791155,36.47164595,14.22542203,24.55846159,44.6610877,14.81581495,20.3238623,46.84091761,-4.938036204,3236.277575,47.4161828,27.16928022,43.16169365,2150.59072,69.31186383,20.55495008,15.91782375,24.51918566,26.62534192,13.46495973,3293.7805,2843.468773,88.15002651,213.9541428,54.40549164,13.16214764,26.68491057,2219.308051,46.61560298,-15.60561812,33.59044882,6.838042267,19.726307,-17.49726058,-9.459013855,-20.38178833,2.842932129,4.270687708,-1.58261575,-15.40479812,-12.72259641,-20.52426705,-1.156029295,11.0582325,-3.006427122,-17.39237395,6.825232885,114.3711993,-19.94339405,-11.96495558,-12.95842489,-1.306091377,-15.46203567,-14.61953157,-7.730927379,-8.482831026,-17.81046274,-11.85083528,-8.794238248,-9.337986485,-16.53431707,-2.946654632,3.217416364,-17.85292187,-2.65581425,-2.280468188,-4.372302251,-20.95468827,-14.10597707,-8.990414817,5.984490165,-15.63647457,-16.84511369,-10.21234045,-10.24693141,-22.28222299,-9.586536972,-17.16080039,-12.60361851,-19.12729345,13.51102243,-14.91610713,-23.64735717,-16.8453339,-20.40561574,-15.7959984,-12.76848525,-14.68337393,-22.44078932,-9.686615132,-5.195534727,-18.58290566,-17.18365692,-20.72622587,28.09654783,-11.33689347,-18.13710171,-13.45526381,-14.28182188,-16.19457454,8.199043884,-21.79563107,-12.1062766,-4.430074941,-22.60030097,-13.02847802,-13.75542383,-23.41966439,-8.223657775,-8.566381946,-5.800643138,-23.68292576,-17.77695451,-17.04893198,-24.06644533,-15.06183969,-16.61062406,-24.62418912,-22.01106278,-19.82888473,2.870263274,-8.494165749,-20.23816492,-14.90499221,-10.60035355,-6.445396976,-20.75239155,-11.69802929,-24.51945089,-23.34185708)
mX=[200,3](0.1503218597,0.5709796834,0.08082579665,0.5144225286,0.1630002248,0.121659628,0.9113147189,0.244705561,0.7855861004,0.2916636354,0.8302871314,0.2715687934,0.4031446875,0.8504178854,0.2030966192,0.9949253586,0.9487624364,0.6445857987,0.2063138467,0.361630657,0.4041250728,0.830000572,0.9657584,0.1555242817,0.3970784536,0.2372227538,0.9208730657,0.4787506604,0.1130477517,0.8887155979,0.7758250916,0.1890159258,0.7206499474,0.4108708266,0.7586211828,0.3721484727,0.4938825772,0.3748332669,0.324168963,0.2780794215,0.5210695897,0.2898864925,0.4269677336,0.6006709399,0.3460145817,0.04379514992,0.02837474021,0.4365570514,0.340521977,0.4299301632,0.7980471435,0.1904410611,0.5697226066,0.7082203998,0.6612927775,0.3886205903,0.1621918213,0.8925292005,0.4109174825,0.5074743999,0.8633797625,0.9539680988,0.03491083826,0.2304162361,0.4029121719,0.2636979173,0.6285276773,0.07620921779,0.6634734376,0.0307741815,0.4678004431,0.5662855058,0.5579484678,0.04834023479,0.5542535534,0.9411170091,0.6244013502,0.582743004,0.328353153,0.7712304356,0.008922661224,0.6771612086,0.4802519394,0.3577446435,0.2471612685,0.6112118345,0.9729907871,0.6951471414,0.664073228,0.9404310107,0.08222670193,0.5003873561,0.395848423,0.7348923846,0.353317135,0.142218302,0.6461812673,0.4597260607,0.1958567933,0.9029545616,0.6438049463,0.4497414062,0.3816608993,0.01321669961,0.4119469828,0.2515269723,0.2168658562,0.09418737822,0.7853332708,0.9844057354,0.5981527274,0.8100499975,0.7807042791,0.686861232,0.3396071627,0.3122572101,0.6274823016,0.3152391536,0.2659305665,0.8035823847,0.02358089183,0.7262314153,0.1079580822,0.6023429079,0.8881923694,0.2908893112,0.00639881247,0.2060369657,0.5178417004,0.8797641805,0.4313214415,0.07989103557,0.3565967541,0.3261539017,0.3679631737,0.01935751017,0.5305128714,0.3852388311,0.5484038533,0.811721073,0.8717229568,0.1449104164,0.08190305667,0.9350231602,0.5083311713,0.7024330783,0.5753180926,0.7506550871,0.7134060353,0.1719970207,0.06310550304,0.6914530738,0.9872961588,0.8593255898,0.9712878512,0.5310230363,0.7974155236,0.1958029096,0.2469662409,0.3034894223,0.3360137609,0.7470208013,0.2213367845,0.5832514752,0.4510915297,0.4677542976,0.5587925714,0.8495806267,0.7098628642,0.03923315733,0.5445628832,0.9309027656,0.4908567559,0.4238783534,0.9553435461,0.1582292019,0.8241268895,0.4821618284,0.7301858714,0.257735067,0.7411718501,0.34594433,0.3180063674,0.9752789976,0.09487703082,0.7554505746,0.1322674099,0.9965471641,0.3351818225,0.7629634746,0.1714866421,0.8197326547,0.4392133463,0.06322340769,0.4939924947,0.963626123,0.2715711647,0.5252627732,0.8476483536,0.5958490626,0.135690441,0.05190466672,0.2915240577,0.9104933321,0.71072273,0.913910941,0.6348732654,0.5636776711,0.5468483579,0.863143817,0.1624667358,0.8240251719,0.6078982296,0.4504177031,0.9054676837,0.6740864188,0.8845741303,0.6877579703,0.779933562,0.8273106401,0.009235421277,0.7193705905,0.1198802741,0.9233346996,0.697658856,0.8096008333,0.7478978761,0.764225036,0.186505227,0.6328248595,0.1832418418,0.6514815105,0.7674777727,0.9501690232,0.2828729332,0.2592755517,0.739500524,0.3796270379,0.05961883159,0.04344398683,0.07800139509,0.5164956495,0.992986213,0.3682720416,0.8997625311,0.4865604922,0.4479339216,0.8708121842,0.8398655896,0.5754364265,0.2281883676,0.05498481779,0.1056843864,0.2873446245,0.3021606434,0.1761853785,0.8635604852,0.6566712634,0.7281668738,0.4716313146,0.8517623854,0.09065672614,0.8487067416,0.2183514252,0.5825882124,0.1477440061,0.8924177815,0.9874282748,0.3988333282,0.4728350753,0.5937957135,0.104791611,0.01549483738,0.9224447839,0.1279082065,0.06260416596,0.5252584456,0.6714073709,0.1102411188,0.6376727653,0.3029248764,0.2220366975,0.268513028,0.7975602901,0.965209546,0.6826514725,0.8014224413,0.619101836,0.2103289756,0.1301290803,0.9067842689,0.1285466415,0.9303210553,0.02306438474,0.6170520365,0.4401082999,0.2345540362,0.5324358644,0.6595441609,0.4662751551,0.9999779702,0.9070673946,0.3999680458,0.9999781115,0.4232550616,0.6522242148,9.707262681e-05,0.8847369945,0.4123504222,9.693949221e-05,0.4233233001,0.6484966908,9.691745252e-05,0.6801782158,0.5290909012,9.699335245e-05,0.4577184553,0.6097504946,0.9999690094,0.4606497346,0.6870311395,9.700286691e-05,0.7997454881,0.3484426902,0.9999779592,0.4395404069,0.6102041817,9.843512062e-05,0.4189432725,0.6775076555,0.0001045839099,0.6434302684,0.5431621421,9.056474138e-05,0.4813819451,0.608456542,0.9999780325,0.7804291417,0.3689504753,0.0001136917161,0.8145202292,0.4406938547,9.686115344e-05,0.5175439309,0.7370270642,9.697565233e-05,0.4527677447,0.6610177173,0.9999780233,0.505505763,0.7125053758,9.39932792e-05,0.9999764446,0.1988219311,9.04582456e-05,0.546280175,0.578925963,0.9999710598,0.6229190946,0.5439722873,9.917638355e-05,0.6643263579,0.5070071654,0.9999780937,0.463312213,0.6213591979,9.681953213e-05,0.7371485555,0.3569307809,9.687471571e-05,0.5031393334,0.6341720682,0.999978096,0.7299313897,0.4044985861,0.9999844844,0.6925403416,0.5072912167,9.01824135e-05,0.5776161997,0.5647271604,9.893054642e-05,0.424774849,0.6911489666,0.9999779982,0.5329225389,0.5752109828,9.696546155e-05,0.7433722769,0.3928105162,9.684700485e-05,0.6525141656,0.4989029703,0.9999842977,0.7814730484,0.3400239665,9.687358378e-05,0.5115300401,0.7730061608,9.689711207e-05,0.5220858585,0.5973025297,0.9999779254,0.4766332505,0.6609842901,9.080116296e-05,0.7376783522,0.330307235,0.9999850702,0.7750910502,0.4470910346,9.71100805e-05,0.6000377456,0.5425678594,9.718593621e-05,0.5231856186,0.6395637549,9.696473332e-05,0.7219166324,0.4099754716,0.9999781216,0.5117832616,0.7313277536,0.8084181977,0.5975331775,0.547613738,0.999977932,0.6853675255,0.3815308945,9.752782861e-05,0.6663089455,0.4838243722,9.894702082e-05,0.4362872853,0.6967540375,0.5940616817,0.4981808381,0.5964631259,9.721068389e-05,0.6882086028,0.3641100785,9.064039158e-05,0.5716527332,0.5658526978,0.9761900797,0.6456499474,0.515665475,0.6485392342,0.507428839,0.6428595773,9.865245355e-05,0.4012762947,0.8419846919,9.719098683e-05,0.5496369691,0.6137029439,9.710805534e-05,0.5891168748,0.528728796,0.7247877019,0.6887285331,0.405281311,0.7301763162,0.5448113341,0.5688606356,9.069188169e-05,0.6848690049,0.4524587091,0.6151520451,0.4839495951,0.6718166642,0.9014011297,0.6802051427,0.485711942,0.2169989798,0.5891171729,0.5285017895,9.70607932e-05,0.6757945101,0.363694899,9.694295288e-05,0.4672668805,0.727016257,0.6681624518,0.5077778387,0.5968064025,0.8682077776,0.6687822219,0.3747161913,0.6068075508,0.5842403388,0.5447308254,9.693606609e-05,0.5519046113,0.8986934477,9.710188974e-05,0.533407547,0.6513597192,0.1370248189,0.6105984187,0.4984292628,9.045451124e-05,0.5567788023,0.5819287299,0.4777264643,0.6891245958,0.4210684089,0.7347717578,0.5251527615,0.6283943522,0.9999780056,0.4838620788,0.7487378194,0.6257052826,0.5853353133,0.5398091197,0.3263239932,0.6753583527,0.3907262691,0.9155505143,0.6893998988,0.469042683,0.5917025766,0.5175344267,0.582085649,0.05039133224,0.4759512778,0.6824580662,9.729205203e-05,0.572586982,0.6181285656,0.3951611285,0.5933225436,0.5202193467,0.0001027890174,0.7185817939,0.3239471895,0.8632488419,0.7039582496,0.3457018089,0.8206753475,0.4759169702,0.6840450181,9.891732748e-05,0.5374467663,0.5544831518,8.893775907e-05,0.6308577644,0.4761022031,9.838797839e-05,0.6652106357,0.3749364131,0.578865252,0.5923328393,0.5228021351,0.6631420325,0.5340045883,0.6305363256,0.5114180898,0.6714356268,0.4214362738,0.6173192937,0.55355753,0.5639545789,0.6669682897,0.6578480293,0.3739950763,0.427282714,0.5961764994,0.5075459834,8.934441348e-05,0.4602770438,0.7807862124,9.767304923e-05,0.6782373793,0.5693473307,0.5890209431,0.4999236125,0.5950407493,9.765802969e-05,0.668678634,0.3401726,0.07643330681,0.6733003869,0.4257487987,9.710205693e-05,0.4303298667,0.7106317032,0.5911876999,0.6504340116,0.3798293666,0.08442209178,0.5515295525,0.6501491996,0.5654989986,0.5552278439,0.5465128911,0.4873628966,0.6079475422,0.4970398935)
