mCurrentIter=100
mCounterStuck=0
mYPrev=-7.400176911
mParameters.n_iterations=100
mParameters.n_inner_iterations=1000
mParameters.n_init_samples=100
mParameters.n_iter_relearn=1
mParameters.init_method=1
mParameters.surr_name=sGaussianProcessML
mParameters.sigma_s=1
mParameters.noise=1
mParameters.alpha=1
mParameters.beta=1
mParameters.sc_type=SC_MTL
mParameters.l_type=L_EMPIRICAL
mParameters.l_all=0
mParameters.epsilon=0
mParameters.force_jump=20
mParameters.kernel.name=kMaternARD5
mParameters.kernel.hp_mean=[1](1)
mParameters.kernel.hp_std=[1](10)
mParameters.mean.name=mConst
mParameters.mean.coef_mean=[1](1)
mParameters.mean.coef_std=[1](1000)
mParameters.crit_name=cEI
mParameters.crit_params=[0]()
mY=[200](846.6227038,27.29152776,38.68484628,1588.408652,149.1344905,40.56635553,21.88572495,5.910464381,15.84450197,632.2026624,929.375407,808.3015269,722.2547021,50.62298112,45.1488,16.10302794,4.758616326,29.00872328,75.17180781,27.84164686,3.443701803,53.70454315,49.52209034,1573.787997,-5.310712748,60.33873731,691.7780296,21.9902255,269.117176,2440.52464,1686.853122,31.22595283,-6.282072934,41.76984822,43.8473899,461.9352424,-15.83229158,20.95174778,-10.990545,52.9342918,-18.47844792,216.4558852,608.4032946,707.7724222,-4.785230628,57.72513564,37.14353617,1962.013542,-22.91533064,4.65568027,35.42675695,38.09640238,104.1623709,-3.319865672,54.50008896,36.39628141,46.80306797,220.2555428,191.1198805,11.56112459,301.4380931,41.32102406,356.4573533,526.5191289,3844.025441,13.86987909,378.8381202,77.51624856,117.5411875,22.95198824,1373.831457,63.57116023,-5.683437925,3.276795898,21.08531479,38.46900733,1453.049089,928.5814851,49.38661285,11.35934172,22.58010607,21.52600218,31.94214497,42.15407329,-20.07175586,48.78041448,40.03023747,28.92326213,-11.33013588,47.38743901,39.48306363,-2.193138209,1694.377959,360.2234862,-16.16270248,-0.8176451883,13.1617803,95.61368675,520.8248534,111.706854,57.69189568,49.34829149,-11.40086224,14.80607951,53.68496042,-6.33771091,-7.613573018,14.79961473,0.8951661664,21.07629569,19.92327945,-8.035306949,12.70989796,-8.865999703,13.60060948,-10.10571919,-7.202897789,20.21815503,3.106526357,22.28526082,95.64257674,-13.73370387,-6.842750632,9.301709605,21.77617326,-0.0006159189436,-1.011392173,-9.358369153,-10.99238309,16.93650592,6.959147867,-7.60271144,12.72696777,-0.3367169325,-13.96952467,2.675978629,26.18569729,24.2324174,-5.997857919,5.186280829,28.22262557,-11.0302996,7.14611992,-10.48929098,-1.643497616,15.89226079,-0.9933631621,-5.478133471,1.190148892,-10.0147547,-6.685357276,4.995482975,8.617779035,-0.9199422395,14.260564,-6.715019281,-2.167722711,-10.25940264,-3.736773662,20.6750553,-7.273145016,-8.679616365,49.52160354,-16.96742295,-4.491734476,-0.7834629116,-7.864268894,-12.51785775,19.91507762,-12.73163803,-2.983038945,-9.675030392,0.07436261038,-7.200693083,-2.646169692,-10.473901,-9.201522572,25.82376513,8.115754944,10.28675441,-5.470553229,-3.01084041,-9.073818768,8.132939695,-12.10213685,-16.79725437,31.65540516,18.85196649,-10.17277075,-9.949529315,-6.344283349,-2.90135354,-0.1690941935,-3.061381391,-11.05897682,-9.136930728,-5.467259848,7.547327219,11.6806925,-7.400176911)
mX=[200,3](0.9163402764,0.3122432456,0.1708473887,0.3511019766,0.1279238671,0.6560862757,0.424129986,0.8099208956,0.8032704819,0.5139114194,0.1033549238,0.1575950439,0.3295807126,0.6853406268,0.08359489325,0.2483035934,0.4067062749,0.9329105371,0.3824587422,0.7710559853,0.6787028074,0.1434119866,0.3816284586,0.7140049362,0.6944035842,0.3461005113,0.7429121841,0.6293569315,0.1414613945,0.2812447731,0.3675649112,0.2806222957,0.1470493329,0.8098273795,0.2076697069,0.2192637801,0.857292787,0.2345246046,0.2276998943,0.1037457031,0.4691707355,0.9761089823,0.1925798586,0.3569899478,0.9672900997,0.8762758042,0.4371009364,0.7074270144,0.2382872502,0.7353622474,0.5534398901,0.5889728035,0.4987937832,0.8657402265,0.9501338593,0.009395450435,0.6206163825,0.8130807233,0.3398968636,0.8183157738,0.4132997596,0.6559868192,0.2398706951,0.5458433176,0.1300088548,0.986574184,0.01365099349,0.8594996297,0.7892545614,0.3901306444,0.3613277257,0.07351153973,0.8694705141,0.6186638225,0.5830052439,0.635976403,0.9700073941,0.77420105,0.03044734144,0.04529265171,0.2941029029,0.7620241501,0.8242941278,0.6414397435,0.5565266525,0.1186422064,0.4017757645,0.3475764388,0.5515620934,0.01046416729,0.7406584115,0.2937290173,0.06994875724,0.9799854221,0.4181578501,0.840219261,0.02802797257,0.5843360589,0.5783600355,0.9050045355,0.9018911148,0.7588961508,0.5208128044,0.9360451674,0.59503139,0.6674838063,0.160342409,0.3172322012,0.4937095659,0.4543898187,0.5457223463,0.08869510007,0.8420708673,0.507203331,0.7565536316,0.5663956441,0.523202295,0.05519839057,0.6231268938,0.9553110883,0.4687298432,0.5463916509,0.4688807552,0.1611673493,0.1573600741,0.33705643,0.1859616756,0.2595558279,0.1802798843,0.1543433896,0.2784925362,0.1603835865,0.8294616531,0.6493049989,0.5394366991,0.9877042657,0.6035271128,0.9958189832,0.8483365397,0.03232259725,0.8342179499,0.7906434166,0.3954886066,0.02485206722,0.1300578633,0.4410086149,0.4896557231,0.4576391964,0.4740224499,0.7373141641,0.9491991671,0.6795027578,0.8704996318,0.1223731033,0.2616606094,0.9201868933,0.5031049595,0.9532461672,0.1907348773,0.5642673914,0.6924302213,0.3935640921,0.3040502611,0.7981483308,0.8961501656,0.6466739837,0.01641947877,0.7980510878,0.4383199652,0.924673704,0.3052730358,0.22799468,0.02815548613,0.4701998884,0.2918274109,0.1716939672,0.3543480021,0.09177464512,0.7698903015,0.4366422166,0.1105171493,0.08436516781,0.375269198,0.8939417738,0.3700561278,0.907049152,0.7286265386,0.5312951119,0.1039527198,0.9205584619,0.3047789582,0.2418945526,0.6787224617,0.9893793671,0.000911941852,0.2563652526,0.783500086,0.496281861,0.2672592176,0.2149832793,0.257628474,0.7098353139,0.7584271593,0.1119402811,0.7359547396,0.2210018202,0.4519698089,0.004518600269,0.2488189594,0.8264649876,0.7846042104,0.8822792327,0.04153802522,0.4044222735,0.9437248922,0.8519369856,0.4877375748,0.6633407741,0.346900781,0.7137973597,0.4898756491,0.6938617015,0.3743371795,0.8160112819,0.270231062,0.6566595908,0.8362609719,0.2074390149,0.07588378457,0.1893556512,0.1239149914,0.0451432712,0.74477385,0.03742173292,0.065042835,0.9620135212,0.6657505243,0.2883855691,0.7178248425,0.607907176,0.7770793391,0.8626256632,0.265206487,0.4486434262,0.1981917767,0.7236263347,0.1735820291,0.0902455212,0.8868394775,0.21259596,0.8995538982,0.6179494391,0.3324140937,0.5079413625,0.4261881723,0.4772700189,0.06397376622,0.9490279774,0.5355037411,0.9156249778,0.5163192467,0.2720359496,0.07699075926,0.7697668949,0.8334239372,0.5969402134,0.4427191979,0.5908956628,0.9927153691,0.5631056187,0.880615639,0.5196141348,0.9102233604,0.603756484,0.5287763486,0.6383295874,0.9343172092,0.3273298731,0.05824197364,0.3194366612,0.8708237906,0.09022954295,0.5739311017,0.5727812533,0.3841464515,0.9625140613,0.705106784,0.4160791252,0.2078491202,0.7210935652,0.6805404239,0.9931590547,0.4261245552,0.3259616623,0.6198526911,0.05466072688,0.3622828652,0.686394266,0.6395455379,0.1379954203,0.04221924925,0.9999763636,0.3753746468,0.9999854848,0.9931686979,0.4295476689,9.697176175e-05,0.4078305377,0.6089087814,0.9999781746,0.4624972623,0.6063491775,0.9999811056,0.9999832611,0.345186778,9.704725875e-05,0.440717101,0.6478613719,9.700744758e-05,0.4235596531,0.5637229071,9.684337259e-05,0.4739111288,0.7800247175,0.9999837767,0.7160058205,0.4810189474,0.05777518844,0.8826327846,0.4374249007,0.9999843339,0.4607111796,0.5619164553,9.706173493e-05,0.4555381269,0.6463832063,0.9999781646,0.4888427653,0.6526953839,9.040419896e-05,0.5639225067,0.523997204,9.681635487e-05,0.5681937081,0.7348385137,9.076046615e-05,0.4748621047,0.5946380806,0.9999844965,0.6688997323,0.4893777894,9.681906696e-05,0.4690303472,0.8208932291,9.766158188e-05,0.7028464125,0.468243157,0.9999690586,0.4799279318,0.7752686751,0.0001037172374,0.9999842171,0.2235407453,9.907055944e-05,0.5529632786,0.5380425855,9.689631957e-05,0.4998689955,0.6146109737,0.9999780639,0.5242135191,0.5939327099,9.698055609e-05,0.8366544862,0.3956955919,0.9999760728,0.5828618832,0.5153120972,9.724061312e-05,0.4513894088,0.6773403627,9.131264073e-05,0.636543387,0.4921848906,9.016900372e-05,0.5690818671,0.5597679344,0.9999781097,0.4976621415,0.6667937718,0.9999728762,0.7558119806,0.4541734486,9.76026105e-05,0.5263806283,0.6207728919,9.677280971e-05,0.4687115323,0.7688869108,9.61050627e-05,0.69200799,0.4612440701,9.050564066e-05,0.5755181903,0.5292796221,0.9999846189,0.5698761985,0.5404530061,0.0001052214391,0.4221650625,0.860804593,0.9999761346,0.4805789377,0.7811143727,8.190393737e-05,0.5803750475,0.5774199818,9.697423425e-05,0.5471256375,0.7005435932,0.9999780048,0.8514124067,0.3910893694,9.067709168e-05,0.6013211579,0.5070348125,0.9999779972,0.5305659544,0.6209788838,9.577083809e-05,0.3289782335,0.575723226,9.684588482e-05,0.4866236616,0.6455141062,0.9999780217,0.6212016216,0.7181785281,0.9999844532,0.6368116455,0.4897680554,9.673007347e-05,0.6339487651,0.5604924476,9.2620678e-05,0.706944583,0.4439205505,9.119150906e-05,0.5696456382,0.5129896629,9.727212194e-05,0.5659704689,0.6026912071,0.9999597778,0.555947187,0.5640357475,0.9999836679,0.7103646177,0.455532019,9.825796587e-05,0.3719261138,0.6788570289,9.697362541e-05,0.6121879911,0.7293425269,9.060885921e-05,0.6418020501,0.5423552298,9.098383806e-05,0.558946035,0.6339522004,9.727965125e-05,0.6366684402,0.4812725028,0.9247246977,0.5477475743,0.5137782647,9.047690419e-05,0.4597039225,0.8013931687,9.697456803e-05,0.352958112,0.5647530309,0.6523145282,0.4513948581,0.5949214428,9.966228765e-05,0.9566275572,0.3262939888,0.000101255635,0.5114497034,0.5247589576,9.625561686e-05,0.6175374362,0.5785286728,0.0001016702328,0.7255908669,0.4151358905,9.001750315e-05,0.6360472206,0.4807146932,8.989853838e-05,0.3544069894,0.616708566,0.9999766212,0.4402532843,0.6643923672,0.6159907613,0.4424717204,0.5409690221,0,0.6537005638,0.543692909,0.6882319436,0.595415517,0.500280393,9.948908432e-05,0.5431593968,0.6613037328,0.6410059161,0.5479134964,0.5846301762,9.693879694e-05,0.5685762032,0.6049088399,8.957096206e-05,0.6810478726,0.4385563699,9.70131808e-05,0.5802937475,0.5026376907,0.9999781821,0.5036008666,0.8051759453,1,0.7174179667,0.4300253867,9.057327988e-05,0.7691632077,0.3855697012,0.7449275231,0.6354583046,0.5458767206,0.7854351407,0.5059215853,0.6218724866,0.5871212153,0.6526796671,0.4726999781,9.679281141e-05,0.4041876135,0.7503611475,0.06522630637,0.4754942507,0.5576211687,0.5558317103,0.5523171813,0.5120960709,0.0001046367886,0.4065395178,0.8717028219,0.9999780351,0.5302539226,0.7384150544,9.692112353e-05,0.6456094027,0.4598986578,9.707999255e-05,0.3547066097,0.5991118908,9.683982805e-05,0.6000864534,0.5802558253,0.04121086606,0.3691791146,0.6877182175,0.01063137144,0.5697598711,0.6411643043,8.978921486e-05,0.6450986097,0.5216044935,0.6386971906,0.4016402979,0.5659003832,0.7156609475,0.638350535,0.4735618067,0.6566972854,0.5999797893,0.5665300398,0.9999845406,0.7860060932,0.3883261735,9.676437231e-05,0.6140989527,0.7060144854,0.5913145773,0.4193060469,0.6211075369)
