mCurrentIter=100
mCounterStuck=0
mYPrev=-21.79868438
mParameters.n_iterations=100
mParameters.n_inner_iterations=1000
mParameters.n_init_samples=100
mParameters.n_iter_relearn=1
mParameters.init_method=1
mParameters.surr_name=sGaussianProcessML
mParameters.sigma_s=1
mParameters.noise=1
mParameters.alpha=1
mParameters.beta=1
mParameters.sc_type=SC_MTL
mParameters.l_type=L_EMPIRICAL
mParameters.l_all=0
mParameters.epsilon=0
mParameters.force_jump=20
mParameters.kernel.name=kMaternARD5
mParameters.kernel.hp_mean=[1](1)
mParameters.kernel.hp_std=[1](10)
mParameters.mean.name=mConst
mParameters.mean.coef_mean=[1](1)
mParameters.mean.coef_std=[1](1000)
mParameters.crit_name=cEI
mParameters.crit_params=[0]()
mY=[200](298.4978131,289.5809508,10.28348888,8.759033659,-15.96975621,30.57246749,17.35527794,28.57275558,2.445616236,19.72940693,12.77849191,-20.19234283,432.4742126,476.1741951,759.0500372,61.70448053,10.62795472,961.0759513,64.2778067,20.98599173,-1.041722635,10.24403029,30.41724598,2524.342886,-17.51251517,5.202823102,1036.181139,32.605568,-18.13051738,63.27283942,-20.62115929,107.219108,29.75600715,-4.202539852,-28.20834195,11.587974,-5.022143027,17.66833688,3.15219153,38.36846678,8.476911379,237.1604459,-6.004483246,46.5361536,2238.636181,-9.076424041,-5.883317214,69.87376464,13.82778425,8.596895512,-31.6280001,-12.18827759,377.8031932,3413.722257,23.42786181,-6.099300654,-19.36351442,9.364679516,-18.80994199,-17.11498931,11.30833998,21.8671363,6.293592894,-28.24575837,-9.113706875,3.09643542,123.884982,626.5879633,-28.38917432,45.99792851,-3.120967613,1107.20792,711.024925,1375.482148,1056.450392,1064.103328,970.7014683,2.690106552,19.66407636,31.15773883,11.90612488,2580.852357,17.63272587,3290.00868,13.12971149,26.69069142,19.29668552,170.879735,54.31452911,18.5998881,-19.29145103,47.57060799,593.9443322,1139.207905,-5.243419347,39.34183135,32.72569018,23.83374689,118.4938778,17.81178165,9.211100246,8.430620044,9.637881226,-23.47439359,-26.87901823,-26.21785529,-21.1271819,6.719291331,-20.11623229,-24.8137177,-19.25307149,-23.07215411,-23.90214562,-30.13491244,-14.28810306,-25.5977569,-21.84799636,-24.72310903,-26.42355179,-30.44904395,-25.06155116,-24.53072668,-11.88666007,-23.17381857,-29.10897284,-25.06112238,-10.94211508,-25.48229664,-21.11757401,-20.23542521,-28.23182548,-31.01398107,-23.1611239,-28.87157711,-21.64419117,11.54841038,0.3279140282,-22.86656773,-26.62986767,-33.48776111,-7.523809624,-19.49763776,-25.41828555,-16.97268467,13.15935373,-29.0848945,-1.35566782,-27.37792015,-28.59403813,-29.03321337,-25.46839808,-29.07520772,-15.38706441,-28.23582659,-4.08486216,-17.919328,-28.0637476,-24.42910748,13.55086381,-15.41499493,-27.18538832,-19.22953545,-22.78246636,-28.77655871,-34.38236773,-4.877635321,-31.51508192,-32.17803925,-26.07443104,-23.10419015,-17.83828479,-13.77523839,-29.93531409,-7.934702987,-20.00200717,-17.02951504,-29.97123389,-19.83143352,-19.89457604,-23.91450312,-25.93107928,-31.01604213,11.77764131,-31.45270591,-15.20364202,-26.30529247,-23.28598943,-31.96678634,-14.51379397,-25.82356503,-1.084149226,-12.2736903,-34.78664958,-5.43650932,-26.19456746,-28.74553623,-29.30195164,-22.61419802,-28.3544046,-21.79868438)
mX=[200,3](0.8837291724,0.4610045476,0.1457208984,0.1371437931,0.9819196939,0.1121981102,0.1868071931,0.7044101714,0.7665411331,0.2567111265,0.02886263107,0.8443405663,0.5547979219,0.5984132181,0.2479217624,0.4218164483,0.211882582,0.4324481042,0.154799916,0.1193662097,0.9064395744,0.2769193232,0.9397614241,0.3840809061,0.9540161859,0.5357799632,0.7943358261,0.3733891397,0.9023940748,0.4147409557,0.3325570558,0.8779334219,0.4817930026,0.4089134107,0.7506947669,0.3402667301,0.1653153748,0.2915368172,0.197781522,0.8498376571,0.2351867574,0.2325986944,0.4866662622,0.412944399,0.08680077922,0.9947238402,0.4431381796,0.2710972349,0.3259399541,0.763943231,0.7096257952,0.4561536664,0.01734246197,0.2573350347,0.06078710537,0.9698618649,0.9399395612,0.3945719852,0.4294265517,0.9221184587,0.02743659794,0.6028760803,0.7273405494,0.07824930602,0.4856312026,0.8354497944,0.2015039195,0.1034609166,0.9762173926,0.4917472705,0.0759687922,0.090446593,0.6586256091,0.5860747422,0.5951878054,0.2101663741,0.7894194366,0.3349009187,0.8649294976,0.4369603446,0.0593213609,0.8940060913,0.8166681261,0.8967791512,0.1054308232,0.456790079,0.6832659022,0.7607184972,0.8483631989,0.1558800187,0.199657487,0.3548223867,0.6769319908,0.698893794,0.9971585245,0.2016951484,0.5620911889,0.6566434577,0.9191456401,0.3406679658,0.2732559639,0.7755315816,0.1462172592,0.5205348058,0.5332951045,0.8549145929,0.1761067233,0.8657281263,0.5742001475,0.7159440159,0.6306316084,0.5170634999,0.8600016173,0.6015021358,0.3559880511,0.8027338994,0.5082092363,0.8161243717,0.5625527265,0.9899203898,0.2206124965,0.6284291367,0.7870716268,0.7320735498,0.4055698145,0.175268203,0.08887339166,0.518503284,0.7362760237,0.663444845,0.1648530252,0.4692467404,0.466966767,0.2042886202,0.04386356869,0.8315032112,0.3844783814,0.4244786339,0.9307162508,0.3931015952,0.7504681656,0.5248586565,0.3180909233,0.3118126574,0.6760463696,0.7918480123,0.7199068986,0.03825038426,0.5009452473,0.807343532,0.6122080281,0.6131304592,0.4791076347,0.05986578828,0.2530854559,0.6266442569,0.178672797,0.004750898788,0.3603382562,0.9667705535,0.685485964,0.004539655342,0.09424320474,0.04214041647,0.5763953637,0.7242525296,0.1968345825,0.6516067667,0.2880265977,0.5798121454,0.3211125992,0.2612105469,0.1505966636,0.5621162846,0.3601904087,0.6711964223,0.5276183605,0.7441246228,0.3614476338,0.4598188362,0.3161684708,0.824581743,0.4000592027,0.5970040627,0.9450710232,0.3572149725,0.7707704671,0.08344893444,0.8230158777,0.2998869593,0.5437999266,0.5124754794,0.01594441703,0.3276943206,0.7499171289,0.7535987938,0.470077512,0.8196459014,0.686422272,0.2619535887,0.3068286396,0.7132352802,0.4934947533,0.06093731221,0.5309051194,0.6445777229,0.3910122341,0.1198321865,0.7497711293,0.9686986545,0.9059990925,0.7282097522,0.6119054943,0.6351548497,0.1395097324,0.1849804607,0.3854571094,0.0389125938,0.2827308692,0.7033485054,0.1406357666,0.1640848029,0.005098518231,0.1251355533,0.2118948315,0.9221204319,0.3365935894,0.10048959,0.5404322888,0.3079703233,0.1392244683,0.9493282266,0.2891655911,0.5490794931,0.1269488991,0.8382418758,0.6650853434,0.5077398691,0.05254163045,0.5566496227,0.4700689953,0.09431413855,0.8705083206,0.6017161539,0.181006416,0.02796886805,0.431001704,0.6395064738,0.8592293137,0.04690862583,0.0624557695,0.01243034685,0.4454122216,0.248610219,0.8824087076,0.3060435512,0.9113355672,0.6463083026,0.4169699382,0.8970485261,0.4904342266,0.972616885,0.3472846538,0.269893363,0.9164800282,0.9226435662,0.9566349868,0.8224561538,0.8544114219,0.6969231613,0.9878122566,0.5542972757,0.2953247058,0.583142805,0.7346885283,0.9970160422,0.6285114755,0.9770838503,0.072404172,0.6411479985,0.7740690436,0.03924928142,0.7930699963,0.6680007162,0.2230279684,0.2460031298,0.6990616152,0.943634354,0.7892018111,0.9545073573,0.5894183142,0.8774356239,0.3730620443,0.3736911765,0.8035354793,0.8814296646,0.1256016441,0.2354563445,0.2241614146,0.4471227172,0.9999723284,0.8432899123,0.2741554451,0.9999747817,0.8309032436,0.2758867847,0.9999609961,0.8121931394,0.2791508215,0.9999782195,0.6127053621,0.4225315894,0.9999781139,0.479198771,0.5706544776,9.708044661e-05,0.4884250603,0.5826083014,0.9999781409,0.5316558041,0.502130989,0.9999734322,0.8045211357,0.2802794925,0.9999779904,0.451468357,0.6393139929,0.999978125,0.6538337645,0.3734319348,9.707951359e-05,0.4895293447,0.577440114,9.703145948e-05,0.5456912976,0.4678194725,0.9999844759,0.5164326217,0.5180560965,0.9999781173,0.6148244477,0.4128592792,0.9999779876,0.4549134611,0.6485380303,9.731065956e-05,0.489533683,0.600031081,0.9999760636,0.7242992293,0.3183862471,0.8728652996,0.495005579,0.542120891,0.087394458,0.5598997693,0.4548383179,0.999969328,0.584087488,0.448678957,0.04669225926,0.4866388111,0.5329069886,0.3934868815,0.4758941969,0.6229954017,0.9999850722,0.6772496828,0.3479411903,0.9999779803,0.5471545929,0.4831611625,0.1538403731,0.5881207241,0.4228184161,0.6456728461,0.4805792995,0.5707312543,0.9999779704,0.4427151774,0.6899008551,0.1150235277,0.5009416511,0.5061840943,0.9999780102,0.6527058635,0.3631380621,9.730133253e-05,0.4912225287,0.6339115513,0.344664665,0.5851245845,0.4262600805,0.7697845281,0.4857377429,0.5638009043,0.9999849953,0.5707062682,0.4612698229,0.2069833458,0.4894215814,0.5173303153,0.5617013025,0.479811791,0.6301099039,0.3485929769,0.8173639908,0.2629903099,0.3472502142,0.8093105162,0.2655253572,0.9999826478,0.6997766999,0.3234008365,0.3497178895,0.5998128052,0.4073512305,0.5936879727,0.5133446362,0.4981218019,0.9999779965,0.441682735,0.7047533345,9.707245597e-05,0.4980562956,0.634594531,0.8769191506,0.4846812012,0.5737471075,0.9999780061,0.611197873,0.4010930176,0.9999850673,0.4460396831,0.865831239,0.2003727113,0.5389916557,0.4730080331,0.3350519669,0.78925478,0.2687702645,0.111522315,0.4896197701,0.555611989,0.2714116695,0.6281167906,0.3755259398,0.8993140829,0.5544501517,0.4714751805,0.7830190765,0.4740878648,0.5989896574,0.4427437809,0.4793137546,0.5210546368,0.07355989568,0.4803636506,0.6646828826,0.3247901575,0.5755823237,0.4365107219,0.9999814361,0.768079795,0.2621441054,0.9999779794,0.6533997544,0.3503551505,0.9054955976,0.5241092521,0.5230535389,0.01454034,0.531378638,0.5696586169,9.685322042e-05,0.4240893971,0.8684072275,0.289979331,0.6471525802,0.3536071559,0.4230316287,0.5572764217,0.4553096872,0.8068637771,0.5136166169,0.6610345477,0.9999779371,0.5907073269,0.426194955,0.5562566462,0.4512664893,0.5817900285,0.2441471489,0.4937778344,0.4994676369,0.9999779352,0.3852050743,0.7483404704,0.873699152,0.5689544149,0.5437916131,0.2719778926,0.5928511169,0.4090343341,0.4088012139,0.5242934577,0.4819582788,0.3541911537,0.515936133,0.6218017018,0.99998689,0.6961397689,0.3078336754,9.706350344e-05,0.3567303086,0.709676515,0.2873846476,0.4293600286,0.5415893631,0.3440435577,0.7123129295,0.3015232388,0.999977933,0.6076923553,0.3945467147,0.5879173472,0.5224346042,0.6612786898,0.7498370101,0.5510985556,0.470725715,0.1325961515,0.5873865646,0.5670025916,0.867827039,0.4131356153,0.5955298703,0.2410152072,0.5727516421,0.4423774923,0.7227882786,0.4486018152,0.514223277,0.4549613082,0.6259512153,0.3665404539,0.9999781805,0.4350769032,0.8631508697,0.9241181146,0.5827751226,0.4514797862,9.731091644e-05,0.5197869468,0.6514971514,0.1101913595,0.5072509146,0.4967510852,0.7498812448,0.5959102902,0.5506345028,0.2788303481,0.4083159286,0.5782247194,0.9999779984,0.653211354,0.3456792191,0.373040858,0.5876478906,0.4179817525,9.707395108e-05,0.3344841053,0.8023499769,0.7825205669,0.5104159997,0.6972528753,0.5225249284,0.4221402456,0.5237786041,0.3927118216,0.7509336152,0.2560444604,0.3962451466,0.6595131437,0.3262413617,0.4048125654,0.3842106635,0.5957663851,0.3271132834,0.5960327187,0.3868069294,0.4297749219,0.6083469871,0.5662914468,0.6328264277,0.554938732,0.4703343977,0.8347486817,0.5175038816,0.6162266333)
