mCurrentIter=100
mCounterStuck=0
mYPrev=-24.34280353
mParameters.n_iterations=100
mParameters.n_inner_iterations=1000
mParameters.n_init_samples=100
mParameters.n_iter_relearn=1
mParameters.init_method=1
mParameters.surr_name=sGaussianProcessML
mParameters.sigma_s=1
mParameters.noise=1
mParameters.alpha=1
mParameters.beta=1
mParameters.sc_type=SC_MTL
mParameters.l_type=L_EMPIRICAL
mParameters.l_all=0
mParameters.epsilon=0
mParameters.force_jump=20
mParameters.kernel.name=kMaternARD5
mParameters.kernel.hp_mean=[1](1)
mParameters.kernel.hp_std=[1](10)
mParameters.mean.name=mConst
mParameters.mean.coef_mean=[1](1)
mParameters.mean.coef_std=[1](1000)
mParameters.crit_name=cEI
mParameters.crit_params=[0]()
mY=[200](3.847388584,285.5630791,75.24383003,-16.58163552,709.4945881,847.384083,-2.310860482,123.1015033,16.91709662,42.74067545,2012.050402,-28.43173636,-17.9755841,2777.188937,3152.666665,153.2565705,-2.305202151,9.672656544,-31.480533,20.12334308,73.59161094,1.155919568,20.27616794,57.13703268,-25.78868536,6.954110827,-47.2769098,0.9409496547,1.177605509,2350.337537,40.94628035,-41.9286798,-14.91078824,37.01276425,27.95681788,150.7267555,30.52837462,-34.95036779,-25.28528688,-14.06190687,-30.25674186,-37.04024377,-52.84226456,-5.256805741,57.8959613,-5.067621152,-54.76129396,1278.978548,89.77188226,24.2719117,-20.28453189,11.77837307,26.28796384,13.38404146,0.4248904199,577.2262353,10.9303505,51.16129838,4.070168694,55.40459096,24.32434984,925.292027,-27.26336307,-28.74774402,2401.645661,-26.24949671,65.34229524,26.99999572,123.4997953,-58.80471681,33.10729978,25.83001496,269.2336471,-33.0059731,-8.324686268,7.776040209,196.9061554,38.19644335,-43.02074094,7.787067028,36.16537358,2.185279078,-42.115122,-0.957878008,58.73523917,-25.26322917,9.901679052,10.27899243,51.56539149,-47.1451153,-2.782057799,17.90170426,933.6184243,161.0811391,-10.44447944,1745.091261,428.5895554,-2.681801212,-20.5036318,-9.962823536,-17.69567623,-30.47784392,0.5625874966,-19.31460836,-45.83262799,-8.609820153,-12.96277349,-37.57512383,-38.25549925,-30.5526905,-45.38044578,-43.18007446,-22.91844572,4.722941931,-20.79920698,-37.69440254,-21.54597329,-42.27475325,-47.18752056,-32.86673918,-36.12908281,-17.1096012,-31.8653914,-32.35951132,-7.600440803,-45.5869144,-33.68223416,-23.41285222,-45.43841699,-1.481006005,-44.86908757,-48.29247756,-37.31301821,-42.67849549,-38.75819619,-26.81337024,-43.8800696,-21.25009831,-26.70617137,-15.6957303,-22.03807409,-25.1961895,-30.45301593,-41.5618314,-47.91883721,-32.99109536,-36.24786561,-45.75645102,-44.59638769,-23.11276002,-41.21863826,-17.88238855,-32.65123736,-39.27650507,-4.8709755,-40.47708965,-35.20547372,-37.1230991,-32.81847398,-48.846192,-33.28031882,-32.43449198,-9.690494852,-33.91297474,-45.75657625,-52.42504532,-41.49847885,-23.17767039,-45.4951323,-33.56391818,-44.70096442,-22.42394924,-27.13458064,-38.22869143,-47.26736104,-29.39966517,-31.4189834,-7.457880095,-26.14739151,-41.34794219,-33.82094096,-50.58661968,-40.69386627,-20.02665953,-46.5796046,-1.571892682,-47.34737298,-7.68919118,-53.23939718,-48.71298693,-34.65353907,-44.96190481,-21.79702888,-34.23525604,-39.67409607,-43.67070374,-47.33594893,-43.06849191,-44.4972501,-24.34280353)
mX=[200,3](0.5476464542,0.8083920739,0.3474328166,0.8456843205,0.2629914063,0.2030179917,0.6187582198,0.3308171813,0.174373664,0.6081706222,0.6768697404,0.5715956204,0.4297297615,0.1116632663,0.1858297532,0.1229372527,0.127114619,0.164265272,0.9099983072,0.3956966389,0.7713066949,0.4391723573,0.9404563623,0.1469205628,0.9221480458,0.008478611819,0.8790761438,0.1174535415,0.9507609426,0.7604267213,0.1880146279,0.204953568,0.06209896335,0.3917468119,0.4809167555,0.2341958788,0.2019015667,0.2843315728,0.7289377489,0.6799577993,0.9662231053,0.01433594595,0.4149539471,0.8690800383,0.008109875128,0.2867869199,0.18896679,0.2270356506,0.971913948,0.1707777336,0.7366648541,0.07550247713,0.7487432589,0.6855974728,0.4707857963,0.6434512159,0.4093087597,0.7252903809,0.2587387069,0.28830465,0.4965228612,0.9901127704,0.9746085895,0.8168578321,0.08248119601,0.6182673497,0.3821629911,0.8789817516,0.4391725157,0.3331421346,0.8894411675,0.9403044479,0.3765635394,0.2351021509,0.6658908683,0.8295556327,0.6137370981,0.7855734123,0.1900484285,0.4399845655,0.2937019639,0.6470283529,0.3886060245,0.7989756525,0.09594511077,0.7045796194,0.6440027892,0.1389632916,0.06352163318,0.09493831682,0.7541859138,0.8393333975,0.1578940492,0.2625214597,0.1966183291,0.5818576306,0.06545428157,0.3113235137,0.7443672732,0.08219043816,0.7914755331,0.8442325765,0.1095131467,0.9253891174,0.5443074438,0.1531182258,0.4498650931,0.1067996539,0.6368430135,0.5081444313,0.9382857816,0.8686694577,0.545246939,0.4904713988,0.7372034536,0.498608011,0.6348306039,0.2977433758,0.7134584397,0.4289032769,0.5770263322,0.5238155389,0.6055476792,0.5073486283,0.4584933136,0.5629634042,0.2438707938,0.2921237324,0.5254852831,0.8901082903,0.7648650677,0.3146694441,0.04977513119,0.5676300846,0.123843109,0.8598024039,0.1624530297,0.7104058438,0.1732188147,0.3203961075,0.470739604,0.5575204979,0.9827487998,0.04182338419,0.7120717911,0.6804037322,0.0823664679,0.3403992486,0.5705285856,0.8881148569,0.228194354,0.6045953979,0.5922092886,0.9394192776,0.8219906406,0.6710832654,0.4425888999,0.532956709,0.9175266321,0.6585454298,0.8189711707,0.625586947,0.3538811321,0.1474350049,0.8000162468,0.7701765007,0.09270501264,0.2640408671,0.5802925553,0.3726151848,0.8631317117,0.05441120147,0.7721448605,0.95983594,0.875398257,0.3063198074,0.8174068505,0.5600273777,0.8482399912,0.9697745371,0.9889646642,0.7879095478,0.8240974873,0.405746083,0.405106017,0.03455096427,0.3699987929,0.5948226865,0.249033464,0.8094801114,0.6344862727,0.2719503213,0.9925907706,0.1360105347,0.05468358974,0.3155962969,0.6234341185,0.4874983179,0.8810373828,0.8918559825,0.1950284095,0.7840713711,0.467950871,0.9287587918,0.6674296191,0.9120349937,0.1366071112,0.5938306485,0.471026828,0.3574977004,0.3057717823,0.9373185991,0.6534259297,0.9505788564,0.274761445,0.398491633,0.1446461761,0.04331882057,0.3364245791,0.4545378405,0.5804931578,0.5109273533,0.5287874908,0.7266600047,0.324927837,0.01158618486,0.4283735635,0.2181898056,0.7047295759,0.05556491525,0.3815508658,0.6274166659,0.2132797979,0.9905672017,0.4669206045,0.4188995987,0.5373725137,0.5302966912,0.5128501649,0.8306006346,0.9477108958,0.02076293945,0.9816029735,0.007767070183,0.03213832146,0.5545726722,0.7682216374,0.5537001614,0.4173975798,0.2136767367,0.7574359675,0.301163557,0.7911208979,0.9794260574,0.8919895472,0.02873717952,0.669829748,0.3685347346,0.9101277672,0.2482384201,0.4421771433,0.7490851486,0.3505098237,0.8589693862,0.693676663,0.1036366656,0.4608447229,0.2378162607,0.3410087006,0.5004225221,0.326462994,0.6519848972,0.6964344628,0.2573884585,0.2234645631,0.9020662315,0.9620160059,0.01508698538,0.2558994661,0.4884766016,0.9045652516,0.1195629705,0.1622508593,0.1513762621,0.7521405631,0.8342644716,0.365029414,0.0233264789,0.03538540859,0.8534220614,0.07715406324,0.6826349988,0.07084921971,0.7069855779,0.5129483157,0.6953107961,0.3742007353,0.2715230763,0.735807152,0.4515278302,9.693262919e-05,0.7330854741,0.2049563324,9.696739007e-05,0.3702387359,0.6384054645,9.691245185e-05,0.7283502447,0.2041215992,0.9999844389,0.3668203987,0.5605597101,9.690291673e-05,0.4751520475,0.4508170581,9.692803191e-05,0.7391352793,0.2336894966,0.9999846684,0.4474191667,0.6852626692,8.976114659e-05,0.4663198495,0.5392316189,9.770095241e-05,0.3742695035,0.5994291409,0.9999844226,0.4783572979,0.4807106371,9.699129936e-05,0.4843252594,0.4245995623,9.069850753e-05,0.4673704309,0.4970354121,0.9999780029,0.3764117826,0.6261125334,9.709314826e-05,0.7107378411,0.1878534921,9.872605905e-05,0.4233392991,0.6843229786,9.693621657e-05,0.4124428189,0.5655909385,0.9999780228,0.3835769952,0.524489054,9.679179238e-05,0.5263976504,0.3787684426,9.047885569e-05,0.4817503612,0.4589719368,9.758726128e-05,0.5343512271,0.5240999437,0.999969115,0.5255415444,0.4434475574,0.6774486613,0.4616715127,0.7084378224,9.686551939e-05,0.3768975566,0.6218656942,9.638024259e-05,0.5856611667,0.3197177885,0.5972085529,0.6963216803,0.1971734099,9.685326164e-05,0.5029071611,0.4103706534,0.9999780542,0.5685669802,0.3815570513,0.9999837628,0.3841783468,0.5877322824,8.976800709e-05,0.4702645726,0.4699970705,9.709082161e-05,0.5415443658,0.7460895545,9.052378432e-05,0.5604831488,0.3435848374,9.685317351e-05,0.3294985631,0.5265203911,0.9999781031,0.5098146467,0.4542453838,9.698557778e-05,0.5052745499,0.4121279886,9.006523986e-05,0.4124799341,0.5756465578,0.9842764396,0.5844594637,0.5348956016,9.075377349e-05,0.4518953499,0.487288286,0.5889625436,0.6743082202,0.2494504612,0.9999781186,0.5679464656,0.3491653103,0.999978003,0.4240272643,0.6593331316,0.999978049,0.347922047,0.5091990018,9.903979236e-05,0.4123486793,0.6608063857,9.051300535e-05,0.6272227029,0.2820053323,9.685622127e-05,0.5368103268,0.3767895943,9.695446615e-05,0.4914777695,0.4456099872,9.706387487e-05,0.5407790812,0.5478637754,0.9999762298,0.5422870979,0.414638121,9.688084259e-05,0.3079681254,0.563371197,9.049424289e-05,0.4139742173,0.4986990729,9.703730313e-05,0.5006601306,0.6084572269,9.813674282e-05,0.5807951654,0.3166110022,0.9999780084,0.3156335782,0.5801946761,9.622107713e-05,0.5535368796,0.4677343116,9.059042982e-05,0.5314069734,0.3914292331,0.9999941604,0.5138525335,0.7300882572,0.999978101,0.4882535185,0.4609892909,0.9999831499,0.5761394665,0.3280798522,0,0.5419911175,0.3401281231,9.703100237e-05,0.2254022789,0.6325613241,9.645760515e-05,0.3245989546,0.5320296183,0.9999780924,0.5614967153,0.3907517953,9.70964195e-05,0.5529799411,0.5149671848,9.703243609e-05,0.6866617561,0.1790216515,0.9999780908,0.4248988798,0.4977241038,9.710826706e-05,0.4542352378,0.4358201987,9.905939017e-05,0.3516699738,0.489840112,9.692732667e-05,0.3291599706,0.5838063187,0.9999781524,0.490120232,0.626220989,9.7165803e-05,0.5126198186,0.4324216936,9.715579007e-05,0.5587271749,0.3577964331,9.040216647e-05,0.3658208244,0.5422585129,9.688846491e-05,0.3702379194,0.6900334279,9.707295848e-05,0.5290056583,0.5718057522,0.9934922375,0.5087922229,0.4348528812,9.725542647e-05,0.4125399241,0.4719636005,0.999978058,0.4732469884,0.5470002926,9.04679114e-05,0.5756129412,0.4830136374,0.9999780448,0.2927228308,0.6580368682,0.9999784978,0.6159029551,0.2896482355,0.99997803,0.5660349798,0.3634879017,9.723928782e-05,0.5777458522,0.402684321,9.923226729e-05,0.3200636147,0.5148273512,9.697118905e-05,0.2992801458,0.6016221111,9.700781511e-05,0.513788806,0.6452205099,0.7285270805,0.432254985,0.4705438926,0.0001060916106,0.481084676,0.774444064,9.707150007e-05,0.4416056999,0.5192236979,0.9633348521,0.2508624404,0.5425873436,0.5706331952,0.4723793953,0.4333549698,9.70345119e-05,0.4050209011,0.4557942109,0.999977924,0.5336930631,0.400015472,0.7432754489,0.436993357,0.486505746,0.0001065313765,0.6136830746,0.2707020466,0.0001011994503,0.5857256305,0.3025402588,9.893809711e-05,0.5645281438,0.3365818681,9.735991479e-05,0.3478192569,0.557741154,0.0001072152925,0.4701643368,0.4014408062,9.077648244e-05,0.4383075223,0.5093531572,0.5692843789,0.5176870404,0.4526316466,0.999977981,0.4956304766,0.5882325671)
