mCurrentIter=100
mCounterStuck=0
mYPrev=-14.5290996
mParameters.n_iterations=100
mParameters.n_inner_iterations=1000
mParameters.n_init_samples=100
mParameters.n_iter_relearn=1
mParameters.init_method=1
mParameters.surr_name=sGaussianProcessML
mParameters.sigma_s=1
mParameters.noise=1
mParameters.alpha=1
mParameters.beta=1
mParameters.sc_type=SC_MTL
mParameters.l_type=L_EMPIRICAL
mParameters.l_all=0
mParameters.epsilon=0
mParameters.force_jump=20
mParameters.kernel.name=kMaternARD5
mParameters.kernel.hp_mean=[1](1)
mParameters.kernel.hp_std=[1](10)
mParameters.mean.name=mConst
mParameters.mean.coef_mean=[1](1)
mParameters.mean.coef_std=[1](1000)
mParameters.crit_name=cEI
mParameters.crit_params=[0]()
mY=[200](29.40620394,2805.222319,0.5901933781,-1.073395166,1834.106612,1741.564312,-15.35856473,1225.53407,30.93572485,475.9397035,68.95457715,38.24814658,3.702958838,965.5827642,-14.59514971,51.19712792,362.5374177,45.9321726,11.6642815,62.08403903,60.07222808,4.778862906,9.960154705,40.27243528,2222.003699,23.58859741,199.826193,17.41877929,50.33404981,8.891060607,50.84129197,-13.83643306,14.18065027,387.3429957,1.666285152,35.16976155,1074.847605,-10.80083559,19.60461648,46.08864959,31.36075016,-28.40193788,40.28092814,198.4987401,253.7469307,328.5055772,33.35615334,194.7314863,18.08364152,4.475808367,84.09544006,52.42788281,-2.227768356,178.3363968,-25.29328925,49.07988386,39.39878597,8.251346008,-16.23423476,54.04217445,26.47849585,123.4625905,56.39754451,0.9926037801,3656.888005,-30.799771,17.1168646,2097.11817,44.83243428,11.07255831,-20.10186945,47.43473674,28.30989513,55.69657108,-13.60387971,48.2157565,29.61298446,35.82355547,70.73837213,43.30990512,68.92902579,1410.893515,2687.402747,111.6973673,38.6846753,521.8901537,65.58997569,2145.165619,51.30063018,-3.159979151,-13.3361424,48.0515583,1542.669701,-21.94856422,149.1051255,-0.8711790062,18.22807516,64.10318254,19.48636685,7.26978601,9.719613722,-10.77696508,-9.493502067,-1.679784737,-24.28159315,-11.44098869,-31.27149245,-8.675983606,-23.34895788,-28.53585559,2.593565429,-18.52267017,-18.41078787,-25.64220095,-3.591188178,-31.27772901,-20.93996374,-3.785035785,-24.62019583,-20.17317368,-12.22449307,-31.97207332,-8.657516575,-27.67619174,-22.03174539,-27.94464188,-6.703222806,-8.037339215,-20.22140165,2.886767752,9.292081707,-32.373879,-19.51191853,-28.2765763,-0.3515748512,-24.22526557,-23.96487491,-8.507143504,-24.20811807,-19.25101521,-22.32681713,-26.57398521,-12.02729459,-25.39230698,-19.34583505,2.728478577,-24.6613242,-24.69834673,-30.74821245,18.19013892,-24.71907829,-19.10381601,-22.5498098,-22.30986853,-13.19962227,-7.15328321,-27.85697326,-29.23552669,-6.519124238,-26.25896551,-12.65104048,14.94025112,-11.47612943,-27.80557202,-25.67521649,-29.70522304,-15.42306405,-22.22089087,-31.42761708,-34.89920948,-8.336607468,-25.8440757,-0.8494600103,-32.23940209,-23.7346123,-18.57810165,-31.45565036,-21.26212805,-14.89235603,-28.05613161,6.171602474,-27.35293866,-13.35308873,-29.23124999,-21.62871865,-20.1890184,0.0839520737,-34.24017618,1.008245439,-25.41601202,-34.38205297,-12.11790372,-16.69613075,-32.50188628,-26.21079376,-28.58274199,-21.08407658,-18.11780999,-27.65641356,-14.5290996)
mX=[200,3](0.09765668404,0.07528475949,0.7016219919,0.8344609492,0.1609148555,0.04584363844,0.2774913145,0.4947089416,0.2609623064,0.008809790816,0.4123998111,0.2950349769,0.7547676084,0.06474956053,0.1843507124,0.8617466318,0.5841690875,0.01569552035,0.4524986252,0.6704691626,0.2548972823,0.7109580136,0.1773371228,0.1992031703,0.1284540366,0.78973485,0.7415322877,0.7232979429,0.08808854784,0.377427238,0.530998336,0.938485747,0.933979153,0.8856083787,0.9180793732,0.6927466624,0.205287721,0.2418567747,0.5363479135,0.9341944218,0.4426164337,0.07842096416,0.2553814223,0.6390291745,0.4933859915,0.644182737,0.5964571315,0.9852837635,0.311743848,0.7758405846,0.06538029415,0.5037448425,0.7511787065,0.153263201,0.9726950888,0.4216761863,0.5417009531,0.9514177886,0.4334856852,0.3213044267,0.3419976487,0.9235260322,0.8614616606,0.6619921454,0.3406941261,0.4535904444,0.8785437029,0.6828086123,0.2463635999,0.5108271653,0.7473129014,0.8800190405,0.5200312879,0.01183963828,0.1616971917,0.6963936785,0.2702474391,0.8071863624,0.3983914901,0.05225377372,0.4843657899,0.2466250232,0.8433176461,0.4479905855,0.1865302848,0.8897153668,0.7975654932,0.3711046828,0.2177840761,0.5679604082,0.2290735161,0.877213042,0.8413403691,0.6377823351,0.6590395808,0.5293733145,0.7497228641,0.3025863405,0.673926454,0.284674605,0.02821420994,0.4147989834,0.1326766681,0.7276484701,0.5565522312,0.06831560515,0.8296109745,0.7669303696,0.6740274332,0.03523452261,0.2889950642,0.6192413949,0.3913581524,0.6312450827,0.5606492237,0.2505021194,0.7809885425,0.5401231204,0.5556005093,0.9623413015,0.354232569,0.183917588,0.8766566597,0.4008081749,0.5604520107,0.4206107312,0.4341917377,0.8673158581,0.7736337584,0.6801418651,0.4819605261,0.1143845888,0.4411472545,0.851445059,0.08325233774,0.2164739546,0.1137028575,0.35872724,0.1056132625,0.3120145667,0.9115277285,0.8526767773,0.3324970682,0.2750537883,0.1627025304,0.6958363521,0.7530687547,0.6033987241,0.7991460309,0.4364469399,0.02751796559,0.1284065383,0.5062797936,0.7096838039,0.3762921065,0.996925458,0.4849456476,0.7351085456,0.3328903271,0.7645512688,0.1387176816,0.4742772556,0.07735665441,0.5277102654,0.3057753466,0.8172534246,0.2358394485,0.9728703882,0.08240966039,0.0009943879745,0.7330909574,0.1768447665,0.7087216298,0.6416399671,0.2380612482,0.5482963161,0.5869571882,0.1429922231,0.987043385,0.6815870883,0.9866180412,0.4734327274,0.824917676,0.5575340858,0.1598134525,0.4665917875,0.04465894485,0.831632015,0.9206548508,0.6236548537,0.3226722773,0.6625666223,0.9995791844,0.2833467304,0.001732798421,0.2903260417,0.533214637,0.3428530752,0.82457445,0.7678150842,0.2115304072,0.4256238626,0.09320298949,0.1257510406,0.7834451989,0.9909540466,0.3993001325,0.1548132215,0.8017254433,0.3685694469,0.116584931,0.6259737573,0.2031987703,0.4974751902,0.9475765833,0.7246130519,0.2645566024,0.6492476329,0.8397174765,0.7941433314,0.8136156418,0.9432373414,0.5954482433,0.5007369173,0.6160843087,0.731190311,0.9693514534,0.3147662084,0.5814351217,0.2245637461,0.5781307941,0.8013285509,0.4514748751,0.8972567761,0.3252564948,0.190225471,0.4095983133,0.9123091733,0.404203719,0.3801083397,0.779589263,0.1428746902,0.598889239,0.5775300424,0.2949723616,0.09485608418,0.6565214628,0.2053835501,0.03363861759,0.03894120676,0.9064728456,0.1418183322,0.9470624942,0.363255691,0.9009047764,0.3027569383,0.2650464242,0.1748133288,0.9049801874,0.1035896576,0.6278915055,0.4645651297,0.8990290606,0.02274558625,0.05813137625,0.979062199,0.6041078501,0.477856424,0.5150145634,0.7114181997,0.3606133894,0.6602116209,0.1351613189,0.9618634973,0.04685248727,0.9597643058,0.01807806227,0.3554775314,0.05105390192,0.8463206875,0.5787410067,0.2296227778,0.9267280232,0.6082253682,0.1014656455,0.3856099924,0.4685096873,0.2374799127,0.8972489464,0.3828269118,0.5162076012,0.3318972457,0.9579447017,0.8593557157,0.1926750203,0.6120006637,0.8147036462,0.4181591125,0.7114640119,0.6566411613,0.0001022944367,0.6900375718,0.267900588,0.06718423828,0.6854344682,0.268167396,0.2217617592,0.6842583647,0.2670104594,0.3089245075,0.6812644838,0.2688008032,9.703164458e-05,0.5878408694,0.3842998994,0.5766929341,0.6777211281,0.2747569755,9.708510126e-05,0.525323233,0.4561765867,0.4106330368,0.6842999257,0.2604312367,0.6394004007,0.6282051342,0.3450630744,9.685651157e-05,0.5063942804,0.4838159445,9.855734595e-05,0.6886935581,0.2499184682,9.703008243e-05,0.596439628,0.3678418278,0.9771613123,0.6077203606,0.4049191777,9.677611805e-05,0.4834564399,0.5304112942,0.5875443554,0.6789507492,0.2633924369,0.0001034331471,0.5470559688,0.4283074145,9.094413936e-05,0.6285214721,0.3149830382,8.964359645e-05,0.4466233811,0.6910104373,0.0001056684837,0.4775336371,0.550268135,0.8583217026,0.5728396894,0.4559740248,0.8192868976,0.6460274951,0.3145919068,9.018893243e-05,0.5347361087,0.4382614733,0.0001105591175,0.6911173038,0.2396233945,9.703034787e-05,0.5951997788,0.3632116978,9.673296959e-05,0.4643165132,0.5842343794,9.720079816e-05,0.4991060969,0.4857937296,0.9469510725,0.5724094518,0.4905750198,0.6184344372,0.6891735944,0.2463855325,0.6386425877,0.6099076179,0.3646678731,9.69506125e-05,0.4304350901,0.7494567773,0.9999781944,0.5743313913,0.6792420509,0.0001054198212,0.5509037653,0.4185391089,9.060356641e-05,0.4569491861,0.601770038,9.695723509e-05,0.4874535895,0.498687881,9.96536097e-05,0.6834810065,0.2401638717,9.11447843e-05,0.6137607821,0.3207769474,0.6408669165,0.5849567229,0.4125364812,0.9858734576,0.5878635023,0.5651853215,9.691088169e-05,0.4895098273,0.5034114622,0.6695952081,0.6850785612,0.2444697293,0.6994209183,0.6288928345,0.3199833031,9.789496035e-05,0.5572856928,0.4087234697,8.998340426e-05,0.4732247378,0.6332260251,0.6080580145,0.5482765022,0.4625511966,9.687490507e-05,0.5985272799,0.5334834397,8.336366927e-05,0.6812994704,0.2358336758,9.70394762e-05,0.6014557486,0.3368473092,0.7015098929,0.6026980533,0.3956137424,9.70015692e-05,0.4858148647,0.4589167532,0.9999781186,0.5527120455,0.7548339381,0.0001043561891,0.4356102485,0.5512689093,1.313940206e-05,0.6325511744,0.4577227081,0.6756370449,0.5165797469,0.5088168352,0.5901740531,0.6782312935,0.2413115441,0.6140496947,0.6239976809,0.3110954639,9.673915298e-05,0.5769959502,0.632512295,0.0001057677083,0.5476672617,0.3987684471,0.5459785449,0.5230036663,0.4532747252,9.649767655e-05,0.361839405,0.7052199777,0.0001109020816,0.4362374393,0.5387776022,0.8759113025,0.5434579087,0.583832734,9.673610111e-05,0.4515580524,0.8189507414,9.105292607e-05,0.6738691422,0.235794905,0.5167597204,0.5965838528,0.3775003102,9.72757537e-05,0.6293505859,0.4873955626,9.703464382e-05,0.4725473461,0.4606357337,9.693463747e-05,0.3898349678,0.6082086115,9.052997919e-05,0.6103940719,0.3074078869,0.6266746372,0.5929566983,0.4386607114,0.4688845546,0.4945647585,0.5088635414,9.022725416e-05,0.6178386511,0.5606385361,9.922274523e-05,0.5448416204,0.3963430685,0.6726413223,0.6816165852,0.2359846055,0.4675352178,0.4921698523,0.4724086054,0.6597620498,0.6183287085,0.3218033063,9.709087758e-05,0.64245654,0.4311538996,0.0001052443148,0.4383528271,0.513182016,0.6344186206,0.480889523,0.5569831496,0.7387220125,0.606135266,0.4426839993,9.559897567e-05,0.4827207691,0.4398811742,9.34158271e-05,0.6738315908,0.2310630306,9.700372898e-05,0.5848032044,0.3542581962,9.681337705e-05,0.3792674527,0.6299006449,9.76024579e-05,0.4443401274,0.5097248851,0.6148884464,0.5935194674,0.376054516,9.708974588e-05,0.6109737074,0.5035133872,9.700861275e-05,0.5794105804,0.6832992001,0.4489503144,0.4993776506,0.4538523781,0.9313632747,0.5314411701,0.6298558545,0.5544591362,0.5163175005,0.5146511772,9.845471178e-05,0.5174874157,0.4115846287,9.364583371e-05,0.6072307627,0.2978354884,9.709546734e-05,0.6390300118,0.4251497056,0.4457855534,0.5029259887,0.4449188202,0.458864122,0.4588292533,0.5588302949,9.698138379e-05,0.4507448855,0.4885110983,0.599680393,0.5924561973,0.3716976155,0.5761175293,0.6142529467,0.4904087261,9.697869678e-05,0.4130397469,0.5701119134,9.703916909e-05,0.6029964785,0.5829560997)
