mCurrentIter=100
mCounterStuck=0
mYPrev=-42.81443938
mParameters.n_iterations=100
mParameters.n_inner_iterations=1000
mParameters.n_init_samples=100
mParameters.n_iter_relearn=1
mParameters.init_method=1
mParameters.surr_name=sGaussianProcessML
mParameters.sigma_s=1
mParameters.noise=1
mParameters.alpha=1
mParameters.beta=1
mParameters.sc_type=SC_MTL
mParameters.l_type=L_EMPIRICAL
mParameters.l_all=0
mParameters.epsilon=0
mParameters.force_jump=20
mParameters.kernel.name=kMaternARD5
mParameters.kernel.hp_mean=[1](1)
mParameters.kernel.hp_std=[1](10)
mParameters.mean.name=mConst
mParameters.mean.coef_mean=[1](1)
mParameters.mean.coef_std=[1](1000)
mParameters.crit_name=cEI
mParameters.crit_params=[0]()
mY=[200](9.116203338,31.31047034,-2.970184112,-13.4866935,22.63790957,-37.1667583,-3.221409671,608.0584809,21.10259319,68.9453902,2342.869585,17.24773641,4.197585991,-35.02300468,2510.49301,1672.429668,17.25180335,1633.361754,-12.76051532,-3.19197363,872.444629,29.95578757,2806.918842,216.596585,-36.37464732,-27.88506787,25.17192323,688.435379,-29.82639002,-0.2429196117,-20.30078232,-1.753183688,398.3954169,-0.6086130538,-24.3728049,10.06612625,6.968751956,1442.323564,14.40295037,-12.20118421,1.407154671,2.215440429,16.48193016,-9.761933288,185.5129487,1939.059495,-24.91034095,29.89145297,115.9792906,-1.060150412,14.14319704,201.5786997,-17.83806337,319.1393929,48.6532237,5.180716002,916.1456789,-10.64155725,3264.475426,12.88644518,96.85712954,-29.40039557,41.6245749,-7.086857546,286.3105598,17.4336538,-29.95171434,19.03650908,-37.33988695,-32.50739169,-8.104505786,1866.891944,119.5839189,26.11179494,45.16368259,-13.16129099,7.217852294,517.3529014,-30.00698425,15.93636747,43.08939724,-19.98283766,777.0898246,0.7457814794,6.532871819,39.13819178,38.71641052,27.39847018,-21.92962742,68.40346,-15.31072917,15.58112272,-20.32256086,19.06759252,268.869374,-37.83660562,-32.5173848,-14.57399639,0.7361816539,8.678610816,-25.32649475,-31.80199934,-37.43275395,-28.17733958,-28.9591069,-30.00433827,-36.42684012,-31.44717281,-40.48135618,-4.36405066,-42.83729154,-31.16918065,-12.99916883,-20.58557589,-31.37249506,-20.08230433,-44.08775571,-7.919298592,-40.75932355,-38.57196887,-29.6932332,-35.5047037,-23.77201425,-37.97994665,-35.7798271,-28.96094228,-24.14393995,-32.16507758,-36.23144388,-30.43865999,-27.71799199,-36.55521538,-28.82355883,-18.85985956,-37.15735265,-34.17461586,-38.67216356,-26.58480446,-12.69507988,-3.11975706,-31.03211564,-32.45545052,-36.94096591,-6.355015313,-41.94905085,-33.33595855,-28.12947114,-4.668249159,-42.75855641,-34.98069894,-21.48279211,-42.37334058,-41.40279892,-33.5837404,-12.73146418,-26.83085913,-28.02814482,-29.96920409,-31.66607821,-38.29823766,-18.48546505,-34.21522498,-39.39559007,-33.24585169,-16.46034106,-34.19766374,-44.19155562,-29.32206729,-41.24145676,-40.31691765,-37.35644367,-32.57195495,-44.35759964,-26.64656603,-38.26209882,-15.53390467,-26.32568614,-40.689048,-25.78701371,-43.44568485,-36.75709726,-16.7432898,-28.83876447,-15.76571802,-33.63165335,-25.85480906,-43.7241229,-25.40493356,-37.98375372,-25.322259,-37.64431432,-14.68348759,-25.11255877,-40.72901372,-41.0832847,-27.46723087,-27.561762,-34.792083,-41.42126024,-42.81443938)
mX=[200,3](0.6530386967,0.5840699075,0.2226806561,0.6139010403,0.9304285136,0.2079988487,0.07380003652,0.6896062908,0.7330508243,0.7725553681,0.3882229867,0.740229729,0.8924379781,0.2105943713,0.5188952139,0.3339079847,0.5037114668,0.4715653048,0.8700916863,0.1165152017,0.7691133751,0.4510913397,0.495806212,0.06411255552,0.2671163138,0.6921883243,0.9063495367,0.700478994,0.7428299447,0.1231266757,0.7447954477,0.1772414893,0.09859539022,0.0228615054,0.7336832621,0.8395988629,0.9164349963,0.7967370425,0.2429168577,0.6339271663,0.3975923304,0.4030082052,0.7683790342,0.2604874231,0.03737298771,0.3656596462,0.2079958423,0.1010711573,0.5181701966,0.3629137266,0.9459761903,0.1113117002,0.02833561227,0.1976158434,0.2797355506,0.4016716343,0.3647188401,0.2070273252,0.002888422529,0.7503512669,0.4442277252,0.1245726514,0.237904998,0.1304074701,0.9705275905,0.3802786704,0.3945015065,0.2292389132,0.01399282922,0.524885686,0.2320779416,0.2820977405,0.6948252801,0.5646004715,0.5096602489,0.125799231,0.1977164861,0.6587925334,0.8041757053,0.9679415915,0.4521703126,0.06918937554,0.67751847,0.04151006483,0.2986069436,0.6323154894,0.3349747653,0.3860815573,0.186553052,0.5446800747,0.6733391114,0.323886262,0.7184233851,0.2598415624,0.8201596149,0.4841098133,0.2281197871,0.4126460797,0.1530632712,0.9530276168,0.8408145224,0.5828851012,0.9801710759,0.4660603757,0.4920408131,0.4193709892,0.8644438431,0.6017634688,0.2454351698,0.05165301747,0.6167405016,0.5712643539,0.1049229421,0.1845590979,0.01846280671,0.9179340017,0.3770665339,0.583083838,0.7806060361,0.5247309758,0.8832563575,0.06826670157,0.667728781,0.5094342246,0.3108016359,0.8587109367,0.4920222833,0.8879846308,0.3043673586,0.1845849771,0.2478037798,0.8035737517,0.9005154983,0.1629145711,0.3945648929,0.6460963762,0.8131755033,0.0213061475,0.6239071457,0.4865602263,0.6911070342,0.7887691146,0.9993350352,0.5583287099,0.09830437126,0.9512422895,0.1387651496,0.9476875236,0.01644470307,0.7977593055,0.8176550992,0.1570973417,0.9240201561,0.8432990807,0.2740793814,0.2924319956,0.9710685915,0.5996376293,0.6811568501,0.7909434224,0.89913196,0.08475624177,0.5987045887,0.9236128394,0.9647193865,0.960054043,0.8378259115,0.6258802808,0.08303691095,0.9029081684,0.05038777759,0.7327459175,0.8041749507,0.5303134516,0.3105338694,0.1483071406,0.007445081007,0.2360549406,0.1301559468,0.9148160716,0.9299724111,0.4779268411,0.1757957537,0.4032190313,0.2826420296,0.5782499953,0.4375351751,0.9407182657,0.8689188195,0.1572892186,0.5528331571,0.7882526167,0.5610777903,0.4552810417,0.1423832904,0.1725222395,0.6666203886,0.8855577501,0.6806382134,0.6517324653,0.4243260618,0.7256965963,0.8792089504,0.2559845263,0.2816664543,0.3561010202,0.6394967347,0.666542142,0.4322376271,0.6402705057,0.1960359924,0.3756490796,0.8169193873,0.305420243,0.04603037835,0.1673319864,0.427577564,0.2984747053,0.2737561566,0.005305338711,0.6153670633,0.9385496766,0.4731760766,0.8550835274,0.9768431919,0.140966402,0.541931628,0.7201141783,0.03224686789,0.2571459182,0.4323209903,0.05829581919,0.5196136921,0.07918455932,0.1682203518,0.5393756401,0.5949904591,0.5493527471,0.7033461136,0.8731754334,0.9369489878,0.9809187771,0.8498103099,0.8669487204,0.7254976537,0.3169413738,0.3280784154,0.07903322652,0.26646205,0.5566989412,0.08720208016,0.8226812211,0.8561575555,0.7662156921,0.7732981041,0.5366752726,0.7595330579,0.988827655,0.2150420485,0.778521878,0.9598060507,0.6052597572,0.4298643301,0.9921856012,0.4633028468,0.7146441057,0.3549787126,0.7563859077,0.3061366241,0.3215713884,0.7125214855,0.3493626154,0.4160734219,0.3510833564,0.6094812449,0.8926110693,0.839557206,0.6226601141,0.2117063729,0.04938679215,0.09933948763,0.5685907193,0.1038797244,0.5268026428,0.1148836639,0.3471430746,0.579116739,0.4469029134,0.8235137294,0.4406837499,0.4619468672,0.9935269106,0.6424931746,0.7034008701,0.4822222217,0.03841121514,0.6726879435,0.3729067954,0.3321052824,0.3400686613,0.3259727891,0.5841672015,0.3035213215,0.5628097514,0.5768725314,0.3093815958,0.4877027909,0.5855927467,0.3046489561,0.7446023194,0.5536826144,0.3293742058,9.026873076e-05,0.6358929175,0.2834348585,0.9756174602,0.542254981,0.3449778762,9.70302888e-05,0.5282303994,0.3558330316,0.9999667315,0.6250337549,0.2926937227,9.038219307e-05,0.6487788617,0.2778746274,0.0007916523071,0.6450749046,0.2791838123,9.718757695e-05,0.4193064991,0.5357457027,9.73106542e-05,0.4958748613,0.3949734111,0.9999780145,0.5137597009,0.3700814393,0.9999780693,0.3994160685,0.5769657069,9.702078361e-05,0.5974893264,0.5670784065,9.695125221e-05,0.2579348563,0.7031677824,9.696055133e-05,0.4148189474,0.4972063044,0.9999780453,0.2584610268,0.6855409869,9.703412481e-05,0.50219319,0.3837870867,9.695247522e-05,0.3894586489,0.5834809907,0.9999779916,0.5838035516,0.5659723327,0.8430347047,0.632682319,0.2836367692,0.9404620021,0.4986018585,0.3883206827,9.69839935e-05,0.4424343801,0.4626809551,9.695440294e-05,0.6308627974,0.4817070189,0.04618668895,0.6425185322,0.2778776802,9.708604439e-05,0.6202255711,0.6060193605,0.2381434302,0.5341440551,0.323906868,0.7130824305,0.4089502595,0.5445065606,9.685098473e-05,0.3375601685,0.636487077,0.9999941361,0.6933210938,0.4141515509,9.710857584e-05,0.4673873072,0.4325231893,0.9999780029,0.589363619,0.5505788344,9.707952202e-05,0.2298996707,0.7373912331,0.6312175562,0.6474415752,0.2773133305,0.5578777496,0.537183704,0.3224773257,9.781359679e-05,0.4116124356,0.5400769342,0.8680056177,0.4706818662,0.4269777217,0.9999684828,0.3148870516,0.6275683062,0.9999782203,0.4515884117,0.8131393997,9.695614718e-05,0.6812800494,0.394098426,9.707649201e-05,0.4786735735,0.6202490288,9.709985648e-05,0.5771031515,0.5099804711,0.1657338978,0.5337975282,0.3286253935,0.4703371208,0.4001901682,0.502813726,0.8411557502,0.5068613108,0.5852688877,0.9999779701,0.6370301585,0.4829346643,0.9999780181,0.2461706526,0.7608663509,0.1187425155,0.4419882276,0.4594763116,9.724191596e-05,0.3444217387,0.5857832938,0.1986976661,0.6548286877,0.6018855835,0.6149402051,0.4874459634,0.3960822869,0.2525740274,0.4938682636,0.5278809299,0.9999757659,0.6651682449,0.2871082723,0.06822134341,0.7129621003,0.2849499976,9.686775904e-05,0.3989227095,0.6900735822,0.7289430716,0.3983878549,0.5074274746,0.9999737388,0.6062512019,0.2914935008,9.708746388e-05,0.6389248759,0.4567063466,0.3695679169,0.4859268425,0.388601184,0.9999779299,0.7371648183,0.3645468105,0.6595842264,0.4830620655,0.6028013855,9.710667579e-05,0.5122154502,0.5227750659,0.705370861,0.6417816885,0.5255964255,9.916004873e-05,0.2520827977,0.6639040635,0.6731958645,0.5232293922,0.4391324511,9.702556578e-05,0.3760459287,0.5076138142,0.4495105543,0.6193368275,0.2722926406,0.5905879225,0.5329097789,0.3219096294,0.01404580781,0.4451808987,0.4275549015,0.0008136151817,0.4600726021,0.5821744746,0.6664996405,0.368986639,0.5642216063,0.5312950305,0.5068373434,0.5016646613,0.8506882742,0.6297305453,0.6135965202,0.4888660641,0.4975641279,0.3632566332,0.03967361649,0.7292459161,0.3057562993,9.730027736e-05,0.6610465705,0.5238091747,0.5709507803,0.4201871788,0.4603088621,9.708810562e-05,0.492026484,0.6554957316,0.2253732771,0.58829846,0.4086519684,0.4327378414,0.4990713613,0.535588573,9.701948663e-05,0.2096460256,0.7507931672,0.2078759502,0.5934674367,0.2776445388,0.753123514,0.269328925,0.6461032961,0.03026840438,0.4417583819,0.4334238045,0.8292453831,0.6386053701,0.2769178255,0.7343534237,0.562953926,0.4487630953,0.7028089343,0.4970004707,0.3603790011,9.69972185e-05,0.352006969,0.5507318672,0.3822266559,0.7219546103,0.4271846406,0.3182133955,0.5067472043,0.5272821495,9.704105453e-05,0.4078425845,0.7546176414,0.8343592992,0.4605844604,0.6344690092,0.5777111338,0.4035295864,0.4744905353,9.710781988e-05,0.5273330197,0.468206893,0.0633198794,0.5230053823,0.3440364473,0.8650167577,0.6546991369,0.5093817066,0.0001033671879,0.320644248,0.604697898,0.3335286208,0.4804242572,0.5555628658,0.6204639288,0.603922613,0.3873118277)
