mCurrentIter=100
mCounterStuck=1
mYPrev=-36.55570496
mParameters.n_iterations=100
mParameters.n_inner_iterations=1000
mParameters.n_init_samples=100
mParameters.n_iter_relearn=1
mParameters.init_method=1
mParameters.surr_name=sGaussianProcessML
mParameters.sigma_s=1
mParameters.noise=1
mParameters.alpha=1
mParameters.beta=1
mParameters.sc_type=SC_MTL
mParameters.l_type=L_EMPIRICAL
mParameters.l_all=0
mParameters.epsilon=0
mParameters.force_jump=20
mParameters.kernel.name=kMaternARD5
mParameters.kernel.hp_mean=[1](1)
mParameters.kernel.hp_std=[1](10)
mParameters.mean.name=mConst
mParameters.mean.coef_mean=[1](1)
mParameters.mean.coef_std=[1](1000)
mParameters.crit_name=cEI
mParameters.crit_params=[0]()
mY=[200](-28.38972218,10.2645643,1993.825982,-5.799619243,-28.37206514,-26.45547774,7.875912221,39.09049974,2717.335081,119.780345,617.5076045,-22.29429973,-0.9248528083,-3.945409374,770.6732018,159.5324416,-2.942013455,710.7793641,-35.60657041,28.08926824,748.1969733,29.59671748,31.0656368,12.29313883,-19.148057,-27.07660676,28.93587954,160.4660278,-6.303347073,-26.12503843,-23.95975917,-21.83017968,-19.31079489,-8.378219318,-25.84989079,26.88777906,-12.39369626,-12.66671246,-1.985273114,30.72486041,-24.17987294,-25.93116249,23.45651226,12.2171469,751.3124373,-3.406442516,7.24569297,14.30090206,-11.54437916,-34.06164807,-30.97889273,109.1251943,5.440156378,3239.886006,-8.715608301,-23.02399606,41.80665636,-31.44818627,71.82139829,-15.96230556,-20.26812644,-30.66242287,247.4073718,-33.28764466,56.21380794,-34.81296597,198.2728199,-35.27106316,5.799097106,357.2739547,420.1969787,55.38969784,17.59374093,-32.69882948,-0.2120257334,10.57887801,-23.7012902,7.5094633,-32.50976378,31.14151494,-30.08258951,3585.240509,-28.41433237,10.17400296,28.88638225,21.47505066,-7.960490393,989.7080405,8.566800511,16.71941801,2079.541435,69.84777677,98.80578703,16.14301077,-24.72084832,-5.341324967,-15.28450218,539.20548,2912.386415,-24.22913516,-31.08977604,-20.96939523,-30.07150307,-36.35845427,-31.89954784,-25.314851,-33.13406897,-37.07394119,-28.21191943,-27.83990763,-32.99116812,-35.05176507,-35.03063274,-34.43151229,-21.77000174,-36.96080328,-37.24853474,-31.54762868,-27.60577043,-34.5474698,-37.17720879,50.45166119,52.68699781,-17.90101277,-24.61763495,-36.07287807,-28.65951289,-37.00562607,-33.6915515,-34.71241056,-30.06417468,-31.22475069,-16.98525321,-36.47491357,-35.21939993,-27.68359686,-31.05770284,-36.71944871,-32.88027185,-41.20368462,-39.0156116,-41.2167962,-23.96752956,-32.51872051,-15.76872713,-10.95564404,-30.49066315,-29.74000259,-38.60194953,-32.99044906,-28.29827522,-28.50397392,-27.61667709,-37.26034683,-39.66929357,-19.34230064,-26.87050452,-32.74859498,-30.1022427,-29.87575283,-35.56840835,-27.12093426,-42.5225181,-31.59673217,-39.81798727,-11.0032292,-36.18703777,-29.49898421,-30.618042,-14.75700607,-26.94745075,-36.63315935,-30.83419409,-23.44955429,-15.03874948,-34.5754725,-40.51709883,-23.38823119,-35.01524125,-33.37154296,-24.0501981,-26.08751916,-36.82648297,-41.08712576,-18.18526911,-24.61578671,-24.430425,-33.19849026,-40.21728032,-38.95652291,-29.84245139,-26.87055017,-21.46452745,-36.15607254,-41.24696335,-25.85629291,-31.14905579,-31.06687581,-36.87276673,-36.55570496)
mX=[200,3](0.170433706,0.5537155574,0.4191415637,0.1074192037,0.6665986835,0.7903540961,0.005945880853,0.8729789466,0.02171705497,0.2015021514,0.5134791154,0.2719155133,0.9986650021,0.5901377606,0.2534641132,0.6536996334,0.6125026594,0.4444756633,0.2923866086,0.1293881093,0.8975727967,0.6358797633,0.4554701233,0.2481648448,0.2126556858,0.1573535846,0.03868948669,0.05042710411,0.8339786255,0.1352423271,0.8396826289,0.8833237407,0.06364300241,0.124836978,0.4051378485,0.7075673357,0.4648263643,0.1484927126,0.4617377196,0.7843360627,0.8062927797,0.2609311185,0.08802128729,0.2872459949,0.1497847882,0.8757420877,0.3121982617,0.2348360333,0.2526943711,0.2507490049,0.8338391007,0.1671711637,0.2317473681,0.183942584,0.5242257625,0.2725583089,0.5950084721,0.301458373,0.7499615289,0.8802691883,0.2405194251,0.4375051974,0.09357941922,0.8606142512,0.9183404408,0.7680486341,0.5579684871,0.9370267789,0.367230729,0.9447694921,0.3391240742,0.3409649637,0.3623675012,0.4788823123,0.6785613441,0.2763017278,0.05092693547,0.6200159486,0.4116616049,0.6083497217,0.9427689372,0.6855531754,0.957157789,0.1570439496,0.3825385079,0.361465988,0.8094371256,0.7981328952,0.1156750261,0.6199179204,0.4979006307,0.1858320199,0.7122318451,0.7676187563,0.6986156607,0.5302948659,0.9338860755,0.2658785929,0.7453872678,0.04529134028,0.0955036426,0.5082739644,0.5315105451,0.03671718627,0.6618228518,0.5011330789,0.3818008363,0.2843363813,0.5894008035,0.3995874304,0.7790646068,0.9565913375,0.5266080651,0.2043157372,0.4326098244,0.3249052328,0.8282249587,0.1930756009,0.5368463094,0.9583395753,0.01196050395,0.02942795132,0.6980789248,0.3444115174,0.4637120983,0.3741962047,0.358575679,0.08496485663,0.9734119567,0.4798766165,0.815183589,0.3395319454,0.158297764,0.5004889739,0.04161790681,0.6939638639,0.01028285364,0.8411946232,0.7780606639,0.6583572864,0.8143712119,0.1814114913,0.5844078677,0.853879612,0.741191799,0.5741515949,0.7200023779,0.6666045478,0.5445055826,0.3814436306,0.6474350167,0.3786102665,0.657189495,0.8213539296,0.6210038332,0.119213851,0.6772611498,0.790162954,0.689771239,0.2864376298,0.06155743875,0.01983035054,0.7291162532,0.7647410206,0.4708241589,0.4076892886,0.07294711254,0.5753971965,0.6271651204,0.7785530658,0.9689055899,0.9286591534,0.6493722935,0.4892011868,0.6120181402,0.9641145262,0.1616611068,0.4239169985,0.7130268109,0.4952963372,0.7303686622,0.3587247595,0.7387223479,0.3171255009,0.1795362488,0.5534689627,0.8137635535,0.1392373771,0.2952896532,0.5721686428,0.2022934169,0.5816497876,0.9086598277,0.9414128551,0.9857718724,0.1410808133,0.2183408326,0.6012303068,0.4898828288,0.8284946098,0.1012162524,0.7087337405,0.2966621836,0.5122619288,0.5498038811,0.4479176427,0.8663980983,0.06716618537,0.9980230011,0.1227597535,0.3237121839,0.2454519163,0.2162865815,0.07955541756,0.9773782081,0.9142945287,0.9747496776,0.4876014236,0.9288966701,0.3944741203,0.3426066114,0.4596918377,0.9115287899,0.7013106764,0.7535469716,0.564119779,0.8569759666,0.4255633424,0.8561010864,0.568375041,0.6422372726,0.6056481336,0.8606886832,0.3148545117,0.3350882277,0.2245090911,0.6316828956,0.2270900437,0.7373505134,0.901437048,0.2388689502,0.1905626045,0.5441097042,0.5960426735,0.7562207791,0.003354395968,0.8860339653,0.4180747536,0.4366410897,0.4405685531,0.7272835948,0.7808150638,0.3751936868,0.6342793036,0.9312401031,0.5168002686,0.906623125,0.3986743144,0.4526966074,0.004340585016,0.5232640715,0.9899086359,0.1030258077,0.1919628879,0.09679620206,0.3060396095,0.3559286699,0.7142384514,0.6825510651,0.8715119071,0.9611793009,0.1672004533,0.08205150593,0.1132402035,0.9824262409,0.9917664581,0.8048281573,0.9241780338,0.1782812381,0.02048911431,0.84675186,0.2297061922,0.752544737,0.4954199278,0.3215631589,0.8983998347,0.789208165,0.3030784337,0.130097724,0.6770104303,0.5680359394,0.2698489906,0.8989041075,0.07504649093,0.8459002588,0.04209914089,0.05605676331,0.03918213252,0.4245161421,0.4030814381,0.9999780479,0.5292207251,0.5794969457,9.705717538e-05,0.584089187,0.6112313049,9.053454948e-05,0.504936558,0.525897718,0.9999780695,0.4237480891,0.5511927367,0.999978049,0.4908600017,0.6090401814,9.699403738e-05,0.490695746,0.6351149421,9.670628027e-05,0.4940388981,0.5403181872,0.9999844962,0.3769237738,0.5212289944,9.12519788e-05,0.4704096624,0.4864637968,0.9999811986,0.2837801067,0.6653244224,0.9999780366,0.4236430738,0.5687823115,9.712118789e-05,0.4615557796,0.5804500384,0.9999845256,0.3601063902,0.4915982488,0.9999982463,0.4103435407,0.6164671731,9.697028462e-05,0.4014581056,0.6617764734,9.057773478e-05,0.4683241138,0.4960397783,0.9999780253,0.3963577797,0.5411907109,9.695691077e-05,0.4282710771,0.5661999872,0.9999848046,0.3712793374,0.4386770678,9.123916506e-05,0.4617351019,0.4665125242,0.9999845211,0.3957744407,0.511500873,0.5910962172,0.9999643073,0.2488858429,9.662673079e-05,0.999975811,0.2680118699,9.559957953e-05,0.1655547325,0.7526456574,0.9999765549,0.2580351888,0.6850609781,0.9999780278,0.3624240612,0.586862657,9.686257866e-05,0.3671217208,0.6317602026,9.77978888e-05,0.4310195781,0.5346161798,0.9999781224,0.4010170199,0.4867530363,0.9999741378,0.3824556413,0.5522634089,0.999977995,0.3553342598,0.6396091439,9.718062971e-05,0.3880387319,0.5843920584,0.0001012075309,0.4250088548,0.7069158776,9.698710824e-05,0.4428800867,0.5023568712,0.8423618759,0.4430228022,0.5352165688,9.784626312e-05,0.2990146742,0.6568723838,9.036914835e-05,0.4612371762,0.4467886811,0.2720157039,0.4155882237,0.5462421964,0.6204950907,0.4662810988,0.6004212845,0.9999845388,0.479813188,0.4129075145,0.9999780401,0.4272661557,0.4675078366,0.9998490828,0.4724931317,0.408791115,0.9982206249,0.3377752111,0.6999097498,0.9999844099,0.4223941557,0.4808022753,0.9999780694,0.1007269998,0.7659124402,9.706887069e-05,0.345842088,0.745741253,9.037049387e-05,0.4648067687,0.4407475268,0.9999786004,0.2355620535,0.6132390114,0.3622989454,0.4179472658,0.509252439,0.9999758633,0.5699009528,0.390647526,0.9991524504,0.3701913682,0.6809443549,9.703867423e-05,0.3308100466,0.5999267447,0.9997757473,0.2527318772,0.5560789194,0.9993769466,0.5533852614,0.4530269886,0.4399200678,0.4296966711,0.5058547776,0.923046424,0.6573838171,0.6015009595,0.0001046225421,0.5006966173,0.4203545987,0.4138445492,0.4147823288,0.5580345876,0.9999671624,0.3420428427,0.4484576243,0.9996669767,0.3378763917,0.6483010035,0.3159082127,0.4616363915,0.4807483566,8.862809891e-05,0.3152241386,0.6709401268,0.9999780703,0.5096658807,0.5174835028,0.3328823303,0.3819280206,0.6129091157,0.4067875813,0.4012269705,0.5312352666,9.045768112e-05,0.6489281126,0.355976261,0.9999846099,0.5766374392,0.3863728559,0.9999780761,0.2706680443,0.5830514759,0.3704561156,0.5356268452,0.4624506637,0.9999605855,0.2941663841,0.774765195,0.9999779598,0.2971412507,0.5003763666,0.3681814778,0.402556782,0.5640922122,0.4776936719,0.3993244798,0.632812266,0.9999782081,0.2496395227,0.7095707338,9.683143635e-05,0.4236566225,0.7284611244,0.3558724818,0.4193258946,0.5162966874,0.9999780916,0.537336471,0.4243999056,0.9999845747,0.6598957082,0.3542466581,0.9999849481,0.5649296145,0.450291409,0.8856216187,0.5820382055,0.5446791802,0.4345913271,0.3113268887,0.4226677771,0.9999850761,0.1476580972,0.6553905766,0.4755620711,0.3581298443,0.5803990411,0.4436418175,0.4386603157,0.4817877621,9.01517452e-05,0.5720499988,0.406176527,9.352579073e-05,0.2194830803,0.6620526724,0.9999747988,0.4889445427,0.6758726615,0.6530017509,0.3587334908,0.6134381601,0.4750146313,0.3630790102,0.5354865606,0.9999777934,0.5078380752,0.4838769271,0.9999845145,0.5195379615,0.4080802448,0.2977861205,0.5055036465,0.4655881836,0.9999781261,0.3661995088,0.7232533284,0.470126956,0.3657706134,0.5659720005,0.5604913422,0.3909308648,0.512168059,0.4048009727,0.4658099149,0.6486387699,0.9999780685,0.2901395199,0.597856436,0.9999770673,0.3069046291,0.5325537672,0.476464339,0.3439298751,0.4776224272,9.719166033e-05,0.3057368494,0.5817030626)
