mCurrentIter=100
mCounterStuck=0
mYPrev=-48.61325882
mParameters.n_iterations=100
mParameters.n_inner_iterations=1000
mParameters.n_init_samples=100
mParameters.n_iter_relearn=1
mParameters.init_method=1
mParameters.surr_name=sGaussianProcessML
mParameters.sigma_s=1
mParameters.noise=1
mParameters.alpha=1
mParameters.beta=1
mParameters.sc_type=SC_MTL
mParameters.l_type=L_EMPIRICAL
mParameters.l_all=0
mParameters.epsilon=0
mParameters.force_jump=20
mParameters.kernel.name=kMaternARD5
mParameters.kernel.hp_mean=[1](1)
mParameters.kernel.hp_std=[1](10)
mParameters.mean.name=mConst
mParameters.mean.coef_mean=[1](1)
mParameters.mean.coef_std=[1](1000)
mParameters.crit_name=cEI
mParameters.crit_params=[0]()
mY=[200](-37.038862,1079.988471,3236.709006,-13.69178076,26.98314429,-44.89978485,-26.70727267,-13.55123471,155.5404046,1659.179335,57.00683989,-16.03358631,-4.158251469,-1.551093219,26.14055254,22.55429628,149.8471908,224.2125339,18.7538534,9.819566389,3.95242062,246.7877357,-42.74524654,16.40030464,10.84281814,-3.44835533,-22.79857461,-40.87061346,393.0752287,9.794211512,3423.683291,2852.938227,65.67872778,-21.17690755,-40.19936397,22.31134698,754.1443378,-18.71073332,12.69367058,-15.56595075,-8.054142641,-3.95493062,-42.47146732,13.88191526,2367.482299,-25.25293779,54.17147896,-29.91659257,42.59369879,331.1551823,-18.4243242,31.96072794,7.358694634,-38.72026175,29.59548264,-30.89154204,-8.726544713,3199.267668,-20.26202069,-2.390822686,-18.14587859,-10.68121416,-39.98698079,2662.33445,370.2645979,1970.98521,15.20541859,585.839852,8.079751243,328.7779654,-45.11293256,-43.83110581,1431.414332,1158.898177,94.92505669,-27.05860703,161.3380131,927.6227746,3.116197866,15.21465096,18.51529369,662.4909052,-20.2690776,12.0576959,-40.34998973,2636.573849,-16.117157,-13.21077196,8.833785993,143.6992422,17.20160364,1372.948811,-29.52849233,216.983312,-37.83015302,-0.09245500841,-9.512411771,157.5770459,13.49927687,-12.6226053,-8.793955698,-0.6794593707,-29.13855771,-10.91167415,-39.62679745,-42.37473899,-21.93782531,-47.87075308,-22.91336205,-37.61686794,-39.33755581,1.167957143,-39.03682414,-36.93255024,-36.78589631,-33.90352799,-35.58243659,-33.69338342,-10.46727423,-16.62350932,-43.69872382,-46.54012325,-38.06717291,-46.26371183,-39.87665731,-39.65032739,-42.45101847,-37.25211771,-34.31868853,-50.89758362,-38.7286242,14.13064018,-38.16638502,-15.32619676,-31.55204641,-13.01438326,-44.34360378,-23.86813914,-39.90697906,-42.13347917,-35.89794477,-0.1933971284,-42.89634675,-43.76502965,-19.85407057,-41.80776429,-44.37773489,-28.58066283,-48.60007433,-35.261958,-24.38217178,-29.60617976,-35.04189528,-46.39199798,-30.58209037,-45.15599707,-14.33393727,-46.27737044,-34.88841525,-39.22318122,-15.2439526,-32.70358369,-8.688812861,-40.03812804,-39.89231997,-45.80917738,-36.25746868,-41.28717226,-32.57306606,-41.43322188,-14.35623358,-41.68641392,-31.12941208,-48.99914329,-41.03405749,-33.8260795,-27.49125283,-34.72730866,-31.00558196,-0.8588748507,-47.44886541,-37.73123055,-49.29169402,-44.33362294,-21.43152526,-43.20292814,-40.68033993,-35.49311281,-40.49061273,-39.78903137,-29.61089913,-36.44832031,-14.10293948,-44.06790419,-42.50997228,-40.63649343,-39.06450627,-35.85607095,-33.67956935,-48.61325882)
mX=[200,3](0.3920761104,0.6667834267,0.3321677315,0.9418482827,0.3274289832,0.1722478295,0.6387856429,0.7466604705,0.006938265637,0.569708033,0.5470457663,0.8181437907,0.973114514,0.8534333923,0.9614977734,0.5049147446,0.4274121714,0.5897789276,0.1955531076,0.4542692532,0.3592203909,0.1498200607,0.3151867681,0.8490796767,0.856079153,0.0833304586,0.516126206,0.4472282157,0.06916556144,0.2230052267,0.7390449348,0.6087963032,0.2101724211,0.03723190912,0.7829009426,0.2938767454,0.3296486328,0.3968750778,0.8827920668,0.1650721025,0.7665298944,0.264549971,0.515776536,0.9693548088,0.7955219454,0.3743013597,0.9739522057,0.7122234103,0.1025980246,0.365909325,0.2504555379,0.3632404132,0.05202986946,0.4563253795,0.2546318689,0.8608192029,0.838454671,0.8800160512,0.3592654793,0.5219018158,0.3888861322,0.2232988773,0.9136906407,0.9550739273,0.9496841088,0.1147679025,0.3308065718,0.4186746955,0.6469094667,0.4029828245,0.2193968455,0.9831604135,0.3054065921,0.4676291627,0.9599067485,0.2385671013,0.8237513332,0.6857335419,0.4924282486,0.5143331537,0.7631079994,0.01217150535,0.6373886513,0.4351835645,0.4369605676,0.01986151162,0.4280672021,0.1893930515,0.9558259821,0.535252722,0.6886475511,0.07484355624,0.03916511531,0.4531406931,0.09272352849,0.1074287044,0.8261434428,0.9346517218,0.1658543008,0.5384598435,0.7537844102,0.3159944312,0.08060877158,0.5803938637,0.495381661,0.982910819,0.002349996148,0.9951844848,0.9382784851,0.0232995903,0.3622748932,0.6616988406,0.5014186518,0.7719150612,0.7971520227,0.6502611512,0.206901309,0.8748441156,0.7938852112,0.603038003,0.7638171477,0.5788926561,0.829176151,0.2716354388,0.1591380722,0.8743586969,0.6599037408,0.5572538102,0.4196362022,0.6013057187,0.8333920649,0.8570170439,0.9036305182,0.04124143461,0.1849063516,0.4879602394,0.4919878826,0.3461997733,0.3122712016,0.5637131623,0.1916805651,0.02216246369,0.6284775498,0.6368288565,0.5453297155,0.987210439,0.933730885,0.4736938313,0.807248951,0.08375272766,0.8312567753,0.7785738437,0.6249019556,0.703070184,0.2915458204,0.4624193062,0.6910905745,0.1217521648,0.8699490347,0.127100354,0.2558811883,0.5671168269,0.8918222781,0.1078198244,0.6679599934,0.3549203867,0.7290352912,0.3705688539,0.6198853749,0.6714747371,0.2350418441,0.6784408701,0.03327495354,0.09652369911,0.09329982647,0.1151710838,0.6736326158,0.5764039127,0.4711202797,0.3033484696,0.4675193202,0.8138395731,0.5003086486,0.1724510433,0.1483827002,0.5554481218,0.0004857530585,0.4476675773,0.4039798241,0.240543313,0.2727504313,0.01579079665,0.4115111432,0.1926480207,0.2899370894,0.8092767726,0.1837978671,0.1434791903,0.5287800514,0.2838913028,0.978174247,0.1303340441,0.8783711803,0.05117676934,0.7127940229,0.844636427,0.8061651303,0.9237064669,0.8811282447,0.06813470966,0.06894800757,0.4061389397,0.5980777908,0.4207835877,0.5229177576,0.5739084305,0.2983288712,0.1702724966,0.1579369591,0.1509315658,0.6133423243,0.04068638242,0.775404306,0.6894690724,0.1309986284,0.7270626169,0.4331640771,0.541201393,0.8474288087,0.2607509658,0.396813447,0.5599173218,0.1600580893,0.2459902868,0.2063413645,0.5336062591,0.9074876746,0.7861719484,0.6456477322,0.9449007188,0.7598734132,0.9997020555,0.4826200708,0.2238085464,0.9039604084,0.07131794143,0.5968139578,0.3097380395,0.738273886,0.8649347996,0.3307493981,0.9279672601,0.3487343485,0.4873597499,0.6574646851,0.1160662596,0.1378763256,0.02710804219,0.07152216093,0.6995289905,0.6941832951,0.6450985252,0.371599198,0.7870943953,0.9170521072,0.2377688994,0.8980272258,0.8144267247,0.2070082209,0.4431355727,0.6221077926,0.9272733938,0.7589392127,0.05470793305,0.2425166717,0.1296622175,0.2106251801,0.7335554167,0.4739529281,0.9672859115,0.3445066085,0.3269152069,0.9913364779,0.5946401304,0.3881746554,0.2606484158,0.8986021518,0.6149115682,0.04977781467,0.7139507775,0.7290780911,0.7480965266,0.3838470636,0.2735778846,0.2844645582,0.9170422611,0.7065020414,0.5878515762,0.7049198326,0.7467601956,0.6184508033,0.8365314092,0.2786955611,0.4493141792,0.8028623685,0.2822425969,0.04343097228,0.7243924115,0.3104986905,0.7167079286,0.8052172113,0.2827213297,9.71077361e-05,0.6741462105,0.3408801734,9.693042993e-05,0.5643253434,0.5253436251,0.6798574946,0.7471045565,0.3020253053,9.702990939e-05,0.645210252,0.369184374,0.999978106,0.5285220718,0.6403616021,0.7626252276,0.6038949779,0.4920535177,9.698771693e-05,0.5617908339,0.5521282847,9.826301968e-05,0.8321678976,0.2606793217,0.7666017792,0.6863500458,0.352641392,9.70826193e-05,0.6020913874,0.4229995442,9.687147873e-05,0.5552923692,0.5815634003,9.107563601e-05,0.6737994152,0.3226014518,0.9538705594,0.5995053011,0.5337578382,9.697289291e-05,0.4594268803,0.6854460281,0.8589846752,0.8315934016,0.2673076007,0.9999769821,0.5213657508,0.6678875317,0.5915348822,0.6320752549,0.4185666292,9.690150672e-05,0.5523929445,0.488340362,0.1308357604,0.6679544519,0.3235323725,9.697676139e-05,0.5556154756,0.5817736764,0.6631832696,0.6050833955,0.4628244007,0.6721284975,0.6871548148,0.3265339769,0.7493273872,0.5722769396,0.5778594334,9.709405472e-05,0.615273734,0.3910572755,9.948795474e-05,0.4597428216,0.6925561001,9.698319013e-05,0.5399947501,0.5105629187,9.718261549e-05,0.525258641,0.6094671307,0.4005434198,0.8234166082,0.2560630471,0.7530861662,0.5935591795,0.5395270231,0.9999780559,0.5353853333,0.6962525559,0.7090592878,0.6495292863,0.3845430301,9.670936148e-05,0.5270559043,0.807890489,9.693248667e-05,0.5567981263,0.4677043518,8.945058348e-05,0.6645462167,0.3173015251,8.911156188e-05,0.5714399024,0.578640769,0.6902546236,0.6004011297,0.4685025702,0.7340821204,0.5184441081,0.6076579826,0.9999782409,0.5161365252,0.8495778451,9.709693934e-05,0.6065505176,0.3930949132,3.37338625e-06,0.5189589552,0.5142344263,0.7025110034,0.6865224858,0.316265118,9.863145807e-05,0.4312664783,0.6482373455,0.5642420146,0.6005166367,0.551548013,9.712812277e-05,0.4577838589,0.7277709016,9.771515295e-05,0.5694107525,0.4481161574,9.710420846e-05,0.5923998631,0.6161089276,9.063392683e-05,0.6970659462,0.2931668172,0.6927432257,0.6234599546,0.4290545245,0.6696746153,0.443253966,0.620809531,9.700812083e-05,0.4990191033,0.5305677327,9.596978561e-05,0.6140783921,0.3674278808,0.6003370656,0.5917731177,0.5212508777,0.9999779717,0.5773794791,0.7138354422,9.718248261e-05,0.4274568304,0.6023642889,0.1049541237,0.6467600879,0.5611977346,9.70414598e-05,0.5437910735,0.4725332685,0.6549159199,0.7032804537,0.2980755979,0.539405089,0.5882651404,0.6211644521,9.67667304e-05,0.557074057,0.8298411896,0.635303124,0.5777033505,0.4921495262,0.4216137747,0.6227777714,0.3745201797,9.709912454e-05,0.4573609404,0.5548218606,9.776653779e-05,0.3989145979,0.6710656495,0.6448282366,0.4747927655,0.5879904283,8.04631861e-05,0.5821688502,0.665888326,9.710551266e-05,0.5772048412,0.4350767688,0.1016142523,0.7894189374,0.2544172682,0.3678383014,0.6279420302,0.5433699139,0.2187927353,0.6451309198,0.325595942,9.701599135e-05,0.4760278004,0.5391526066,0.6133166262,0.5936014268,0.4649965508,0.545812348,0.4030965656,0.6285673092,9.720460676e-05,0.3794877209,0.7504938164,9.701180635e-05,0.6543583682,0.5594019942,0.5047552132,0.6200256534,0.3892053763,0.9999858608,0.4915748344,0.8536910196,0.4836211612,0.5230062358,0.5263545696,0.4027829118,0.5936923592,0.6487115814,9.692153514e-05,0.4219563102,0.5951156494,9.791195402e-05,0.532518466,0.4811903662,9.708216548e-05,0.5696109845,0.7340142938,0.6123484693,0.5247604594,0.5663490138,0.05757147185,0.6864974125,0.2921496997,9.703651475e-05,0.6037825386,0.3743304901,0.4851142123,0.5658072814,0.4925623685,9.698040807e-05,0.413681342,0.6142678986,0.7008692809,0.4011793202,0.6876758758,0.4493569433,0.6080322503,0.6033619139,0.5951436153,0.7440890218,0.2726264658,9.6994551e-05,0.4728392971,0.5373509455,0.3757545955,0.5961060642,0.4370826252,9.730394931e-05,0.6525884652,0.5188512362,0.5294539076,0.4868310611,0.5685230295,0.5321230154,0.6484843962,0.3288264099,0.1476002658,0.5877308337,0.6448030987,9.701482079e-05,0.5698810486,0.4357906956)
