mCurrentIter=100
mCounterStuck=0
mYPrev=-48.63214647
mParameters.n_iterations=100
mParameters.n_inner_iterations=1000
mParameters.n_init_samples=100
mParameters.n_iter_relearn=1
mParameters.init_method=1
mParameters.surr_name=sGaussianProcessML
mParameters.sigma_s=1
mParameters.noise=1
mParameters.alpha=1
mParameters.beta=1
mParameters.sc_type=SC_MTL
mParameters.l_type=L_EMPIRICAL
mParameters.l_all=0
mParameters.epsilon=0
mParameters.force_jump=20
mParameters.kernel.name=kMaternARD5
mParameters.kernel.hp_mean=[1](1)
mParameters.kernel.hp_std=[1](10)
mParameters.mean.name=mConst
mParameters.mean.coef_mean=[1](1)
mParameters.mean.coef_std=[1](1000)
mParameters.crit_name=cEI
mParameters.crit_params=[0]()
mY=[200](-1.970056072,12.03512256,169.3744527,1009.036917,6.035508482,-1.508301224,51.37008508,-24.5448389,24.00977091,9.059117319,3680.39695,61.38249078,465.5921885,667.8749342,4.536498189,488.5425773,228.5636627,467.5439741,-29.41225766,-40.19822982,-28.50440896,3.473609987,29.56552718,19.12240064,1274.182416,-31.61859752,92.22069629,48.22963439,-20.2449409,2.450497777,-17.56801301,-1.714565871,-2.51215712,2130.291736,-41.53849457,633.8470177,8.92263663,14.27765568,35.01432834,32.64768884,169.1952058,-32.92264238,19.49773573,-43.25622502,611.4360356,20.68600867,16.69893374,833.214738,43.49447127,24.7162204,9.305889406,30.11512657,321.9988144,-19.06760413,-4.224827408,-41.30156661,22.54727948,833.810087,-13.26505234,-28.49071899,-21.83918897,21.67732714,-0.3721783424,6.931330024,443.458464,-46.31541552,-6.852793257,-31.204917,9.791734735,-35.33632835,1062.112626,-23.22064249,2657.388792,10.2240152,26.27255005,-9.027878882,1593.821466,-3.745342395,-43.93299729,10.60148717,1.514500621,138.9728141,-19.721755,96.78310018,-27.81790945,-6.350353546,23.02033258,-27.91815126,15.05028128,-22.62595935,18.57698243,-42.38600771,29.2733192,-41.0847762,-28.49576771,-3.423347069,15.19860003,54.42213749,9.949984255,-30.22769997,-27.16132946,-30.77628252,-50.45381336,-37.66426158,-39.73237249,-27.05615275,-44.05151667,-37.16193211,-38.87038483,-42.08728135,-41.79208051,-45.42708958,-47.60253804,-7.813312846,-30.78222069,-40.71157264,-24.40222262,-50.09788282,-48.43267714,-36.87438891,-49.45561072,-29.89611463,-46.51347858,-25.27902497,-51.91127762,-46.80480873,-45.74808467,-43.13391302,-46.35023954,-33.95718381,-21.8595618,-43.80805193,-15.83788161,-26.35179675,-43.27076502,-47.77043371,-44.31427201,-41.78071841,-42.77453435,-30.84236224,-47.8504476,-38.82805172,-32.84787383,-40.18104555,-48.48187464,-44.30811257,-38.88762586,-41.02947675,-39.89698698,-48.19514969,-15.5784451,-37.47453956,-32.28472401,-44.83251871,-22.32045307,-45.48352389,-33.32135935,-24.68909997,-42.67070556,-41.9372214,-46.86785238,-37.59668479,-35.48080838,-16.74769479,-46.57701205,-45.28632436,-39.75668092,-39.68869481,-48.48129995,-48.62162826,-26.81778778,-35.95028882,-40.18244243,-49.39425611,-28.32165428,-46.92057457,-25.77606749,-41.97575814,-45.51499061,-42.58631891,-31.59968828,-32.17788623,-48.70392785,-41.26840728,-51.13610306,-20.84734831,-37.65092602,-41.24875577,-46.82859333,-50.04158838,-40.49271409,-6.833566281,-36.27530905,-34.20106939,-37.67649172,-30.09039414,-46.76338038,-52.3003017,-41.84311999,-48.63214647)
mX=[200,3](0.7401439397,0.7518034045,0.2512477108,0.2159650878,0.9096039588,0.4566372821,0.1427616678,0.0009910460166,0.3684641358,0.1893806123,0.04982069318,0.1943792626,0.4804279046,0.8385732536,0.5360079647,0.05477959187,0.3185403789,0.8626672208,0.1390306939,0.03448343427,0.4360844287,0.2521635929,0.6657948657,0.5085166006,0.06869864065,0.0714645248,0.994065018,0.357238176,0.2571941657,0.9214895903,0.1976916862,0.01695808287,0.006246989609,0.08842189379,0.9971001879,0.2630340544,0.731070093,0.693129921,0.05558667473,0.3837277762,0.7669437373,0.04645047816,0.9474619917,0.3229246544,0.3723907067,0.6718341302,0.1298248533,0.2367598617,0.1024662977,0.4207104859,0.1462203267,0.4674131367,0.1145141174,0.2436644545,0.6830848282,0.6435583361,0.2719053951,0.2205072395,0.5785840684,0.4024220069,0.6234922838,0.1960987845,0.6686361349,0.7550949182,0.2476574623,0.896574382,0.01358641881,0.7382449331,0.9196511801,0.7198786798,0.2082388149,0.3996282635,0.5308124564,0.4342843189,0.02151095001,0.9262681018,0.2399385175,0.6227328615,0.9850739354,0.943939059,0.1692764842,0.6963336645,0.5362738917,0.1756891232,0.935506845,0.1552173238,0.5560820162,0.1552087143,0.5262798842,0.8365040574,0.2892995717,0.05889199221,0.7740255874,0.4125903538,0.6219694119,0.7917546587,0.9706991567,0.4896217268,0.8401738052,0.07947255292,0.09309449433,0.10042151,0.7047573356,0.4689054684,0.3214484446,0.9648059305,0.9803617541,0.06403151784,0.4428848206,0.7407717449,0.7854653502,0.3781552715,0.8645287514,0.6722254666,0.5197688952,0.79657971,0.9302092521,0.03658327056,0.970857036,0.5182418213,0.1641153534,0.186204947,0.2868391051,0.1262655519,0.5547202304,0.5924478329,0.235403829,0.3509058544,0.9609625528,0.4247719237,0.4416143755,0.3433282401,0.5874127703,0.2888598912,0.1316744673,0.09271684996,0.06652816058,0.9781037244,0.861883826,0.9125829959,0.4276163327,0.8288915083,0.08384054209,0.2073188489,0.8020435331,0.295814539,0.3049618346,0.5048700531,0.8179707774,0.210749596,0.2787462074,0.8993495242,0.4193257759,0.04481394897,0.7830609711,0.8862647015,0.2938959695,0.4974352732,0.07639118306,0.5981329924,0.02013471711,0.7584316651,0.8935153141,0.5691766998,0.8197946611,0.4047840838,0.6002962019,0.31449727,0.1706524484,0.927445928,0.6018991251,0.660971998,0.3440753684,0.08105845836,0.4712969442,0.6522307193,0.1897130085,0.3376486373,0.3068303213,0.7060229254,0.9583379463,0.672008064,0.6386684117,0.8487631426,0.5947900924,0.9534339624,0.6198179162,0.2795630946,0.3344240037,0.6561105687,0.3708091749,0.9049940033,0.9003180877,0.3604677315,0.1231791564,0.8856679072,0.415774176,0.4694809184,0.5605087113,0.6173571203,0.7694126618,0.3461767708,0.1624022738,0.5424929656,0.5755485356,0.8425689338,0.7326434376,0.5537976182,0.2296508065,0.4955845563,0.2685566694,0.5162324871,0.03099497736,0.6391605949,0.4049346944,0.7411612197,0.2077290766,0.7707342483,0.01157017226,0.7682740125,0.8859123158,0.5631010177,0.830145516,0.9667418435,0.6439560782,0.2450883008,0.1014793338,0.8290906824,0.4973691579,0.1405080301,0.1164642488,0.3665987859,0.2656630569,0.8557774826,0.02891902291,0.5079763982,0.4455311044,0.5448660755,0.8502694103,0.6502902564,0.006644736617,0.8281396997,0.5898155101,0.3968538418,0.5878431963,0.09143097414,0.4513383563,0.7150029382,0.5205182336,0.4388200663,0.1379086512,0.3512910574,0.997975437,0.7203859015,0.3866839055,0.8173819283,0.6349104578,0.1569090496,0.7279725077,0.9519386402,0.6174547025,0.5269395004,0.1719271777,0.6910495754,0.7910713881,0.6867071636,0.8775438768,0.8502673404,0.3933073223,0.7292780632,0.916083255,0.5487170905,0.9416330478,0.3005829912,0.4773800595,0.5713628768,0.113067852,0.4589741916,0.9848175139,0.770811692,0.3377623775,0.4740341649,0.876240792,0.3855521297,0.6836993587,0.322623273,0.7039186984,0.7182733848,0.6089515872,0.8017835771,0.8007356387,0.7839497888,0.9348936581,0.2259991835,0.6452515825,0.8701002332,0.2927180198,0.3147493084,0.2144025039,0.4819273452,0.9999932759,0.6279288256,0.2969929029,0.9999837203,0.6289265818,0.295151073,0.9999779747,0.5434560046,0.4017881534,0.1959902062,0.616004979,0.3266390719,0.999978092,0.4859937058,0.5348312337,0.9996829014,0.6224882335,0.317047966,9.698782512e-05,0.4708338662,0.4623975035,9.688378093e-05,0.427923234,0.6086128552,0.9999779893,0.5147492571,0.4447451476,0.03125899052,0.590891256,0.3517061382,0.9999780023,0.4768013126,0.5747096046,9.698014951e-05,0.4378187356,0.5174632962,0.3946814906,0.5129408096,0.4087596042,0.9999177002,0.6522730254,0.2455148787,9.705578457e-05,0.4619441554,0.6540403537,0.9999779493,0.4952111665,0.5055251731,0.9999842628,0.6324677173,0.2816120424,0.02351957943,0.4833346886,0.4261406796,9.70112369e-05,0.4080270904,0.5443351794,0.9999780952,0.4871103173,0.6117440563,0.9825261133,0.531945641,0.396681295,0.08928732589,0.6305229439,0.30547369,0.3824775614,0.4648030832,0.4788605839,9.156097253e-05,0.4574562669,0.6826229162,0.9968360918,0.5662036285,0.3573754359,0.1170920769,0.507557882,0.4009409934,0.7988395095,0.4279497683,0.5505345031,0.9943908057,0.4986226309,0.4512212981,9.693335231e-05,0.359086471,0.5743644321,0.9999843567,0.5072805906,0.6305198734,0.9934014463,0.5917621106,0.2809421749,0.005441654765,0.4345082983,0.4850634012,9.680666682e-05,0.3641131303,0.7686859569,0.1155590658,0.6329787645,0.2964930519,0.5702209322,0.539185782,0.5160594887,0.4733050859,0.4844655401,0.4074864811,9.72924731e-05,0.3397940938,0.6024931336,0.8370850558,0.3829599099,0.536914278,0.4703613287,0.5590047408,0.3726763149,0.05244333082,0.5634973616,0.6072002606,0.2183100102,0.4040802563,0.4559700538,0.8567089676,0.5867555349,0.4784347472,0.9999780019,0.4934761398,0.6569711703,9.731096801e-05,0.5352897213,0.5236236022,0.7472239588,0.4232797613,0.4345013039,0.6974128039,0.3647467617,0.5708107674,0.7986240876,0.6351846452,0.2671547673,0.9989433249,0.56193989,0.3594200647,9.722071045e-05,0.5795147907,0.3821887964,0.2123549625,0.3813972062,0.4973121548,9.675449544e-05,0.363344993,0.7638511733,0.9965934059,0.582493889,0.558874258,9.710047341e-05,0.3160841432,0.6240002198,0.5571864985,0.4231050994,0.4339279295,0.9966504904,0.5831633746,0.261493334,0.6016414489,0.3823592578,0.5276701151,0.3207492262,0.6040722961,0.4539320011,0.1595953117,0.5567838176,0.6475383522,0.9107416862,0.3679045363,0.6052904043,0.3982969662,0.5640881856,0.3483005924,0.101068079,0.4005446068,0.4368738218,0.2871026266,0.5466682509,0.5480547698,0.9999779872,0.3901926006,0.4743767582,0.9999714799,0.3140177928,0.777222933,0.8696675184,0.5008348504,0.3877202499,0.1121525424,0.3631763392,0.5280891586,0.7255592414,0.3802045559,0.6192315637,0.5902023709,0.6011438965,0.4516132759,0.1678005145,0.4455565524,0.403359918,0.5325912629,0.3959376488,0.513344222,0.3414192274,0.6348883099,0.2735467466,0.5987712064,0.5815819399,0.5792724441,0.9992556278,0.5626279265,0.3549253638,0.4906498012,0.4099706069,0.4355970964,0.284694065,0.6327002277,0.2770790717,0.3792862847,0.3543771678,0.557395088,0.9999779938,0.5163319885,0.6896269378,0.1900321828,0.5569369217,0.4889666856,0.3205641349,0.4838750856,0.3837872883,0.8422716835,0.3928292343,0.4881781197,0,0.3360695235,0.6738582615,0.3958717408,0.6426814721,0.3939588721,9.729220338e-05,0.371037595,0.4768350593,0.5769890203,0.3690317649,0.5814085292,0.8056345947,0.4367776537,0.4192434048,9.709196865e-05,0.5434913564,0.6842260627,0.2996267917,0.5438824391,0.5477212045,0.9897153742,0.5954143912,0.4740242902,0.3606205317,0.4167508302,0.4267608171,0.548330252,0.4036627224,0.5055504009,0.5923121355,0.5130766359,0.3621584321,9.682142029e-05,0.3871147317,0.8105875952,0.8554112579,0.3598682838,0.6383608228,0.7353187228,0.5928074761,0.5930579996,0.1988044951,0.580504236,0.4578769548,0.9998158152,0.6759227034,0.264702671,0.04847499625,0.343763937,0.5437962442,0.6220351601,0.3979168431,0.4664559251,0.899375379,0.3693421487,0.5376145766,0.8644968336,0.4572081997,0.4086970595)
