mCurrentIter=100
mCounterStuck=0
mYPrev=-31.66627931
mParameters.n_iterations=100
mParameters.n_inner_iterations=1000
mParameters.n_init_samples=100
mParameters.n_iter_relearn=1
mParameters.init_method=1
mParameters.surr_name=sGaussianProcessML
mParameters.sigma_s=1
mParameters.noise=1
mParameters.alpha=1
mParameters.beta=1
mParameters.sc_type=SC_MTL
mParameters.l_type=L_EMPIRICAL
mParameters.l_all=0
mParameters.epsilon=0
mParameters.force_jump=20
mParameters.kernel.name=kMaternARD5
mParameters.kernel.hp_mean=[1](1)
mParameters.kernel.hp_std=[1](10)
mParameters.mean.name=mConst
mParameters.mean.coef_mean=[1](1)
mParameters.mean.coef_std=[1](1000)
mParameters.crit_name=cEI
mParameters.crit_params=[0]()
mY=[200](-23.48319809,243.6609624,1905.891831,-23.35975452,-22.23882099,5.790611808,22.82318225,36.09964426,8.736660742,246.7251734,589.7651913,-17.82232931,29.99227189,40.11906227,302.9692189,-30.56284728,41.59759537,3315.145886,35.62691584,1694.929972,32.2226833,24.21625915,29.30769891,-11.60510137,7.099374435,1601.986891,-21.46033746,-3.81385417,-37.15734732,-2.072512932,12.7740573,-28.16358428,33.30579868,-4.229451791,-9.174086942,-2.123656119,-4.264914822,-20.46711938,44.86264953,-39.31435786,1147.763228,-38.59039556,2189.268655,26.69019061,-13.44432558,34.30019664,33.33812125,24.23804758,1115.000263,-0.8761527825,7.450008721,4.082341432,-8.393409742,-12.01595332,2.771512071,41.06776444,24.23354812,32.41514517,-22.81111496,-12.86194401,6.355187547,1.287630171,-19.76226745,-9.600272481,28.27566618,-18.27780958,346.9718881,10.23320559,968.2784443,269.8246068,35.11655551,-7.324823224,39.57062196,-30.56260367,65.51423172,12.98344569,12.66864558,2085.191951,10.46978235,-12.58542013,61.00374856,-6.152448326,1193.345218,169.1240161,17.83213369,10.21956206,-25.34334653,28.68525686,2.784739945,33.49436875,-24.9283064,3677.325946,12.7482717,92.66555265,-37.65682397,27.92680614,19.02743222,-40.28844372,46.12403528,-29.78823986,-31.39123476,-27.85779862,-24.05143725,-31.20944594,-39.46236993,-29.60863143,-40.69027331,-31.84605468,-40.31315622,-35.47598688,-25.42647178,-38.19870505,-33.75904278,-23.66639302,-28.28988674,-23.54012812,-39.33021346,-33.06442123,-34.59242459,-30.97821227,-39.40076862,-18.48239916,-38.23737463,-29.60111332,-35.92594197,4.130183541,-36.74854492,-40.48460852,-21.00609206,-30.77335134,-33.4885299,-39.91767636,-25.91938331,-38.33544734,-38.65548631,-30.99094852,-42.71057035,-14.26338214,-30.28827946,-38.52506048,-11.41594688,-14.67374137,-36.72665279,-37.84615031,-23.58165288,-29.11156669,-39.09007406,-23.82313872,-30.5144266,-41.49954953,-31.25413401,-27.56254471,-21.28725335,-43.54563773,-20.40236901,-17.28232608,-32.76579817,7.134832631,-29.27822634,-37.85450876,-37.08265092,-40.6641492,-14.39044483,-35.10676961,-17.31125875,-38.96627571,-20.16943636,-36.93918685,-25.98106502,-29.60144855,-37.68048209,-26.15656199,-40.01010072,-36.51910364,-39.20319963,-16.98722434,-40.18703887,-36.71161271,-6.591134054,-35.4357608,-40.31746661,-34.66664695,-26.16604407,-40.84965221,-32.83129321,-41.08083311,-27.96416685,-38.84051618,-36.52638602,-24.11334725,-36.87918908,-21.32064547,-25.23430986,-31.95200763,-35.50804286,-36.83131421,-36.20706196,-34.04701253,-45.59081385,-31.66627931)
mX=[200,3](0.541487891,0.6302464383,0.5253574914,0.1502197108,0.01986526349,0.3558523209,0.07396128402,0.08777756937,0.1374650655,0.2086348971,0.129787572,0.660435205,0.4198904464,0.3439384185,0.3195106211,0.7450096343,0.6645964018,0.7690340109,0.2278698403,0.7263887679,0.8140405575,0.9527280919,0.9520833929,0.5796846731,0.3498569542,0.8159633763,0.5452027323,0.784332071,0.6576526222,0.06902206716,0.3942294979,0.9136627279,0.05936384728,0.6081775564,0.186721067,0.609535133,0.8944158273,0.1516075935,0.9649769436,0.6505940526,0.8624644033,0.1871128684,0.8591990816,0.485753667,0.08042847364,0.7326153567,0.6085663331,0.2879969654,0.05538108081,0.4318912071,0.2200887961,0.352811636,0.03693783266,0.04695619167,0.8453347207,0.3112881587,0.9910307146,0.4940132693,0.5236547971,0.01421431663,0.6352288566,0.9036762839,0.7324907757,0.6927472219,0.1736675774,0.4137201908,0.1652544962,0.8389246302,0.2613619808,0.04529557297,0.7062522735,0.5181964441,0.01797270143,0.8255097565,0.4497917871,0.4284736967,0.003383547405,0.1797382237,0.1269479458,0.5545900252,0.2508601919,0.9654958724,0.2930312886,0.4723647281,0.2733080019,0.4406551481,0.3669811544,0.03430898045,0.7784261817,0.4862597476,0.006084115589,0.4285064909,0.8605115579,0.8249103919,0.5823297629,0.5633435924,0.7922099651,0.09364659078,0.9817404456,0.4490773776,0.1342997537,0.7762431417,0.9317211773,0.2088365857,0.7266537426,0.3612492309,0.549269294,0.7533329872,0.5200730512,0.7635826481,0.3005845142,0.1179131886,0.6164778105,0.1976899989,0.882633647,0.887056359,0.8865710489,0.7669639716,0.4904577377,0.4902369028,0.6161885798,0.7885148861,0.03401792953,0.834125792,0.5018231774,0.4002115041,0.4068000995,0.4140763838,0.009844219023,0.5309483431,0.3230895139,0.2943931975,0.09546004843,0.6994956783,0.2152053594,0.6287767113,0.275457373,0.3202459444,0.566803387,0.9477863841,0.3429922723,0.5576707949,0.5666907341,0.9070852918,0.8110567102,0.332362003,0.07748470819,0.2991367681,0.2506341805,0.8049180667,0.2617430159,0.7377803138,0.1656014175,0.06055697752,0.1168999496,0.8228482288,0.4701966963,0.7522780457,0.465096158,0.3343247589,0.6898411637,0.2341245279,0.7118139492,0.80475308,0.5817262453,0.8038547718,0.9963810474,0.3343257507,0.8649904707,0.05296939152,0.9377814987,0.3085983345,0.8562312902,0.2465629441,0.1382004023,0.5916242627,0.5517611112,0.9759787023,0.2298282273,0.6112647976,0.1454051314,0.2403256221,0.85505979,0.2844410756,0.5370473654,0.7813733165,0.4879719175,0.197897034,0.6730945574,0.1025746469,0.6268356814,0.6464053305,0.5741954453,0.1089574844,0.958655984,0.5996502442,0.2837516646,0.392311422,0.1806407313,0.2311050232,0.2066446556,0.5043524587,0.7491766608,0.7072736008,0.5805370918,0.3011432587,0.09336469012,0.2196660874,0.3699552869,0.1547058312,0.08190614287,0.7145089113,0.8958906033,0.9216038876,0.1621307893,0.7400921368,0.3855700555,0.9744507109,0.508879984,0.3780939005,0.3968901287,0.638132204,0.6419592799,0.987984798,0.924014068,0.7718150418,0.845220246,0.5383053128,0.1946587062,0.3521479422,0.2702858185,0.6859996652,0.0684870185,0.127887795,0.7587784962,0.7907165724,0.6842950009,0.9888461502,0.4727859692,0.7102643288,0.878831427,0.9320905798,0.977914599,0.02013176744,0.2107578217,0.791085109,0.1778813369,0.2606339003,0.1065927493,0.9944492814,0.921516865,0.1114058507,0.4314541449,0.6425938597,0.8313469384,0.3129317761,0.6704267901,0.1440303023,0.7067558292,0.4541035222,0.6508830839,0.3209741027,0.3747258884,0.9482586001,0.2540280726,0.1423857683,0.4578205009,0.5194832935,0.9626937544,0.5985502571,0.6768079845,0.5191705541,0.6236149422,0.9013017865,0.02636242009,0.02003778566,0.7278679155,0.5713618579,0.8471224102,0.9145986417,0.07997125243,0.4270813755,0.4508723934,0.4070528736,0.4381095521,0.9438072753,0.8799230262,0.696071705,0.2471382072,0.04086360932,0.9108626882,0.2364984633,0.4658598008,0.3792219707,0.4681034277,0.8908057005,0.8723037091,0.6617797519,0.386847284,0.3849865765,0.424799235,0.5898314301,0.3085569822,0.3839284332,0.5887635034,0.3079868879,0.1797507038,0.5825051079,0.3142654117,0.9999934942,0.6208158612,0.2814315338,9.691980263e-05,0.565935471,0.3327390049,0.9972336469,0.6223992761,0.2788323609,9.053403114e-05,0.4159745644,0.4983546617,9.701600181e-05,0.5456712411,0.358371012,0.9999779772,0.5665104647,0.364369837,9.692838251e-05,0.4874578939,0.4295269054,0.4992114402,0.6118297371,0.2772937878,9.710891681e-05,0.3916251432,0.5458753883,0.9999779933,0.5299154495,0.4420081795,8.69063566e-05,0.5951483456,0.2933204738,0.9999763048,0.4328006645,0.5387739011,0.8250713401,0.6313056434,0.2655256308,9.691428865e-05,0.4807257691,0.426791301,0.6963766722,0.5450380195,0.3493032291,9.720071609e-05,0.4015193666,0.5656413461,9.608064659e-05,0.5939665531,0.2913035434,0.2281580576,0.4518789731,0.4679477088,0.0001940685231,0.4144430038,0.6784763007,0.6742501849,0.5371736222,0.364831809,0.9999772645,0.443771115,0.5485976655,9.690142831e-05,0.5016599344,0.3808966548,0.9999782532,0.3532970211,0.8251993665,0.9029509666,0.519042665,0.4515214391,0.02260554081,0.4108803903,0.4940410953,0.6810498619,0.6298474309,0.2617731963,9.73078132e-05,0.4408747785,0.595665382,0.4315303919,0.6165301257,0.2680040977,0.425654998,0.4934916742,0.4391727012,0.9999780176,0.4790185682,0.6028706959,0.151447908,0.5361865034,0.326321721,0.5458921578,0.4197892192,0.505549223,0.8387442965,0.5383379909,0.3384929879,9.708875861e-05,0.4474897047,0.4150770104,9.07444388e-05,0.3874213222,0.7044478196,0.9844280139,0.5761148119,0.4350828527,0.3357770245,0.3561464269,0.5365157381,8.795804618e-05,0.6043690398,0.2789765643,0.9999781524,0.4098918487,0.7040220452,0.1938337632,0.5090763533,0.4892182755,0.593869353,0.4923626911,0.3775958585,0.06966228016,0.5273703977,0.5899150105,0.9999779995,0.5168606324,0.5120886687,9.98271761e-05,0.415231459,0.4383066456,0.671230583,0.6372031262,0.2538506028,0.03360989128,0.5067508115,0.3500099157,0.7394588058,0.427777063,0.4476450085,0.7440145118,0.3857673189,0.5831209568,0.3838935299,0.5978956018,0.410756877,0.9999780162,0.5675644331,0.6155607246,0.3430732022,0.381827756,0.4971358114,0.8334602489,0.6445623357,0.250927815,0.7398324471,0.5269797313,0.3270170094,0.1082006009,0.5231294467,0.5077857404,0.9999761487,0.3269001711,0.8501576632,9.700830299e-05,0.363314959,0.6191898843,0.6102782396,0.4302275817,0.4268991999,0.5724572325,0.3462178292,0.5356765119,9.702758495e-05,0.4457785892,0.3951961351,0.1358391393,0.3806054571,0.7230940286,0.6799542677,0.5398454,0.5009306858,0.9999779701,0.4019383149,0.6476305287,0.003731111775,0.3936702478,0.4611095957,0.1050805862,0.6112403982,0.2688012548,0.7533526274,0.4590364322,0.403415786,0.1245839752,0.5299437632,0.5651963799,0.1947482893,0.5781531101,0.4300451236,0.752033443,0.4069845159,0.475711042,0.3549868098,0.5207844287,0.3214601368,0.1674462458,0.3218079137,0.5526955034,0.6236086126,0.5070811174,0.5370032778,0.166496729,0.3992806562,0.4497625357,9.097556044e-05,0.5593751057,0.6316593414,0.656499312,0.4694112305,0.3816998928,0.2229546856,0.5348529096,0.4793922551,0.9999778164,0.3926916229,0.755987481,0.6490500702,0.3782681108,0.5809856954,0.7472922919,0.4094865667,0.4700252555,9.694443364e-05,0.4902747349,0.3500098608,0.7345482716,0.6357511355,0.393344832,0.04682290616,0.3566139091,0.5068108861,0.5239439264,0.5095767819,0.5335931948,0.3817859268,0.4288056678,0.4124692151,0.08926136201,0.3503883566,0.6353822263,0.6115906458,0.4301744873,0.4231281646,0.09353241761,0.5317770725,0.4717306219,0.962979736,0.5846801224,0.5937396613,0.7220039968,0.3677658352,0.5252325849,0.7010010759,0.6402334552,0.2468268759,0.6320671136,0.6338349279,0.2496141314,0.4816773912,0.5338625584,0.3077456802,0.04375527377,0.451230692,0.3839675787,0.73914038,0.5588485155,0.4783917147,0.5444449351,0.3861299813,0.5943491789,0.6849052681,0.5165000217,0.3294265977,0.461458278,0.4022941446,0.4632618187,9.73106169e-05,0.4915266015,0.5350045293)
