mCurrentIter=100
mCounterStuck=0
mYPrev=-25.23398062
mParameters.n_iterations=100
mParameters.n_inner_iterations=1000
mParameters.n_init_samples=100
mParameters.n_iter_relearn=1
mParameters.init_method=1
mParameters.surr_name=sGaussianProcessML
mParameters.sigma_s=1
mParameters.noise=1
mParameters.alpha=1
mParameters.beta=1
mParameters.sc_type=SC_MTL
mParameters.l_type=L_EMPIRICAL
mParameters.l_all=0
mParameters.epsilon=0
mParameters.force_jump=20
mParameters.kernel.name=kMaternARD5
mParameters.kernel.hp_mean=[1](1)
mParameters.kernel.hp_std=[1](10)
mParameters.mean.name=mConst
mParameters.mean.coef_mean=[1](1)
mParameters.mean.coef_std=[1](1000)
mParameters.crit_name=cEI
mParameters.crit_params=[0]()
mY=[200](-6.997360005,-33.61140858,-39.53187519,447.1441397,3535.015977,101.9688088,-2.544760731,-17.65413947,-30.50702523,27.33184169,-20.4064638,51.19923631,-40.06000859,-30.9341276,-27.54074626,-37.03241698,27.05034723,26.09901883,119.5114119,-37.33495217,-33.26217329,-9.049308913,256.9462843,139.9496757,-8.916201902,322.5008122,-13.08981615,1047.536902,15.41323294,2090.286749,-40.74223875,352.9266878,9.899611418,9.090917265,-3.566716534,-20.24382457,-18.72299293,18.10595331,59.3283125,-11.00783139,13.2541904,203.3186996,17.25220373,37.03733765,-12.82277695,13.57304637,-40.75216486,19.17349416,-30.76138861,-26.1169984,843.982462,33.59722358,2.144964187,1601.959656,316.1251324,5.823024702,12.44844052,48.81804397,-7.196289673,-18.13895082,44.49736279,13.32088066,1.374113864,7.886239288,-5.508306718,182.549446,35.92856599,-24.3202555,20.89573947,106.0747682,1.851585992,101.7474968,20.80854632,-23.77582834,-20.62225591,2206.179648,1387.98325,-23.92242401,-3.208971787,-36.44711776,44.02223316,20.81109961,52.02084755,-37.52868125,96.94603297,28.47749837,-2.835557565,605.9014338,48.83303401,-33.49842858,3909.342872,-24.66323871,5.01318066,-31.70927588,-22.85412477,3161.974104,-19.49621651,102.5109476,-7.712048234,-39.07876996,75.26020399,-38.12745,-35.47624167,-40.87930003,-36.15383176,-36.33259577,-40.89847404,-40.85938774,-33.125634,-30.47878718,-39.49684174,-32.56928772,-37.44474524,-43.1763217,-37.64508472,-42.80408213,82.28923114,-24.05704432,-31.4295535,-27.93924007,-40.86857101,-39.48902975,-45.51260585,-35.12269013,-46.89479094,-37.75870221,-39.63634846,-30.89683116,-35.66122114,-47.13747198,-19.18098578,-37.47906366,-22.37834683,-31.92401332,-43.26021417,-40.8047922,-30.51062536,-29.89221457,-46.60626781,-34.02980537,-42.2632457,-34.00223612,-46.19561467,-32.17120678,-40.68540594,-19.57414159,-45.75991873,-44.60088042,-40.07423292,-45.4365989,-40.7424785,-36.81013638,-39.05799135,-37.1051762,-35.36821384,-37.50557584,-43.39704088,-30.55241712,-48.67301947,-30.55139426,-44.19403407,-45.75835003,-35.54209872,-38.68009525,-38.9635628,-11.9788346,-41.42000465,-33.0586282,-35.80197185,-39.08013447,-42.32907316,-17.91522046,-20.49502767,-44.01294517,104.5753934,-45.04049645,-34.48304206,-46.60933168,-37.82574043,-38.76941687,-38.03856123,-32.60416733,-37.89992552,-43.18166458,-42.31963102,-44.86351216,-31.74388596,-42.90235621,-47.23450103,-47.92750337,-31.81710626,-30.26153989,-36.64889044,-35.95389379,-27.12826122,-36.01493126,-32.55728365,-42.84907456,-6.047857436,-25.23398062)
mX=[200,3](0.2033002783,0.5308203248,0.7720207715,0.7405830789,0.002866581345,0.6492290662,0.5202461386,0.4373579413,0.6158066198,0.790325574,0.1863269215,0.2158829317,0.4061927522,0.03176228205,0.02118452204,0.616011009,0.307227885,0.2757686119,0.5571777479,0.3382539931,0.8571105387,0.4654947958,0.7311550939,0.4384233372,0.1473624446,0.2740308503,0.6791217242,0.04030014174,0.8496031531,0.8156620682,0.1191207972,0.5414582109,0.6826532305,0.9073696627,0.9862811556,0.9238483846,0.6952038928,0.6103897745,0.2664917059,0.452541732,0.6940594854,0.4211743685,0.06673062487,0.06650771652,0.7305057554,0.9538210985,0.5627767071,0.5557298151,0.3579100024,0.3263676059,0.312584119,0.8097354736,0.9697581759,0.6290340517,0.6230983216,0.3157285816,0.2527218702,0.6599982845,0.4871883135,0.4046203653,0.006946999154,0.2412446298,0.5739626288,0.1520401276,0.6876916526,0.6521613613,0.6491035717,0.1084124733,0.2910284271,0.5644932123,0.2136360943,0.2881598899,0.3851085765,0.0915596944,0.8397929589,0.2811254026,0.4252072323,0.1390496122,0.7001143028,0.7982705176,0.5054214802,0.4391674856,0.3735471438,0.07170828895,0.2779019998,0.8560374137,0.726284753,0.8700126835,0.7891638178,0.01890319997,0.1363262555,0.4562530313,0.478073526,0.9813025209,0.6455396481,0.05279142009,0.911129884,0.9162492279,0.5888944334,0.2125816367,0.4655472147,0.8763392688,0.7373850133,0.8160832879,0.5417724064,0.8589197179,0.4727999772,0.3332731962,0.3068146654,0.0490052262,0.7844540866,0.2609048548,0.2806977839,0.9539416795,0.8981304982,0.4433657536,0.2264204432,0.2230217073,0.7465519164,0.5102973447,0.170629989,0.3534284597,0.3076001052,0.5303568084,0.8949984303,0.1154572955,0.7749055197,0.5586617817,0.9360262985,0.03608133698,0.9728690157,0.7180037212,0.5116268948,0.3835371873,0.7912602308,0.8650426167,0.5753673221,0.2083325239,0.5096855727,0.5117396788,0.467700817,0.3137750511,0.581021991,0.9179841285,0.6306591915,0.2297351914,0.69600016,0.8139404918,0.7154849727,0.4829811797,0.7610954074,0.9939836495,0.0607836184,0.4877915114,0.8353620128,0.889944113,0.3638294654,0.1543934852,0.8900594393,0.608852583,0.866255968,0.03012377895,0.9285423073,0.929963641,0.09532095971,0.08019149701,0.8856048668,0.3991506354,0.3924199594,0.0577035381,0.9430035437,0.2460223193,0.7024551586,0.1405249498,0.1641954114,0.1499310606,0.8426584599,0.7142921847,0.6306993513,0.6679891295,0.1875780167,0.767570483,0.9711245872,0.0571509734,0.1936167885,0.4151970491,0.4737125881,0.6790092921,0.1645137263,0.4957468179,0.8244182453,0.7047050821,0.8297882207,0.5088096827,0.8223767587,0.8864442052,0.3926832647,0.1780491847,0.3473472906,0.9440752352,0.386461843,0.4182064884,0.6565700997,0.4519992296,0.5952221805,0.9339663456,0.3478321317,0.1024479016,0.5226576868,0.180190373,0.8419070279,0.6699455021,0.80857689,0.7539803969,0.7746110101,0.08556627864,0.1292254754,0.8791718966,0.3661403188,0.7229564728,0.1396196078,0.7535030332,0.8326058174,0.1738890457,0.7679015461,0.016627014,0.01046707701,0.1079782921,0.02587787419,0.1641907878,0.1296330499,0.9431669512,0.3472283691,0.7405726071,0.4421760529,0.8092627503,0.3568722147,0.2515420848,0.4935803804,0.5352246752,0.1943073206,0.7534118197,0.988301258,0.07110593154,0.2919402699,0.9636296225,0.09884004716,0.951360033,0.9069183445,0.9618250659,0.6272618107,0.372271051,0.689163124,0.4184138992,0.1950603173,0.3234029277,0.3686125522,0.9978338552,0.2989241789,0.2346618367,0.8657083821,0.6757962379,0.2652423119,0.1554313129,0.9754095712,0.4059721856,0.23893331,0.231510401,0.08694418881,0.5928820213,0.9941097377,0.908879771,0.0005620608921,0.3733545181,0.6054332381,0.6350550034,0.9313883866,0.1107086548,0.4490717667,0.5894344909,0.593917807,0.5605249398,0.66508215,0.07098743409,0.5247423853,0.7861085674,0.02403067793,0.04908252601,0.544491299,0.1223792376,0.4933712387,0.3393300666,0.2020825672,0.3235572894,0.5738427873,0.7281552534,0.2407913518,0.4254763118,0.2580822267,0.6032135594,0.8818404559,0.9999835317,0.2011758149,1,0.2914795766,0.5944297473,0.9999781974,0.2966266225,0.6542740748,0.999976143,0.3107389078,0.5367643766,9.052676258e-05,0.4734620337,0.5780514831,9.05499253e-05,0.3536719424,0.5215722047,0.9999852611,0.3500178146,0.5970722043,0.9999853712,0.392428936,0.5062091474,9.96811871e-05,0.2460853551,0.6439281107,0.9999837421,0.3554289532,0.6927960821,0.9999851984,0.3105218759,0.5621995062,9.703178287e-05,0.4957500923,0.5915825329,0.9999782465,0.373974064,0.6316839552,0.9999852735,0.4480744463,0.4652395825,9.071564953e-05,0.3799994832,0.5137396173,0.999985246,0.399396882,0.5274460889,0.8653154216,0.9999832996,0.1967469264,9.706200536e-05,0.3446965956,0.7218030613,9.880100083e-05,0.310712917,0.6398767867,0.9998807715,0.4133998106,0.702996769,9.124700267e-05,0.4215594738,0.5528023622,0.9999781733,0.429593649,0.5938743298,0.9999848781,0.4681166367,0.4311236136,9.043137564e-05,0.4000972682,0.4692890051,0.9999781494,0.4422430901,0.4974521529,0.9999780392,0.3889907126,0.6426176461,0.9999844922,0.3349231002,0.5542156962,9.778881662e-05,0.4983546588,0.602776114,0.9999866109,0.4733217277,0.4221724033,0.9999845385,0.4600941161,0.4910051645,9.823023204e-05,0.3988078016,0.7420663991,9.056863108e-05,0.4305533722,0.4947712601,0.9993600943,0.4839788944,0.7318447146,0.9999779995,0.01157679431,0.5811835817,0.9999781465,0.4187227044,0.5442355401,0.9999781066,0.4218671964,0.61587272,9.631815251e-05,0.1702886183,0.6758817139,9.086575759e-05,0.2673647571,0.5501921095,0.9999837219,0.4497413476,0.4788347521,0.9999774223,0.3019172233,0.666798314,0.999954779,0.4591139422,0.5755350693,9.688255785e-05,0.3385586709,0.6264365909,0.9999780844,0.4275442039,0.5165703337,0.0001019034908,0.4458709941,0.4368298662,0.1995487451,0.4396231285,0.5376148488,9.726065694e-05,0.3730312812,0.701063353,0.99997002,0.5434128498,0.4480966351,0.9999766844,0.4800707778,0.3990921683,0.5635169871,0.4158440284,0.5824562103,0.9999837696,0.4022750243,0.4803130322,9.072940431e-05,0.4544325378,0.455495965,0.9999753036,0.4133981103,0.6426738683,0.3914147251,0.4239198369,0.5088258921,9.698536708e-05,0.4676358816,0.4017415004,0.9999782076,0.1412413786,0.6215426858,0.9999844469,0.557740102,0.4387349278,0.5893878825,0.3872683665,0.5738562862,9.720861324e-05,0.3987429326,0.6474556056,0.9999852332,0.495169946,0.395054511,0.9999979006,0.3808824679,0.6951335841,0.9999781156,0.393431728,0.4597893504,0.9991884593,0.4795955938,0.5234222958,9.71290617e-05,0.5022174753,0.4615463087,0.9999779391,0.4720893056,0.6060129351,0.5477025499,0.2404019844,0.5489638428,8.97368427e-05,0.3944045653,0.7823799885,0.4548415508,0.4116607385,0.4976751783,9.721810152e-05,0.4819974245,0.4007845661,0.2540676261,0.3627733564,0.6070271976,0.9999925524,0.6137359669,0.4348131351,0.9999781039,0.5144122743,0.3886023026,0.9999779966,0.4825235067,0.7561678129,9.725739641e-05,0.3913487565,0.7174886459,0.9999775486,0.4350431189,0.5620433826,0.1270869904,0.9999846335,0.1976478684,0.5566691932,0.3963133904,0.4470571841,0.9995862161,0.4639401505,0.6578565279,0.9999845584,0.4887469202,0.4992499252,0.2959839407,0.4803153881,0.5533520126,0.5020599443,0.3817944492,0.6176592743,0.3842269296,0.4620863773,0.4926889939,0.2933862328,0.4908197524,0.4276098541,0.9999780362,0.3219506675,0.531301035,0.9997317039,0.5385437461,0.4601847822,1,0.4477966769,0.5883033403,0.9999844284,0.5394398514,0.386185409,0.3522915072,0.3989931517,0.6666469296,0.4086598302,0.3183778751,0.5770021691,0.4484176224,0.478886305,0.5256003751,0.9999664189,0.4149709652,0.4342977986,0.007297887686,0.5105286521,0.3864404258,0.999977977,0.07316244268,0.6977526124,0.6260692177,0.1956532011,0.632555627,0.5475283505,0.3351336665,0.4746035576,0.9999780789,0.4135449458,0.7131472345,0.9999780363,0.4490847243,0.623580532,0.9999937481,0.6239011435,0.4197479751,0.9999780762,0.484923267,0.5318507445,0.000110689824,0.3936549664,0.8065422225,0.9998711061,0.709117781,0.308122795)
