mCurrentIter=100
mCounterStuck=1
mYPrev=-14.40365803
mParameters.n_iterations=100
mParameters.n_inner_iterations=1000
mParameters.n_init_samples=100
mParameters.n_iter_relearn=1
mParameters.init_method=1
mParameters.surr_name=sGaussianProcessML
mParameters.sigma_s=1
mParameters.noise=1
mParameters.alpha=1
mParameters.beta=1
mParameters.sc_type=SC_MTL
mParameters.l_type=L_EMPIRICAL
mParameters.l_all=0
mParameters.epsilon=0
mParameters.force_jump=20
mParameters.kernel.name=kMaternARD5
mParameters.kernel.hp_mean=[1](1)
mParameters.kernel.hp_std=[1](10)
mParameters.mean.name=mConst
mParameters.mean.coef_mean=[1](1)
mParameters.mean.coef_std=[1](1000)
mParameters.crit_name=cEI
mParameters.crit_params=[0]()
mY=[200](-1.032096096,76.11790347,-5.932768532,26.23847135,1033.701144,30.34617143,49.39691979,105.9592145,124.3525267,14.64531805,23.48462128,17.12647321,53.14103593,466.49735,1556.636596,17.37107012,16.19494779,57.43850446,525.5904472,28.10734748,1471.944601,46.82015855,46.35413948,16.8938876,-5.102025711,58.28768524,71.59095919,3.235513031,20.17832634,37.57768476,62.84756116,49.80706799,-3.486190476,-14.3134839,1781.525625,41.04825179,34.34074588,56.13825954,61.46686656,125.3379677,1395.248871,16.92028523,34.9065443,42.86501135,40.8483531,147.0278729,20.9045157,4.621856417,-2.062635573,128.1197175,21.21085032,212.3468554,19.34756622,2026.451912,936.7528858,23.87723526,52.11644945,3096.461074,19.780509,12.67424201,343.2233513,26.8073272,468.3616075,30.78073023,44.61895093,107.5135028,28.19928635,551.5766835,46.02057946,135.0136332,-0.7077751627,64.59024701,24.49059729,59.98662323,39.96573401,2982.927189,55.79678156,51.41529257,-6.69254913,130.4085575,68.86174463,632.9965981,-11.58263597,54.44201636,18.08273587,6.895308601,30.7605187,16.34226849,889.3912413,55.11245258,23.78208211,58.91379417,98.41388056,-1.428854336,3267.317344,86.98666094,-8.582983461,36.06194127,44.14410869,-4.013546858,-6.576457351,-7.163812506,-1.046474905,-24.77329704,-0.7672084788,-25.34769675,3.187030434,-17.03169902,-0.06021642883,0.2218988026,-18.94942216,0.3410098239,-17.33759125,-3.183674515,-12.77535457,-6.971465559,-22.01542125,-12.27376932,-1.775904701,-21.31973617,-0.1124373398,-17.09816188,-10.77214663,4.45971367,-13.77195318,-16.25554467,12.09424784,-10.03445163,-11.83835348,-18.25462768,9.323484772,-13.21302982,6.63981925,2.86067335,-9.785880639,-0.5866605095,-20.16440833,13.106737,-9.969750473,-21.1630082,3.554418992,0.8154855716,-7.92908688,-19.86920369,-27.08340282,0.654508938,-15.37413073,-14.59204333,-18.08162184,9.374542667,-23.28818655,-19.82872384,-13.20792481,-12.79494932,-16.94171736,-10.62238729,-18.99371185,-16.32679305,-6.857529654,-4.044661154,15.81299205,-23.36599507,35.58529101,13.92985304,-14.87224302,-12.16828084,-7.366345731,-18.64508968,-15.27723962,6.276279859,7.450880592,-11.85563742,-1.827644882,-16.89958657,-10.11850134,-13.60691272,-16.60822747,-14.65653119,-10.79111611,14.52616365,-16.976869,-6.990893047,-4.097216881,17.18102857,-5.31547101,-12.74948192,-14.66609676,-10.30778414,-7.263411304,-5.232022794,-8.695308055,6.497062627,-18.1283139,-23.36383521,-8.968330748,-17.94262638,-0.679465346,22.10840882,-13.99599569,-14.40365803)
mX=[200,3](0.6155160774,0.3261877846,0.5120729393,0.0886011093,0.1071690292,0.4819294414,0.6689184604,0.5728241404,0.5877206208,0.429825244,0.5929438864,0.833094544,0.05558850815,0.3324693696,0.111311144,0.6901263885,0.8213814822,0.208222915,0.009165626629,0.0714867144,0.5695255228,0.9939531353,0.2872577422,0.4678946028,0.4008707699,0.8912985314,0.1255227087,0.6539053525,0.3155186796,0.4778850605,0.1735225008,0.7318153099,0.1535369208,0.6298045931,0.7830311037,0.6195115676,0.550776483,0.3725784858,0.9935125504,0.4905801301,0.469064959,0.07416673295,0.1065718392,0.4319319562,0.01869985381,0.09492302067,0.1341954342,0.6492075674,0.3425530303,0.7731852489,0.4194858187,0.749719579,0.5173940525,0.1959036085,0.1215371379,0.0005774295377,0.3877555498,0.9451021834,0.6454300054,0.1890480013,0.8076514009,0.2412390957,0.1397611175,0.8462800936,0.811848789,0.8623115981,0.6316871436,0.02431525519,0.9324256867,0.8228536828,0.3438635303,0.6346769508,0.9155472812,0.5531041958,0.5224871669,0.1883746224,0.9729665906,0.3706765642,0.3516781909,0.8816170848,0.9558655752,0.06737378514,0.7056195089,0.5393135159,0.5354254794,0.671108052,0.7641224535,0.9279026012,0.1502801953,0.8405443189,0.9355597449,0.8384347106,0.1752440314,0.2339675751,0.01705248347,0.6774233475,0.3221789649,0.2979952932,0.6870872025,0.5679005862,0.6690966956,0.2313539068,0.8816896214,0.1804273957,0.1431709616,0.5937654876,0.5653960609,0.9179996886,0.3732563152,0.443782605,0.9007159282,0.4134897668,0.9909443616,0.4462303499,0.8562630273,0.2509800143,0.5441155541,0.872189053,0.5225625664,0.1691857989,0.2892011787,0.4904338889,0.02477180365,0.7943818664,0.3576212678,0.7583293755,0.04159259118,0.1129315563,0.8890403929,0.7202595167,0.9413521764,0.596397418,0.7109954917,0.9358144802,0.3061835405,0.1177837843,0.6252564624,0.09150685305,0.9591692938,0.3840179682,0.7199542722,0.9824122694,0.5027579164,0.5737935981,0.6831506179,0.6804123742,0.3946759488,0.02958817772,0.2154226285,0.332381617,0.734996219,0.2666591036,0.7209576932,0.3901861925,0.22917316,0.2945173955,0.3069926743,0.6068928147,0.7782098835,0.2222091558,0.1475828674,0.1007909622,0.4672158352,0.7552065381,0.03472891461,0.2402374781,0.1204294245,0.6615463042,0.2635692567,0.204822698,0.4276020726,0.5471833361,0.04624068485,0.04532703608,0.2192452742,0.796017164,0.6257544097,0.3369626333,0.7674935365,0.2800303867,0.8612319827,0.278807415,0.2755077518,0.2944870371,0.4026529476,0.8732067933,0.3856122672,0.06579077662,0.3605538495,0.1621434583,0.8023744544,0.7091216808,0.4554099687,0.879354482,0.7325951852,0.7086488633,0.09047623708,0.5539649458,0.1547478152,0.1695132923,0.8554317441,0.962375742,0.6961245679,0.05563152197,0.6493179088,0.861592694,0.8130454405,0.273457408,0.1938252733,0.3409383421,0.7670406761,0.4184045787,0.6066716261,0.9782701203,0.9169940206,0.9229921965,0.6023460969,0.4206311902,0.8270978355,0.4788898157,0.9529002453,0.8032377272,0.8153938783,0.6149662036,0.8955628513,0.1448625498,0.08362984078,0.06319153434,0.7899381265,0.7148596167,0.9679675742,0.4867307214,0.2324001282,0.9735781845,0.8992738507,0.5377437666,0.4983843922,0.5845001421,0.3615466757,0.253464736,0.9009838143,0.4751733227,0.2453990266,0.3164170443,0.4544538297,0.08386923869,0.01268280293,0.5446661573,0.3562537041,0.4311063023,0.9662279175,0.6503435112,0.7711028217,0.8457959773,0.4304210865,0.5001683677,0.7243890515,0.4579780423,0.194623212,0.05437755229,0.7991386353,0.1309493216,0.4873031875,0.789548724,0.5721376021,0.03270969064,0.319108431,0.8382691186,0.5814289058,0.9843546916,0.6711218752,0.6386803731,0.2222039038,0.3611858794,0.9233101966,0.2621348704,0.2595472326,0.9810092867,0.2137039198,0.4439841759,0.7411238159,0.4022278607,0.7591440982,0.9033720287,0.006153812257,0.5125326438,0.3056623785,0.3224007993,0.03446143994,0.6519248948,0.5066236493,0.524591426,0.8513360512,0.7493289498,0.0712000836,0.1764999737,0.9463675628,0.2047619939,0.3909322637,0.6936713426,0.295246039,0.6507240916,0.2898317069,0.3470692013,0.6531533846,0.2878616927,0.2969682643,0.6593851297,0.282948193,0.4568115315,0.5399215468,0.3641203891,0.6092402971,0.6505839159,0.2870379221,9.692984756e-05,0.4911668184,0.4147149267,0.9674889655,0.6454117455,0.3054339001,9.697901964e-05,0.4917226289,0.4182314346,9.312577845e-05,0.6862553358,0.2601635737,0.8470676338,0.5339441812,0.3723411146,9.673747589e-05,0.4481514257,0.5458197576,9.889672476e-05,0.6866968921,0.2590654336,9.69482672e-05,0.4806778887,0.4531338662,9.695941763e-05,0.5326529249,0.6400148576,8.803677341e-05,0.5780977027,0.3347754201,0.8362960869,0.521157331,0.3884139298,7.173237568e-05,0.4667336168,0.502169666,9.066809501e-05,0.4098635277,0.5888856959,8.801075417e-05,0.6921006,0.2542679164,2.297598467e-05,0.4905711821,0.4063051901,0.0004833432051,0.5692675729,0.6602804755,9.708210884e-05,0.4886981802,0.4755505476,9.760561755e-05,0.5950814704,0.3236424901,0.9999757655,0.6926592366,0.2724796308,0.7973662717,0.5120744203,0.4109209321,9.002754263e-05,0.3987807575,0.5739359445,0.9999779899,0.6074340443,0.6760203541,9.70052848e-05,0.5281527127,0.3630778942,9.678184808e-05,0.558774344,0.5449621811,9.691613794e-05,0.4618843099,0.4565187825,0.8453136448,0.693983351,0.2629424287,9.675473424e-05,0.366512087,0.6246609195,0.0119641437,0.6945225483,0.2464381179,0.8902335781,0.5974870489,0.3283238675,9.72718084e-05,0.5833761691,0.4560214929,9.706109761e-05,0.5929957015,0.5969821346,9.6951072e-05,0.4638415132,0.3966199073,0.0002361812594,0.3028967411,0.7755307238,0.8851476009,0.5461182733,0.4530002726,9.057662723e-05,0.4200048948,0.5196862307,9.686279778e-05,0.5182033238,0.6955611178,0.0001030522206,0.6938352381,0.245487583,9.696821888e-05,0.6418701953,0.3643849235,9.666889804e-05,0.4464583132,0.5067789649,0.4700497343,0.4703060405,0.3979099974,0.9902546906,0.6664976463,0.5425691694,9.686645222e-05,0.3408340183,0.6084615178,0.681369213,0.568239954,0.3275223828,9.726980172e-05,0.5943251569,0.4726790231,0.9999780239,0.6027838551,0.6645388729,0.0001050708431,0.4350837391,0.4287218571,0.7506044485,0.523571081,0.4500815846,9.698068192e-05,0.5408912687,0.5634866265,9.703492498e-05,0.5141073699,0.3574394021,0.0001037427357,0.3934030983,0.5423607137,9.692473133e-05,0.60507309,0.4292619473,0.6021524395,0.4664998229,0.4095284422,0.5176218115,0.5148180369,0.5028025872,9.687613914e-05,0.3685055369,0.6581823115,9.724947655e-05,0.6164587098,0.6011825411,0.9999761509,0.6984900214,0.2591296402,9.978311452e-05,0.4256196961,0.4600534066,0.999978041,0.3239748539,0.8523204109,0.06832402203,0.6921408129,0.2392566545,0.4910852685,0.5303578235,0.347542956,9.72889337e-05,0.5810355916,0.5045538227,0.589018198,0.471234819,0.5813992215,9.69963833e-05,0.4531962934,0.4038608215,0.7357927114,0.5777406653,0.4370717051,9.609880088e-05,0.2828813356,0.7547020021,9.707135784e-05,0.5677173635,0.7093055434,9.706806886e-05,0.3360732863,0.5878572452,9.702766765e-05,0.7127172768,0.3384899222,9.766375295e-05,0.4235872139,0.4843881062,0.377237979,0.5844097022,0.3021515764,9.701259005e-05,0.4774208391,0.3829789075,0.5696386427,0.4949333753,0.4727934956,9.72774946e-05,0.6057215303,0.4191768863,9.01134249e-05,0.4447234582,0.6358979974,0.9999789583,0.6987796374,0.2578986991,0.0001053335127,0.4933548239,0.5386071292,0.6615807447,0.4985604379,0.3806010787,0.6297615861,0.6811891711,0.5295328512,0.9999780431,0.5766320104,0.739453671,0.7115343843,0.5478546618,0.6154078491,9.69773409e-05,0.4240967286,0.4491469278,0.5227737816,0.4771800445,0.5269695581,9.790731213e-05,0.5996891263,0.448685175,0.8745482063,0.6468481263,0.3659024315,0.0001052761631,0.3157129813,0.6580390162,9.654997044e-05,0.5807160713,0.3032864996,9.706457977e-05,0.6468105135,0.6335909917,9.688575361e-05,0.3697131006,0.5536072021,0.5692701825,0.4882152232,0.44098652,9.724329612e-05,0.5490190925,0.5264146903,9.711955979e-05,0.5924503082,0.3973733777,0.742774549,0.4428521295,0.6435213315,9.654007725e-05,0.3165664551,0.826020976,0.2923761666,0.4881908856,0.3693159054,0.6549933302,0.5936867946,0.4663917374)
