mCurrentIter=100
mCounterStuck=0
mYPrev=-29.98674935
mParameters.n_iterations=100
mParameters.n_inner_iterations=1000
mParameters.n_init_samples=100
mParameters.n_iter_relearn=1
mParameters.init_method=1
mParameters.surr_name=sGaussianProcessML
mParameters.sigma_s=1
mParameters.noise=1
mParameters.alpha=1
mParameters.beta=1
mParameters.sc_type=SC_MTL
mParameters.l_type=L_EMPIRICAL
mParameters.l_all=0
mParameters.epsilon=0
mParameters.force_jump=20
mParameters.kernel.name=kMaternARD5
mParameters.kernel.hp_mean=[1](1)
mParameters.kernel.hp_std=[1](10)
mParameters.mean.name=mConst
mParameters.mean.coef_mean=[1](1)
mParameters.mean.coef_std=[1](1000)
mParameters.crit_name=cEI
mParameters.crit_params=[0]()
mY=[200](97.68782832,1233.830493,-38.80594077,25.97173262,31.40276366,-24.21507434,-26.4484404,-11.69904384,549.9233503,-31.18681248,-1.806165181,-10.20119728,-3.154209623,12.12498308,576.4856106,-30.55877313,-16.85832935,-1.90206556,-14.24804349,-38.62045021,32.64775442,198.2441109,2020.732432,10.26167666,33.96785458,54.51993947,0.9044870845,-31.47041378,21.61992419,-0.5348915933,-27.49262274,1457.920428,266.9653932,-47.46192137,179.4797192,23.06741147,-23.70522031,890.6180736,71.83053032,149.4859069,1671.089605,614.20149,25.19479348,-8.93464622,-39.1598558,-8.441534973,595.3863678,-41.57655158,-3.687139943,26.36835064,32.91642662,-29.10358869,9.480892992,3604.602382,4.172841356,-20.68436778,28.49451269,24.40340391,-27.85705607,-6.995195899,-36.43363183,28.97002811,-13.30052632,30.6930628,24.7278743,-38.25586806,-31.92121118,19.64197153,16.19520026,1.622896406,47.85950266,-17.96935419,33.94596815,987.7302451,1046.624394,56.58024176,44.24177581,0.9201193806,-10.59698351,1692.165323,111.7408705,4.124703883,-32.12444546,97.07560201,-23.91095776,-35.05037619,24.72420341,5.606604886,-35.11841888,102.8459881,494.3959004,-29.92977525,-20.45617508,-30.96247586,-35.01470402,-6.929576231,146.5841089,-35.49398837,-35.34660097,1456.151296,-36.70075468,-38.00442982,-35.32209402,5.398973673,-44.87451941,-35.92823024,-38.22964817,24.71008836,-40.31104905,-43.15373239,-43.64357434,-36.23590403,-33.38207746,-32.95727028,-2.326337247,-35.77863453,-42.21543573,-40.00527462,-43.0442581,-42.70584196,-27.55616552,-36.10256742,-42.43202582,-30.52646871,-42.99370537,-32.07364403,-43.08128082,-36.85729017,-41.91120751,-28.24390358,-38.31076569,-45.73502499,-39.51171758,-36.21147845,-34.95811061,-42.94595405,-43.84807187,-23.67830983,-32.42528579,-31.61037724,-41.03794568,-47.13987176,-23.72770924,-29.89711321,-36.75826363,-20.07940083,-48.49843601,-19.09625889,-38.68306624,-43.13961281,-45.49663797,-44.01951845,-35.84413618,-37.30706875,-43.60584611,-36.67474338,-33.76333197,-48.36954454,-46.40973,-30.11926765,-38.62184971,-5.186309272,-38.17008948,-40.47666506,-49.79287881,-37.2066583,-27.31239513,-25.51468468,-43.0911755,-22.14000736,-16.93291542,-47.1276656,-37.60044168,-30.18965369,-48.71708119,-36.88327821,-36.55158377,-30.6004906,-48.13355065,-44.01411982,-40.98390089,-42.22847397,-38.47312885,-48.27642928,-43.46656737,-18.3186405,-35.58964441,-44.13736586,-38.09585177,-42.22716123,-37.86986534,3.669615536,-40.86827694,-24.06882972,-44.54403535,-46.08424406,-45.12227929,-36.54587107,-40.93825505,-29.98674935)
mX=[200,3](0.495725144,0.9726963103,0.2071868326,0.2399704391,0.07316325045,0.1522842935,0.02808981401,0.5111329806,0.5103925757,0.1446584124,0.9116552907,0.573057133,0.28936324,0.8198968495,0.2118485733,0.6432440194,0.6449316978,0.3358915307,0.72977666,0.5928203616,0.2751448648,0.428258967,0.570576887,0.1652347934,0.4625983536,0.5686432078,0.0568111588,0.6227653287,0.6345812242,0.4306923106,0.1130763748,0.1575600407,0.8472857172,0.3729078136,0.4108328024,0.7832615153,0.1030393169,0.7561389915,0.4201396987,0.7686034858,0.8427661637,0.4197437518,0.7370950614,0.3230439775,0.1361684221,0.827653693,0.6085376372,0.5326795499,0.5841643384,0.6519443602,0.2455783645,0.6103940255,0.4668221956,0.2515280265,0.08538291072,0.3719108704,0.7534418857,0.2794744215,0.2757586725,0.5061809945,0.3067674936,0.3064841161,0.287855215,0.1200892368,0.05139429982,0.3168789786,0.2475648543,0.2075690998,0.0259348236,0.9982110281,0.4700784334,0.8873852957,0.1368421309,0.9672336596,0.3270525271,0.1887580226,0.9967206375,0.8507961377,0.7118088618,0.8024712446,0.4434254693,0.5218974436,0.385179083,0.6604452734,0.5556737897,0.09929290038,0.9601171107,0.2076530852,0.4282117873,0.8236152301,0.1625337393,0.2297014804,0.7030082593,0.09144524776,0.1817053793,0.09938154129,0.7401211218,0.2455692049,0.2204185748,0.8723002067,0.3940733679,0.4683405611,0.5457694808,0.1218320331,0.2969781064,0.3946484571,0.8608163241,0.730082448,0.6738423525,0.525023238,0.3076767556,0.5638134921,0.3591946983,0.07910491071,0.2652664364,0.9872088586,0.9971140273,0.8071434171,0.9057049502,0.1165171675,0.4709426401,0.3657901363,0.01789552509,0.336401434,0.4805315905,0.06587745229,0.3845407052,0.4967999621,0.9407335173,0.3141515018,0.7756985341,0.4070883473,0.4574362169,0.1390212485,0.5597995493,0.1971622376,0.6698203535,0.6389794226,0.7720505282,0.70831038,0.04250123369,0.5044788765,0.455671489,0.3666647622,0.4058483959,0.03225467334,0.8377608707,0.04530455589,0.6181480026,0.9094193594,0.05516438331,0.95385371,0.6006622905,0.8572976021,0.02918110953,0.6268619547,0.5707582688,0.711542402,0.7740352474,0.1768726121,0.5319588985,0.001293640123,0.8138506757,0.7612208839,0.6864603395,0.9190652077,0.176660539,0.4947947921,0.6550847669,0.6800241664,0.9209887122,0.3582508573,0.7949855789,0.8029192713,0.5900683662,0.6258628769,0.5465748504,0.1538974475,0.6704205031,0.6782353491,0.2958825158,0.4014858356,0.6155329033,0.6994654989,0.8922267924,0.7626904925,0.837532465,0.7818237166,0.3575463479,0.008897548169,0.8538342151,0.7963367597,0.7552722704,0.5524579139,0.9385644864,0.7054430623,0.4366906678,0.3400514655,0.5319909825,0.588569441,0.4883119786,0.3498170764,0.04287506229,0.9516406719,0.06415897871,0.8287291153,0.698024918,0.7878243812,0.7205439203,0.7170277899,0.6032996163,0.925980826,0.8964110608,0.9713668466,0.2872639352,0.7482602187,0.5172275918,0.730838124,0.9197926914,0.2525847636,0.3179841659,0.08349316403,0.9463553789,0.08288343485,0.1806769528,0.4846566055,0.879615058,0.9861160614,0.7936844203,0.9340816647,0.8603447985,0.4483178108,0.004679420711,0.4798229986,0.8656343079,0.7437476337,0.1990932623,0.9597067165,0.1179857166,0.1020511062,0.2179032766,0.9455761989,0.1472992822,0.2200114241,0.0687061534,0.8775108415,0.9339887263,0.3467304288,0.3951596157,0.07776566465,0.2579570021,0.2678250159,0.9835994689,0.5495810595,0.2371551239,0.03889565332,0.2135180894,0.5977633727,0.6374891075,0.1068024071,0.9741518169,0.6683705281,0.8393790413,0.4597113261,0.3665455479,0.1684443567,0.6503790768,0.01210905897,0.01502671347,0.3773964004,0.4366227413,0.2626290995,0.1757301304,0.9255581531,0.1416676111,0.5875375602,0.8922457135,0.4465791644,0.7285181144,0.8853631531,0.6954612564,0.3804327721,0.4125660314,0.1907778874,0.5219935505,0.9031071675,0.2340118096,0.8156837381,0.8499120419,0.8837790143,0.1267629837,0.9642848181,0.5070400654,0.5679856377,0.3249868482,0.2907102488,0.644001574,0.6867616924,0.3394126314,0.03078528524,9.680993966e-05,0.430046783,0.4468268322,0.9999780252,0.4149156191,0.5859438648,9.065377875e-05,0.404259061,0.5560472352,0.0001008476058,0.8104087646,0.2922132201,0.999978587,0.4137976653,0.4731929584,1,0.4162457786,0.5989036496,9.693850393e-05,0.4032214356,0.5470695222,0.9999952568,0.8950506318,0.2700803382,9.683912013e-05,0.4674257079,0.4178731003,0.999978232,0.4038658276,0.5171856756,0.9999844582,0.4535776946,0.4217854679,9.707148926e-05,0.4172237922,0.4798703469,0.0001021230551,0.6224308367,0.3399359437,0.9999780691,0.4113321217,0.6320555585,0.999969846,0.7787174233,0.2859131971,9.716359133e-05,0.4112184873,0.5830231777,0.9999781027,0.3966828472,0.5285067025,9.700214999e-05,0.507911382,0.3916835786,0.9999781232,0.4555257673,0.4220386735,9.694537686e-05,0.4204919175,0.4795271549,0.9999674991,0.6819277621,0.3147133548,9.709976375e-05,0.4108169958,0.5934485051,0.9999781586,0.3881856541,0.5385499759,0.9999782005,0.3720904147,0.6619087624,0.9999781379,0.434186051,0.4494439029,9.09691876e-05,0.5867338701,0.3515065993,9.770778814e-05,0.4197631006,0.5058371554,0.9999778177,0.5407814558,0.3710176062,9.702999342e-05,0.4475142307,0.4306254654,9.050799474e-05,0.3797855592,0.6737817866,0.9999602848,0.3751110968,0.5608056356,0.9999780945,0.4361627256,0.4774922419,9.778423827e-05,0.4008854467,0.552167106,0.9999766222,0.54101994,0.3711327159,0.9999780418,0.4500419024,0.6130233077,0.3126915779,0.4312352758,0.4466683029,0.9999781161,0.4344618648,0.502485358,8.166520119e-05,0.6641496907,0.3125614933,9.69295697e-05,0.4212792517,0.608854142,8.971967887e-05,0.4986213818,0.3962827804,0.3452956758,0.4164428974,0.5184683657,0.9999780164,0.4533723414,0.432604557,0.9999780023,0.1005484588,0.7096448649,0.9999839261,0.3860572344,0.6748827735,0.999978052,0.2992234955,0.569256047,9.689096161e-05,0.3584334401,0.7057393924,0.4022604317,0.4356594714,0.4739652378,0.9999876959,0.7612547571,0.2757045107,0.9999764306,0.5707537939,0.353566469,0.9999780858,0.469260573,0.4942231068,0.4556230637,0.4645021629,0.4156933777,0.0001047099938,0.2912629012,0.5546949076,0.9999781463,0.3220814181,0.5988870187,9.708946773e-05,0.4908113915,0.5024341864,0.5824165823,0.4078404309,0.5449189982,9.666342975e-05,0.5688691442,0.3535770462,9.87875066e-05,0.4011759695,0.6300384958,0.9999780759,0.4822939394,0.4126005578,0.413638036,0.4057703188,0.4563827442,0.9999780464,0.5288330169,0.6080041019,0.9999694955,0.328377811,0.5184155465,0.9999846097,0.4274377046,0.81588997,0.4536556964,0.4985879505,0.3951970136,0.37510185,0.4575228668,0.5492884805,0.5179768604,0.4550135221,0.4668098943,0.9999682797,0.622430309,0.3235582245,9.722936623e-05,0.1876715271,0.6070817436,0.999978176,0.383604693,0.6883271936,0.9999781433,0.5038865648,0.4690523164,9.703476909e-05,0.06642382803,0.730028265,9.670256203e-05,0.4051406784,0.7198583616,9.693527207e-05,0.3289017942,0.485226129,0.2894048316,0.5063167798,0.3896944886,0.9999781443,0.2306921191,0.6335404188,0.5395372198,0.3125763205,0.5439125848,0.0001030119787,0.5280684881,0.4782553048,0.9849170297,0.3429275196,0.4607634802,9.686972048e-05,0.4246603129,0.6285466107,0.9999844672,0.5238832869,0.3825439403,0.5174064201,0.3684422112,0.5325151105,0.9999779902,0.5318696084,0.5018657396,0.4236208723,0.4605788789,0.4350558199,0.3502451966,0.4793441987,0.5684268232,0.4383487678,0.3404997268,0.4998523005,0.9999781953,0.5062332607,0.4155345825,0.1720749226,0.6546690157,0.3012090773,0.9999780216,0.2618586305,0.5640495357,0.4282437308,0.4892262093,0.4566296117,0.5005423879,0.4815311739,0.5158265996,0.9999929221,0.5920791477,0.3350375765,0.2367585816,0.5365405592,0.3673472516,9.676318062e-05,0.4123409028,0.8421653002,0.4243856364,0.3080478556,0.584816969,0.9999781619,0.3474186133,0.7100262404,0.4730524426,0.3407122789,0.4569193584,0.9999781498,0.5116295553,0.4402751663,9.779445978e-05,0.2748829122,0.5310117638,0.99997588,0.3290359889,0.5073375471,0.2740247785,0.4808935937,0.4182413648,9.705465305e-05,0.2326424549,0.6521315984)
