mCurrentIter=100
mCounterStuck=0
mYPrev=-56.20982307
mParameters.n_iterations=100
mParameters.n_inner_iterations=1000
mParameters.n_init_samples=100
mParameters.n_iter_relearn=1
mParameters.init_method=1
mParameters.surr_name=sGaussianProcessML
mParameters.sigma_s=1
mParameters.noise=1
mParameters.alpha=1
mParameters.beta=1
mParameters.sc_type=SC_MTL
mParameters.l_type=L_EMPIRICAL
mParameters.l_all=0
mParameters.epsilon=0
mParameters.force_jump=20
mParameters.kernel.name=kMaternARD5
mParameters.kernel.hp_mean=[1](1)
mParameters.kernel.hp_std=[1](10)
mParameters.mean.name=mConst
mParameters.mean.coef_mean=[1](1)
mParameters.mean.coef_std=[1](1000)
mParameters.crit_name=cEI
mParameters.crit_params=[0]()
mY=[200](-43.95416016,-13.4551693,2126.397138,617.4109426,-40.02499664,-32.97854256,-20.40056784,-1.989775872,-48.70036993,-16.61806413,2.131008374,-31.01825217,4.996316854,-48.30356846,388.0899513,-55.14020366,2.460929036,-56.08904026,4.42894194,-33.60045741,-7.730096302,23.12087432,25.60041576,-53.76243327,18.00196055,-39.55640318,9.848742374,2479.525615,-36.19814667,15.22300678,-34.43424289,-40.40592865,1789.600298,8.826381581,3581.326169,-7.474716431,-20.12190224,324.5647472,-18.49782474,-29.10973032,-12.56986674,67.17402707,1459.026436,585.9226073,-13.53756733,48.17523915,-20.13659239,31.07845294,-24.98001814,2.364535402,5.122037094,-7.213012062,14.20678681,12.07075712,980.8965649,14.41793318,51.23658776,-8.421799404,-27.39803611,8.716775908,129.8420679,1093.661455,-8.004539572,-21.02798095,2477.364525,-11.91401486,1.997831961,-35.13135758,-7.854098163,-22.17957702,-19.04684936,-10.69632553,6.827581187,9.204617413,-51.99163549,-43.13410977,133.5659796,-31.60751907,896.7782038,13.77422323,1497.445781,-19.72132524,-2.990999011,45.67056718,15.07218414,16.02807467,-47.15950828,-14.26608348,1441.353136,307.706149,184.2096283,2504.990679,-6.095416422,-23.97579975,1569.836396,28.3640671,105.5226159,-44.86631357,6.886569035,-5.713380768,-50.50282617,-20.4717082,-3.44650914,-30.89656801,-37.11336739,-51.71549683,-53.62072142,-52.06975527,-44.23701114,-3.646804993,-31.43324389,-39.79612278,-44.41808973,-37.09210962,-51.97467315,-48.99964794,-23.39480748,-49.35189598,-52.28587529,-43.77355299,-51.61900118,-14.12203579,-55.68517742,-37.89541173,-49.72603577,-30.58352324,-44.93227947,-53.15939043,-49.02106982,-37.44451696,-7.537991854,-35.56214188,-59.36647893,-46.48635964,-53.99745496,-41.9556594,-53.29902802,-37.55211705,-52.33371191,-50.63518937,12.00564349,-48.51592215,-39.57470542,-36.92505399,-49.49648055,-33.96329353,-54.95280514,-52.9562474,-51.74186995,-25.66383509,-49.15248135,-46.82339139,-48.81574481,-54.74930974,-46.73607265,-46.12042285,-42.52226216,-56.84959014,-56.69476842,-47.75103047,-51.30026278,-52.93531826,-27.15573319,-41.22566856,-35.83015396,-51.21840327,-47.2588486,-53.30599334,-48.95630672,-57.61122942,-52.6622978,-45.57119417,-34.59414755,-51.2402367,-45.68266937,-48.38931567,-54.69317234,-51.22227541,-18.66364852,-53.68496445,-48.55114987,-39.19624232,-57.09360241,-59.95899457,-47.4247172,-50.03784008,-56.31337319,-36.19916127,-44.634027,-29.55840997,-53.27394994,-43.14701832,-37.34879055,-52.4161766,-49.38849423,-30.57476398,-51.59622895,-45.43850067,-46.1130199,-56.20982307)
mX=[200,3](0.08742572477,0.5100264269,0.2482911174,0.8404779837,0.2212766402,0.792412524,0.6533668817,0.04906677446,0.1145783465,0.4282242962,0.1192365994,0.2356076264,0.3210961374,0.2489344715,0.6322761401,0.2055222892,0.5934929364,0.2054161473,0.004024068553,0.2577517257,0.7808249433,0.3559352307,0.1990857732,0.879656003,0.597046611,0.5645426433,0.4977480488,0.04625309171,0.02257509928,0.7655846829,0.4056965644,0.447523857,0.1994423675,0.8896028222,0.7142509162,0.3486402235,0.1629110196,0.2344504472,0.9136720511,0.2782245626,0.5834241372,0.4492048813,0.3476848561,0.328504501,0.1518800556,0.4631606747,0.4093485589,0.4645008382,0.8623985107,0.469979752,0.8917106781,0.5285241555,0.5065033117,0.5425878513,0.569356363,0.5776219014,0.8871473118,0.2413220116,0.6888553027,0.3675587558,0.5711525549,0.8539778821,0.4524336866,0.6214847593,0.9591484939,0.4166015834,0.7367509322,0.217136514,0.4226057643,0.2528127003,0.3007671478,0.527163838,0.6847914839,0.9762488576,0.5793234012,0.4367562668,0.4916824646,0.2764234335,0.5108312708,0.03387318021,0.5569920142,0.5531435128,0.06857807472,0.08487286741,0.7798178901,0.640828252,0.2211053791,0.0134699451,0.3660694979,0.9572821021,0.9039728832,0.3342068053,0.5163151293,0.8053472802,0.6297029691,0.5638887467,0.159705517,0.2822114628,0.05395629348,0.7477585163,0.9386795007,0.3856569722,0.7673990359,0.5496689195,0.001496530152,0.9591355964,0.5594986055,0.1804901883,0.3891417493,0.675183841,0.6592113249,0.5320007443,0.1512581588,0.2803562298,0.6158028101,0.1357145353,0.6037658312,0.2332114589,0.4160062328,0.7149443925,0.1931029159,0.7420641625,0.6466904488,0.7831484557,0.7071358865,0.09427758479,0.8101332392,0.2927948883,0.06507687204,0.4838429576,0.07881088819,0.2657029538,0.3083208942,0.814611173,0.2530942126,0.2854708797,0.9891900437,0.9047903679,0.690583434,0.1619061936,0.6166944381,0.02296324122,0.7798854406,0.9418017341,0.6305778225,0.3406386772,0.7468568367,0.2120966624,0.6157432308,0.842754258,0.943319257,0.9041683059,0.372053596,0.1442862103,0.4809944211,0.8230817513,0.09730602786,0.0005571923545,0.9616241112,0.8536209039,0.8713621451,0.7061666329,0.6666839601,0.8958904103,0.04917108547,0.8955033077,0.7841588542,0.8677179389,0.7103457333,0.9631498435,0.990920006,0.7018803547,0.7932077826,0.6637237488,0.3107237866,0.3852177909,0.7376693556,0.368820236,0.8834683002,0.6806281645,0.06979403319,0.1263361916,0.3593716292,0.6755600994,0.7314916058,0.03008270388,0.4155509858,0.7651396636,0.6921352396,0.9960023843,0.4305721813,0.332775288,0.7255514007,0.084607407,0.07773564038,0.07218567463,0.4294146303,0.8049853162,0.4999222544,0.01453612251,0.5813994982,0.9316857768,0.6982263412,0.4893648114,0.8330429315,0.7288787139,0.7526316638,0.9733530274,0.7590870283,0.3043181959,0.2682408023,0.1739911109,0.7783798265,0.1243211099,0.146917321,0.8316225561,0.6027512462,0.09233663792,0.9224959784,0.7587943648,0.2644036041,0.935304315,0.392194432,0.6326741805,0.399670385,0.2214476569,0.5382640523,0.296601119,0.170568314,0.1888158392,0.3197178134,0.5049188286,0.6055349603,0.620775977,0.3741081415,0.200727506,0.1671810497,0.4772133057,0.8418106174,0.2149042086,0.05730836847,0.1095050608,0.1496487554,0.1169031971,0.3126198878,0.3226377409,0.5803161564,0.6504511017,0.816272227,0.0386909027,0.8682517318,0.9859672215,0.9112519294,0.9154041724,0.6742638547,0.7908335903,0.2773801591,0.9700455798,0.8214574975,0.3919463222,0.4754053084,0.9671121997,0.8022170434,0.5370836423,0.2962674808,0.3761120285,0.02492531213,0.4541578358,0.4753370585,0.1065319277,0.9216347652,0.6636750465,0.1230287073,0.8752569557,0.828257559,0.01247460241,0.447524834,0.45801975,0.8554829433,0.1350848311,0.5242786593,0.7264205698,0.9899144505,0.05311711404,0.1708466325,0.5495485117,0.9920171235,0.596814974,0.1083659239,0.9412180412,0.1366456184,0.3375477666,0.3565653161,0.4054173108,0.6406482055,0.9216814375,0.4305653514,0.1844594957,0.8369342449,0.5034777663,9.689869997e-05,0.4809251999,0.5749707079,9.717391808e-05,0.8171481598,0.2388952976,0.0001050073809,0.8015013489,0.2388671036,0.0001018181676,0.7237420534,0.2901937809,0.9999781425,0.4595318583,0.6147000783,0,0.4946874291,0.5471031268,9.695490371e-05,0.5803443737,0.3866280572,9.688240336e-05,0.5216787396,0.4734278403,9.764490544e-05,0.451834134,0.6128130416,7.908476529e-05,0.8021366585,0.2244416978,0.9999781082,0.4110411072,0.6652243262,0.9999774041,0.5554592727,0.414548339,9.056539058e-05,0.6603661834,0.3269089539,1,0.4715611934,0.5670005685,0,0.5073996711,0.5129076663,9.694513645e-05,0.5573597635,0.4175279117,8.87098591e-05,0.7190674866,0.2738231716,9.692303876e-05,0.4781263397,0.5870466584,0.9999759956,0.5536213907,0.4320772609,1,0.4748097576,0.5516086298,9.700488175e-05,0.5994864928,0.3627588775,0.9999761773,0.7947862226,0.2324687083,9.687534e-05,0.525695791,0.4760482665,9.693052775e-05,0.402454878,0.6583135382,0.9999779708,0.5814956777,0.3727144116,0.999974683,0.4285808106,0.6685965006,0.9999781413,0.5351877324,0.4805869608,9.688816529e-05,0.5559064223,0.4220326756,0,0.5097953961,0.5376967626,0.9999852997,0.4876410205,0.5927363957,0.9202905512,0.7878891718,0.2281027284,0.9300991892,0.7020145599,0.2789042113,9.703975653e-05,0.612281375,0.3480516257,0.8990942061,0.5656347276,0.3925185716,9.049739972e-05,0.5498763555,0.4441609636,9.698963387e-05,0.4717645701,0.6006639349,0.0002031376815,0.6164029239,0.342061412,0.9999780649,0.5073860258,0.5120812882,9.694287664e-05,0.4272993348,0.5126295582,9.699710119e-05,0.5611696206,0.4015329946,0.3754844929,0.7785053183,0.2140006465,0.7204976844,0.6391730957,0.323205701,9.696720115e-05,0.6043761977,0.5478355589,9.899224463e-05,0.3982621424,0.6666662002,0.9630079913,0.5632527066,0.4394117352,0.9999779566,0.495516971,0.6080151912,0.6303974413,0.5747054348,0.3706302161,9.692421043e-05,0.5670188819,0.4660061683,8.983404628e-05,0.3670316924,0.5617777247,0.9999781597,0.4305384661,0.7100868377,9.728983721e-05,0.5695883991,0.3848084618,7.696716587e-06,0.642408707,0.3204463731,0.7639626705,0.5592799611,0.450718239,9.707975452e-05,0.4050365432,0.4933545208,0.8363398612,0.4318252538,0.5442261129,9.709995064e-05,0.5975560677,0.5064242925,9.687898841e-05,0.4790675384,0.6230912294,0.7503460595,0.5797079903,0.370673566,9.702224323e-05,0.5587850292,0.4255860861,0.7744342681,0.5315840239,0.5028229027,0.6566056065,0.5622265434,0.4132175781,0.4996707636,0.4095885256,0.5711187268,0.001492597104,0.6536127421,0.3138627573,0.0001698156156,0.5934835636,0.5764196114,0.9999779561,0.5071024415,0.6359887939,0.8865120183,0.6315271369,0.3252748866,9.698056743e-05,0.3536787046,0.551798562,0.5164361756,0.5628807749,0.381464824,0.5308934952,0.5665539336,0.4614936343,0.0001053811564,0.4003668043,0.4724238138,0.6131553423,0.5308382529,0.5236181101,9.703727506e-05,0.6084031922,0.4290430317,9.092254829e-05,0.4428023728,0.6782957588,0.0004570417387,0.558577045,0.3707828681,9.729194631e-05,0.5870557094,0.5048269005,0.6223225431,0.3947048455,0.5765816457,0.8218628709,0.561370728,0.4182101244,0.6562740904,0.427009916,0.5029774141,0.9999774627,0.4646815347,0.76783808,0.7084539656,0.6051783171,0.3415990626,9.707241623e-05,0.3705965263,0.6005165705,0.5224203925,0.5951999451,0.5802199359,9.70180397e-05,0.4582265488,0.4411405683,0.5310393658,0.5505513392,0.3883685363,0.7234759577,0.5619558443,0.4589226712,9.708405377e-05,0.3659763429,0.5228059054,9.068229939e-05,0.568492033,0.3688258376,0.6550764526,0.6948466271,0.2503030665,0.7747145932,0.3849565754,0.5568868071,0.5857625885,0.6747274195,0.2701029441,0.5310040201,0.5540229229,0.409319337,9.701905985e-05,0.6021257594,0.4721256189,9.709043384e-05,0.500120198,0.6416080698,0.6147863392,0.589716242,0.3523059651,0.4601018567,0.5580143465,0.5297791604,0.9999837488,0.4973890683,0.6824735935,0.494608901,0.4596279941,0.4542760061,9.022250422e-05,0.6360285367,0.4061496433,0.642662245,0.3941773652,0.6012745984,9.722259894e-05,0.3884348512,0.5437343292)
