mCurrentIter=100
mCounterStuck=0
mYPrev=-40.33091646
mParameters.n_iterations=100
mParameters.n_inner_iterations=1000
mParameters.n_init_samples=100
mParameters.n_iter_relearn=1
mParameters.init_method=1
mParameters.surr_name=sGaussianProcessML
mParameters.sigma_s=1
mParameters.noise=1
mParameters.alpha=1
mParameters.beta=1
mParameters.sc_type=SC_MTL
mParameters.l_type=L_EMPIRICAL
mParameters.l_all=0
mParameters.epsilon=0
mParameters.force_jump=20
mParameters.kernel.name=kMaternARD5
mParameters.kernel.hp_mean=[1](1)
mParameters.kernel.hp_std=[1](10)
mParameters.mean.name=mConst
mParameters.mean.coef_mean=[1](1)
mParameters.mean.coef_std=[1](1000)
mParameters.crit_name=cEI
mParameters.crit_params=[0]()
mY=[200](-23.77593315,51.96446219,-45.50889813,-6.950060693,1714.855692,24.1061122,-29.70693391,3598.616662,11.22619085,-36.48082416,-11.13054385,-39.14133122,-23.14759025,-27.3727401,-38.52941,-22.20654838,-16.41997936,1615.65458,125.2939906,-1.619814481,-17.97768279,-28.87237753,-17.05620332,76.56032949,-39.02356645,886.1850892,-3.338945607,45.8560211,-37.9924516,-17.67440405,-12.89511675,27.50935757,-9.685565918,-35.27769366,-39.80575558,59.98089075,23.82081026,425.7633797,2458.194275,-3.945450234,-22.28800616,159.1421355,-32.15753018,-13.44145104,-43.81292589,-29.40150436,591.5537089,-15.19584657,73.42620741,-9.075558944,141.0231625,0.06743317897,110.7622973,345.8786894,-17.98482052,14.48646697,230.0594164,41.95474789,52.35159666,-17.11883986,-30.33884394,5.157103089,-7.329564048,40.01725602,22.00542023,110.878991,1073.552519,-33.37902442,-8.435937194,2585.17171,26.07518809,-3.212169674,4.476573347,17.21780884,-25.4711265,35.49490829,-46.60118563,5.198811515,163.5421052,178.93396,31.222886,-38.22901722,36.4870904,596.9325578,-2.800231673,-1.413167725,3462.977051,-0.02421695752,-14.55243764,32.77602508,566.3409532,101.9997642,34.36117614,3225.52742,26.28648986,26.66500542,53.00151262,30.40806277,24.40664296,-20.22343039,-8.086162442,-33.33108291,-40.67350809,-7.106139413,-35.08694951,-47.47982974,-29.46778409,-23.1514816,-41.33668804,-43.35179434,-42.53899248,-20.39041582,-32.12546715,-45.21744732,-36.74129834,-40.99686424,-35.9372432,-34.58629077,-24.73134477,-13.80986771,-42.38202848,-25.60129546,-41.91692605,-35.42459883,-32.70381434,-34.12547006,-44.53783179,-45.38783157,-35.69564774,-29.26870272,-37.13434864,-25.95548646,-36.24762039,-35.85971774,-49.90095614,-31.44325753,-39.68717148,-32.88404916,-39.13501769,-26.32644278,-46.61631924,-37.16182373,-37.67276974,-30.04512311,-34.99467663,-39.44462473,-25.44376843,-39.30725257,-30.5414784,-49.14081367,-24.62036224,-2.720803373,-43.81684365,-2.521111008,-22.61134561,-37.02336559,-18.0908365,-42.50129827,-41.03791929,-47.72072842,-46.50044898,-32.83902169,-42.46219079,-35.98446697,-45.1080586,-21.20143482,-30.47917898,-31.58038931,-39.82134417,-31.87521139,-44.26476874,-22.80377701,-46.96479583,-41.35127924,-47.09175561,-13.45446164,-36.6293643,-37.45130133,-44.51943189,-43.26247673,-23.80979265,-15.27222787,-38.27334712,-37.45695401,-38.41079371,-48.02339877,-38.13933929,-8.962097286,-46.13396883,-47.48932769,-20.40920114,-44.27239287,-19.46085176,-50.60617687,-27.84773629,-34.19395759,-43.60890535,-41.07525819,-46.60551564,-40.33091646)
mX=[200,3](0.2455929025,0.2767868905,0.7200329002,0.6186465606,0.3145793522,0.2669154892,0.5386598741,0.3735056856,0.5680195189,0.3202950146,0.775163364,0.2222565152,0.9118881257,0.1522592946,0.1256449698,0.5261086317,0.9094526736,0.3779937707,0.3629157299,0.5273814539,0.6040583625,0.6050119748,0.05545573616,0.001134270567,0.9069977625,0.8456932956,0.7067798262,0.4297694366,0.2913356793,0.4172539492,0.0738024094,0.7844237465,0.4663264101,0.5817820796,0.3618332149,0.6259286728,0.6348754907,0.711858622,0.3065025678,0.1046858686,0.2675924407,0.7109770442,0.9411390585,0.4493871738,0.5950279895,0.5430111156,0.7374091141,0.4244806817,0.3575313293,0.2208728244,0.408910678,0.2539876195,0.3336886524,0.03573092629,0.2735744606,0.04409482722,0.3811873178,0.06103357204,0.8034892913,0.4468603938,0.5948586398,0.4938619941,0.2482235488,0.4855827827,0.1497129764,0.6430601863,0.8877860699,0.7676623415,0.4398936936,0.3789575926,0.8867614541,0.1685555572,0.2288507655,0.2168431702,0.5243799104,0.8994030433,0.3968985417,0.05720167606,0.7591132334,0.8312587411,0.2842579285,0.1851232917,0.943316198,0.8673442936,0.4375081849,0.5356387928,0.5506176916,0.8759242678,0.1372767583,0.742063635,0.1474275407,0.4146317809,0.7642495975,0.6646723545,0.08456354158,0.9923945138,0.4507989107,0.06059615387,0.799774337,0.8084133733,0.382510938,0.6329401417,0.1510017706,0.3573047812,0.3918887229,0.4013701365,0.9810512472,0.9351886755,0.1654998498,0.5524606164,0.9230287637,0.3820637365,0.5160169471,0.06937744235,0.7714575802,0.01920268882,0.1164211178,0.5024028148,0.4705007805,0.814357387,0.12785815,0.5916433178,0.5828774565,0.6788534715,0.4838810166,0.1326696303,0.05552324729,0.4058082359,0.6598422875,0.812388454,0.3201738969,0.7784338836,0.763004806,0.4612809819,0.4501058144,0.2087754066,0.2412002029,0.6942913848,0.7885573736,0.09544210171,0.2396324595,0.7194627003,0.4336630892,0.2540291695,0.6953239164,0.8139916958,0.1423612367,0.7033347727,0.5083717207,0.7850662002,0.5563896962,0.1254589212,0.3233015963,0.08442055041,0.7493445195,0.6696683339,0.4744215323,0.1019688549,0.35588912,0.3068157251,0.2848482282,0.1828615487,0.6828504903,0.2577410385,0.7573859597,0.4473024462,0.6861066391,0.8357814,0.4692451109,0.1107147385,0.2942935809,0.5176902703,0.8746680382,0.89288677,0.6206568333,0.9759755478,0.9081055412,0.01259985054,0.6727797916,0.5740710669,0.935505503,0.6304906825,0.3165296072,0.8294621725,0.8510496729,0.5075189099,0.1756199032,0.5820660475,0.7370194972,0.3437521286,0.8262007903,0.9197664367,0.8325442362,0.570325935,0.9401408926,0.7230313309,0.6289902484,0.1025074498,0.1380170621,0.0248611655,0.2158709981,0.9633133149,0.6106715738,0.2710578144,0.03213052565,0.6524518539,0.6852612972,0.2376741517,0.1776699131,0.04008030861,0.1195011248,0.4201685089,0.959471108,0.9731806662,0.5651241675,0.8059178043,0.2196093532,0.307627338,0.8758254277,0.09508995246,0.8657365231,0.6758774653,0.6533034064,0.1870656999,0.4881066188,0.7995039589,0.2065136965,0.362181996,0.6441349105,0.3452397731,0.477528605,0.9865224609,0.1616363308,0.8846108552,0.849809683,0.6089539355,0.08540007877,0.04058471595,0.07754119903,0.3345970389,0.1935307761,0.4575527039,0.9757343936,0.3100366873,0.5449744685,0.5112060619,0.8677242349,0.9226060708,0.8251001994,0.4157517919,0.9639808257,0.07790096476,0.7360744453,0.0003786880989,0.8406143501,0.3373347899,0.7978785927,0.616415179,0.994602625,0.0336259076,0.02074222381,0.4933446989,0.2332479056,0.8545213518,0.5701844216,0.7571006375,0.348666523,0.391683062,0.9980849558,0.537697948,0.8587313991,0.1911216707,0.1988518388,0.749750826,0.6976879899,0.09465601321,0.9590231909,0.7274916843,0.9640644941,0.2957411254,0.9331758068,0.01094013947,0.2634103857,0.9515163919,0.4933534824,0.02257793591,0.6699921901,0.1767418807,0.9299414988,0.9109003043,0.9891237915,0.5607567125,0.899648134,0.2078133958,0.008584653374,0.6443741621,0.1536349762,0.2821544795,0.7059928897,0.5444608125,0.9496328468,0.6456162033,0.2389551229,0.03727487132,0.5317396888,0.3254578908,0.5424512119,0.4905571799,0.3547814039,0.07394276918,0.6222127195,0.2575098124,0.9999779737,0.4732905343,0.3725465957,9.715593193e-05,0.4867994814,0.414706289,0.1632334672,0.6258833632,0.2533134278,0.9999861931,0.644404215,0.2330904983,0.0001109873606,0.448220967,0.4667547887,0.6742258527,0.4835485046,0.3428453684,0.9999780762,0.5041270108,0.4607442165,9.047302073e-05,0.6108063149,0.2707193346,0.9999779881,0.4251806299,0.3881482433,9.698540529e-05,0.3851250449,0.5129227584,9.719230117e-05,0.4643145639,0.3647465222,0.999977384,0.4072601906,0.5054059057,9.710694697e-05,0.5587462562,0.4369114752,0.9999780445,0.5877115996,0.5013563315,0.9999692017,0.5196383995,0.6731198981,0.9999790581,0.6471334563,0.2299526183,9.715456569e-05,0.3757249266,0.5462284038,0.9999670663,0.646403727,0.2314127749,9.710778088e-05,0.3835103518,0.4318715888,0.9619314477,0.5336334771,0.3142369003,0.9999779878,0.378827198,0.4353327008,9.688673285e-05,0.5475962841,0.3150626482,0.6677925934,0.5757427656,0.4134616336,9.729201613e-05,0.4545948581,0.5045201641,0.9999780292,0.3491565253,0.547606895,0.9999783563,0.6025718437,0.594403996,0.3409800331,0.4095079857,0.3674561902,0.9999780422,0.4117648125,0.6910933523,9.782346343e-05,0.3838068049,0.5983056935,0.4741786381,0.567966044,0.4747749085,0.321696205,0.3645598141,0.4603424898,0.664073471,0.5307794571,0.2969664576,0.9999776357,0.4625813042,0.5284987035,9.701340995e-05,0.6072183938,0.3802811967,0.9093128094,0.3930589994,0.3988121992,9.72672917e-05,0.4747213681,0.6562200389,9.707199408e-05,0.3571574874,0.4733619769,9.709079915e-05,0.5717038013,0.4935868869,0.9999779972,0.584468106,0.4021587479,0.9999779893,0.2905723554,0.5995064161,0.0643227541,0.4065237586,0.3706892596,0.8567291818,0.3695404664,0.4852612404,0.9999781598,0.5825521731,0.6536115644,9.730505828e-05,0.4216377485,0.5660411967,0.9999780005,0.6258326746,0.5290309823,0.47134326,0.4612645385,0.4401238366,0.9999780767,0.36746685,0.6995434921,0.9999781312,0.3552274831,0.8371960435,0.604814442,0.4489373114,0.5395297345,0.9999779786,0.6525846751,0.2256210812,0.7183122193,0.6185478069,0.2343667221,0.711098833,0.4442382052,0.3443664396,0.1351446682,0.6518584923,0.2465695747,0.4053280521,0.5677712365,0.4347488595,9.710308476e-05,0.3019997824,0.5908411797,0.2457354973,0.365190552,0.4385947891,0.5692577876,0.3601542039,0.5166267164,0.09899809659,0.4769017868,0.6098440443,0.3857382703,0.482095185,0.504692824,0.3918240217,0.6115430069,0.3535181584,0.7969162589,0.3811423696,0.4128800439,9.703421624e-05,0.4316814443,0.7037526122,0.9999728163,0.3236905783,0.6410383382,0.1260515722,0.4216089883,0.3553133633,0.9163367304,0.4784572841,0.5743676233,0.06160860169,0.6103853615,0.4874136044,0.1055460821,0.3330792287,0.4958251975,0.999981846,0.6584279303,0.2246736709,0.6035286933,0.4651800952,0.4412036748,0.999974589,0.5382781732,0.3131594217,0.6340220813,0.3327325819,0.5491922593,0.9999780209,0.6115907268,0.7173718817,0.9999780012,0.6029670608,0.4488418709,0.8995540273,0.3450741702,0.4558371224,0.3838305151,0.467901222,0.5401228063,0.04932012852,0.389342269,0.4149722392,0.9999855283,0.6725541597,0.57084945,0.3890569847,0.6443805753,0.2362160508,0.5432642429,0.5750572769,0.3822147395,0.5945148513,0.456707379,0.6224323393,0.7955278149,0.4062929649,0.3635785154,0.5349466536,0.4526197618,0.4850421188,0.1055975735,0.3113225481,0.6185050596,9.694424495e-05,0.2902277001,0.7979592715,0.4281677483,0.4356671245,0.5371913726,0.3489904584,0.47086878,0.4253209352,0.9999780376,0.3527855269,0.7191042967,0.08424317108,0.3324738522,0.4650457714,0.07765414492,0.5327453226,0.3007540055,0.6292578697,0.4592383103,0.4804550249,0.2636713221,0.5307484565,0.6314560893,0.6006447086,0.6401046805,0.4961392043,0.5027540359,0.3020046383,0.5549421147,0.9999780841,0.6150257087,0.3622105001,0.401258049,0.4893989495,0.4133695468,0.8615976266,0.4220448784,0.5740722519)
