mCurrentIter=100
mCounterStuck=0
mYPrev=-19.817035
mParameters.n_iterations=100
mParameters.n_inner_iterations=1000
mParameters.n_init_samples=100
mParameters.n_iter_relearn=1
mParameters.init_method=1
mParameters.surr_name=sGaussianProcessML
mParameters.sigma_s=1
mParameters.noise=1
mParameters.alpha=1
mParameters.beta=1
mParameters.sc_type=SC_MTL
mParameters.l_type=L_EMPIRICAL
mParameters.l_all=0
mParameters.epsilon=0
mParameters.force_jump=20
mParameters.kernel.name=kMaternARD5
mParameters.kernel.hp_mean=[1](1)
mParameters.kernel.hp_std=[1](10)
mParameters.mean.name=mConst
mParameters.mean.coef_mean=[1](1)
mParameters.mean.coef_std=[1](1000)
mParameters.crit_name=cEI
mParameters.crit_params=[0]()
mY=[200](-2.004208203,-2.347899233,-48.69933637,-41.94097509,64.73399666,-29.88069159,28.91495087,4.858620099,345.8373676,-16.55148411,-62.67317585,-44.93169001,1.08773082,-60.65530587,-11.76718335,2713.741081,-46.06078872,1782.995052,-26.16342701,-22.60207878,-54.08494385,15.68120048,18.23370921,-44.42943544,-40.47398688,-28.97603526,112.1560391,11.11304472,-53.91434083,21.93267532,-4.290508125,-33.73142936,-7.535875925,19.67079503,1.469587902,750.3883406,19.00170328,-68.06011394,-56.32966059,-46.4444767,-40.91501455,-57.57364942,1.893152059,22.98870815,384.2784254,-22.13000636,-62.1781027,879.8870447,-57.20283456,1629.892021,27.1761781,83.88706481,-21.60937908,-37.55011824,22.31790872,5.821500441,590.2865777,92.18276576,25.14844041,-38.87206648,0.8634425774,55.4206523,-13.50446232,907.6238145,-14.15620652,-39.23376892,-13.10720973,-12.37465829,802.1887353,-14.25360112,-66.46721279,-9.594967303,10.39578984,1.268541471,-7.419933487,-11.75660445,-26.49758273,3484.48551,2445.572965,11.18947376,24.58417093,1698.472997,9.157306643,-39.13207074,-54.58837139,63.83847447,938.436918,56.36120256,7.812389075,1008.769394,-53.43221712,14.87029428,-10.98649656,351.2072653,-6.582283238,6.307550546,37.12691075,-19.01636614,-30.59898629,-11.27994786,-59.72317182,-28.9977055,-44.79738522,-51.60479708,-45.3905973,-35.03099645,-65.8743458,-59.4281153,-32.66347711,-47.45364703,-33.29800594,-61.48300586,-52.54345254,-47.09740836,-68.36508672,-53.05354188,-49.1585449,-67.32570351,-53.55275417,-27.97449965,-28.22263413,-64.30167201,-27.64120961,-47.68896547,-57.57119685,-49.65254853,-42.78234305,-28.36151767,-32.75478878,-36.34329324,-53.21016998,-64.98952068,-57.38490427,-41.16677872,-49.47222197,-26.83709312,-64.9548114,-69.85607746,-39.706023,-57.95786622,-35.54091739,-56.58213338,-43.92701309,-6.411633171,-46.03294232,-64.63471076,-48.29290547,-66.53549987,-45.60653013,-26.48077466,-67.62656801,-58.19301301,-54.58787566,-55.88623143,-49.34828036,-28.74920277,-50.62340663,-64.18015265,-64.13671505,-38.64032082,-60.66557806,-31.69355072,-62.03970159,-44.78547126,-61.00043507,-55.76916541,-58.05346807,-61.43515699,-37.12197219,-67.23914211,-69.60346167,-35.34718097,-53.1852313,-60.64847574,-19.80355762,-52.74625767,-60.40609127,-61.53412393,-26.55338427,-61.06923922,-50.94405071,-61.56626661,-53.7561082,-61.43013333,-68.75226453,-52.76449816,-16.6227517,-44.00887311,-61.44970458,-20.59443053,-70.27994672,-38.91712009,-71.67904353,-59.65363393,-26.78656312,-60.59196165,-57.03338385,-64.48859806,-59.69745795,-19.817035)
mX=[200,3](0.2887311812,0.4096326353,0.8796433836,0.6265618892,0.750783259,0.7518169279,0.1760212022,0.603382041,0.3484322939,0.3560861197,0.7118134495,0.2199327466,0.1394511594,0.5531704277,0.09261911435,0.09900179604,0.1258180147,0.7225778836,0.05198869565,0.866211608,0.8593246821,0.493551565,0.2953642726,0.9203853802,0.325261672,0.4162209083,0.08988181323,0.9183912862,0.2786455435,0.4962693359,0.1195416623,0.3273088599,0.4320940267,0.384937193,0.6586442289,0.4533472448,0.3027093059,0.88062209,0.5226751888,0.5763277438,0.4631760222,0.3855067969,0.6097775637,0.827545637,0.5321383312,0.7297191852,0.9781543521,0.0177752228,0.1026645526,0.4279882552,0.2795752014,0.928959429,0.1128294694,0.1282833757,0.0285110916,0.5692718225,0.2069855753,0.4616855936,0.2450846073,0.7760156681,0.5337584197,0.588988336,0.3991536726,0.6756178808,0.4585862169,0.9582385619,0.8050680374,0.1091401183,0.5165504697,0.06391014215,0.627463493,0.4679841568,0.4434952919,0.6826182264,0.4858648883,0.04454399909,0.5472811009,0.1670363806,0.9675023094,0.2561445552,0.3212077428,0.4161960554,0.1839916778,0.3673965688,0.6341631946,0.4303575766,0.5683729195,0.9997425949,0.6336379097,0.9638308512,0.4519840326,0.1450417419,0.8616960801,0.4255988167,0.1584044479,0.5949589724,0.8260175961,0.02816678638,0.8210387594,0.1532323445,0.8057653041,0.1453816345,0.1827925371,0.8723854606,0.5821339558,0.7483101448,0.5365310353,0.03221563303,0.2233943577,0.9024231433,0.7005241142,0.2305158137,0.3751099049,0.4484362626,0.163870201,0.3631091828,0.5541483495,0.340604343,0.3084961016,0.6556970558,0.191282895,0.5264163598,0.619938592,0.546117157,0.5766730101,0.3751421128,0.01342043782,0.2629142466,0.9051768365,0.7785566251,0.03442961695,0.9986457435,0.8515665564,0.05837764769,0.3320952789,0.9518376949,0.3147079533,0.7186894548,0.7330833324,0.4781708283,0.4705506357,0.4877392451,0.3364907966,0.04964012679,0.3761946743,0.2281505518,0.5466129447,0.8910199737,0.06555497631,0.1595899175,0.008464856721,0.9546067353,0.66233168,0.1262242507,0.9403200746,0.1728868733,0.8660876629,0.7302420815,0.6091689712,0.1419494964,0.6414994806,0.5756784551,0.3359299929,0.7688075159,0.8960602908,0.7150169845,0.8921476773,0.6279849808,0.7999847877,0.9341266332,0.07104060959,0.2672123017,0.6771592754,0.1007797111,0.2755887059,0.793601363,0.8858551794,0.2434445244,0.7021061818,0.4135664357,0.5911967527,0.7231122542,0.8106657137,0.7555858947,0.9979439211,0.9888697348,0.7842025134,0.4490850015,0.8059760827,0.8405121994,0.2179099604,0.1335461482,0.6571622697,0.6656033986,0.7391285082,0.6694588923,0.2807564864,0.6339681825,0.8837897324,0.08593497497,0.6452365459,0.6847377138,0.8158553605,0.2370780811,0.472050852,0.3877680059,0.05033889772,0.8372868731,0.3443525841,0.795304768,0.2954042341,0.3938460664,0.4217418889,0.7055259498,0.7858522738,0.266352749,0.08518629224,0.8517768435,0.6902774778,0.8186582614,0.775053934,0.7667740997,0.872445749,0.3580072568,0.8353466916,0.9845896885,0.01527337541,0.7823681134,0.5879759347,0.1656324424,0.6750142797,0.5234673864,0.9208957786,0.00499160846,0.767420088,0.1920367905,0.02899758708,0.6156097264,0.2002227724,0.9449053776,0.209172656,0.8384611848,0.8448269876,0.9719156213,0.1758479567,0.1130372263,0.640814022,0.9643776386,0.3552474843,0.3963695912,0.6133547639,0.2222628016,0.5168420238,0.4959976136,0.2982859526,0.2573725993,0.137745387,0.3133143754,0.9397134357,0.04313397506,0.2431182379,0.6908590161,0.9887047607,0.2536783762,0.07298850398,0.9187406086,0.309205565,0.5612079304,0.09650100063,0.182432552,0.3161652019,0.5998217612,0.407110991,0.03359308066,0.505185074,0.9392325935,0.4356888706,0.6936895669,0.7430904424,0.405067554,0.5196189726,0.06038579498,0.9445475707,0.4872038123,0.1913857073,0.2136234624,0.003025384091,0.9109974132,0.5547086625,0.8427742896,0.9702554181,0.5018717583,0.07769316671,0.6819057239,0.3659603436,0.7485433809,0.2803115539,0.9084949425,0.2335569462,0.5039742008,9.697603535e-05,0.4664031617,0.5072895429,9.674230296e-05,0.6494305093,0.2556912946,0.9999780536,0.5110671718,0.5319396484,0.0001022595593,0.6520004375,0.2508011071,0.0001025930112,0.6270700833,0.286793105,9.707514918e-05,0.4787974476,0.6841136024,9.685912619e-05,0.4549726949,0.3857003239,9.687493e-05,0.4462047006,0.476488435,0.9999781617,0.4874729628,0.6339077501,0.9999781339,0.463938134,0.4334183299,8.611481749e-05,0.6626330913,0.2271211824,9.689029675e-05,0.5040424272,0.3532579847,9.688384192e-05,0.4864474129,0.5452818056,0.9999882199,0.634331517,0.3009575731,9.811436799e-05,0.4433668647,0.4134255994,9.695468744e-05,0.360015563,0.5977779928,0.9999781511,0.4897398333,0.4982852031,9.693871049e-05,0.3775608713,0.4885616961,9.853744887e-05,0.6155729719,0.3096198579,9.69363383e-05,0.4285991851,0.726316012,9.705876035e-05,0.6243394578,0.6359637614,9.708517041e-05,0.4449770787,0.3927056728,0.9999781566,0.3753842373,0.5915763465,0.9999608122,0.6550644112,0.2471207826,9.701132373e-05,0.4977724076,0.4583734671,0.9999781148,0.5214642029,0.3669626385,9.492635179e-05,0.5794167992,0.5356954702,7.856408366e-05,0.6620163275,0.2222659831,0.9999780095,0.6931992902,0.3452150144,0.999973647,0.4307230879,0.432222224,9.680900763e-05,0.5309276365,0.3388804236,9.689469261e-05,0.3594282681,0.5174129013,9.710485765e-05,0.4923397166,0.4351830339,0.999977997,0.5985352457,0.5515218796,9.616280543e-05,0.3469658505,0.6265735293,0.9999781335,0.5099795302,0.6844048423,9.68756319e-05,0.3383384852,0.4432989556,9.71802894e-05,0.4343241849,0.3786280599,0.000263551339,0.6949284275,0.3291457621,9.688417918e-05,0.3851500181,0.5340054832,9.701690831e-05,0.2901550216,0.7166870711,9.696254092e-05,0.5077853897,0.4578079292,0.9999780032,0.4103390341,0.5132649451,9.696359003e-05,0.5413474023,0.8105691837,9.029014325e-05,0.6615326656,0.2197147475,9.725359706e-05,0.4964948804,0.3531207713,9.687979939e-05,0.4909200895,0.5850662738,9.609067808e-05,0.3761385375,0.4115143847,0.999978072,0.477477766,0.395656295,0.9999782153,0.3401170728,0.6569585024,9.692647802e-05,0.3514691819,0.4772018045,9.693954605e-05,0.5191983436,0.420878432,9.698068418e-05,0.5378638095,0.5053923329,9.694948935e-05,0.3037829679,0.5770060161,0.9999780502,0.5691496805,0.4618081671,0.999977988,0.6364595971,0.641943578,0.0001018803603,0.5930456393,0.2814060856,9.698479394e-05,0.4029021086,0.3925473314,9.714978085e-05,0.4029592601,0.475272612,0.9999837688,0.3809651654,0.5567611151,9.050322178e-05,0.5509629862,0.3835402184,0.9999693834,0.6589448642,0.2366347933,0.9762637063,0.571032176,0.3218746639,0.0001013185506,0.4364120702,0.6294783973,0.8133808252,0.3921278539,0.4395134258,9.694655135e-05,0.5417948098,0.3240927418,9.041732734e-05,0.4772489546,0.4378606132,0.0001014294147,0.4202428152,0.5203558916,9.702394088e-05,0.6383298875,0.5554829026,0.7129809167,0.4665746662,0.372236559,9.707441834e-05,0.3821401311,0.3993906189,5.352380284e-05,0.6943754371,0.3627259123,0.6588340564,0.4249622618,0.4728100766,9.695216072e-05,0.4701393788,0.3608686061,9.607245544e-05,0.2164934584,0.7933688135,9.634146237e-05,0.270483844,0.6167984314,9.69842404e-05,0.512481869,0.4174072479,9.687398373e-05,0.3052052307,0.4655765497,8.61478102e-05,0.6258895685,0.6726836251,9.908933098e-05,0.3309025907,0.540176996,0.9035400819,0.6248869783,0.2760529289,0.8789326192,0.541991411,0.3497015461,9.045547546e-05,0.4626691955,0.5648927363,9.822189561e-05,0.4339216714,0.4553193349,0.6910100807,0.4077956626,0.4051573821,0.9999781077,0.5790364335,0.418997187,0.9999780098,0.2409686659,0.7276431386,0.9999780099,0.6183337707,0.5201589061,0.5696204276,0.4311843273,0.4964388509,0.0001163996045,0.6614262993,0.2113896133,0.0001055693057,0.4656682576,0.3632715082,9.679323621e-05,0.3169387816,0.6755038705,9.698510196e-05,0.3632407936,0.413920125,9.638100266e-05,0.5130167013,0.4051800146,0.999983112,0.3161861475,0.5907446047,0.7067801289,0.421222204,0.3996201474,9.691287168e-05,0.5235345177,0.4935609015,0.5748289787,0.5637258677,0.3177099028,0.0001038385478,0.3252340371,0.50131248,0.0001058615229,0.6599068831,0.2109530833)
