mCurrentIter=100
mCounterStuck=0
mYPrev=-34.04276201
mParameters.n_iterations=100
mParameters.n_inner_iterations=1000
mParameters.n_init_samples=100
mParameters.n_iter_relearn=1
mParameters.init_method=1
mParameters.surr_name=sGaussianProcessML
mParameters.sigma_s=1
mParameters.noise=1
mParameters.alpha=1
mParameters.beta=1
mParameters.sc_type=SC_MTL
mParameters.l_type=L_EMPIRICAL
mParameters.l_all=0
mParameters.epsilon=0
mParameters.force_jump=5
mParameters.kernel.name=kMaternARD5
mParameters.kernel.hp_mean=[1](1)
mParameters.kernel.hp_std=[1](10)
mParameters.mean.name=mConst
mParameters.mean.coef_mean=[1](1)
mParameters.mean.coef_std=[1](1000)
mParameters.crit_name=cEI
mParameters.crit_params=[0]()
mY=[200](-13.32530396,-28.2927505,69.79126305,-35.81911508,41.06623061,51.24849197,12.61336957,21.24805095,2243.512222,-14.93217331,2322.934197,-24.92406139,-4.997973961,2014.026305,1953.530522,1704.798786,-3.151644962,67.51121148,-25.31890818,18.84678036,-32.93742737,-14.025265,26.52504306,42.31545425,40.25313868,9.483828782,1296.586544,200.0768305,940.4217224,-32.90683773,8.51268813,-6.800560816,-27.47028202,-14.33050615,2601.596541,11.52514068,-18.66612436,19.95396933,30.25494186,-14.53773419,-22.65948742,35.82802499,15.47564504,30.82915459,38.4151043,1981.302853,936.5059704,-6.80955598,-8.086737711,47.0678771,-23.36219745,174.4887337,-38.45417963,500.492917,-28.24601139,19.2882447,2.212988719,8.479365342,4.455336144,374.1706834,1.216855604,-2.583459328,62.43123705,552.7819491,39.11560062,21.00267563,1260.057567,-31.0024088,-19.22215514,4.037783083,-5.664333792,30.43046642,39.97563157,8.802985837,51.38177618,236.4950672,27.08493532,4.933267634,71.21251929,43.3963063,123.4538858,69.06167719,-20.92003294,62.56632573,524.9740125,-3.821159577,36.59743183,168.6567775,1688.494301,38.33062111,79.55418188,75.66220158,17.41724474,11.43502762,549.481438,107.0101847,44.50826739,29.70295129,53.11155545,6.818157362,-33.35330511,-30.949182,-33.10055399,-36.62197158,-36.96797956,-31.92141457,-36.1545037,-18.40707221,-37.06926161,6.303773275,-19.67549735,-35.66918527,-31.38560868,-33.82635586,-20.91273995,-35.7672959,-22.39939957,-33.60017619,-33.64256921,-34.20987119,-26.68767186,-35.71131916,-18.56705975,-33.59212177,-22.04156613,-39.18818673,-11.22452808,0.4019377697,-27.53976083,-33.89221401,-13.76608528,5.156451062,-32.91147984,-33.98127886,-36.20319442,-32.69704856,-36.67846881,-31.67435139,-28.90585516,-36.69368942,-29.15652656,-35.44423754,-22.0501563,-34.16854673,-34.12263709,-25.62093881,-34.99835523,-38.03562353,-29.08294475,-19.50031108,-35.271145,-36.55832207,-30.90709127,-34.8886833,-36.02126596,-35.12426263,-1.048323581,-3.259496,-32.08864927,-21.10387282,-32.6465945,-25.37042337,-9.915062972,-31.96153356,-37.44303197,-34.58476584,-34.5049701,-31.85980643,-36.3977311,-35.13223006,-32.53006884,-33.60134681,-32.70130645,-39.99204192,-22.1149253,-11.33852656,-32.17584809,-36.55015964,-20.33093499,-32.74803159,-33.57488424,-34.08789839,-32.10353196,-28.94095491,-34.29482893,-32.34159421,-34.56847158,-16.59435184,-20.97694855,-36.1268034,-32.82289737,5.246293206,-34.62707167,-33.57545503,-20.55863597,-34.81115108,-35.1295045,-31.08812968,-36.03244122,-34.04276201)
mX=[200,3](0.5967163363,0.6898391222,0.4869190279,0.635727108,0.6405076656,0.2476654071,0.05353849432,0.8685734136,0.9753807005,0.1532414211,0.4973332786,0.3544896468,0.8835604892,0.7436333933,0.8953698506,0.4295132616,0.9556293626,0.7445015197,0.5804538519,0.7720517501,0.657066865,0.3696417893,0.2305922511,0.803923904,0.1328358964,0.3169784663,0.00869991533,0.1753185427,0.6543852016,0.49432315,0.2760263907,0.1846099992,0.06370856118,0.08318713911,0.5843912083,0.4591353682,0.8125657089,0.468330696,0.1525405698,0.2025868839,0.2647375739,0.03737582109,0.3391400557,0.1483820832,0.1097706517,0.1915024189,0.08500673029,0.1657885208,0.4191649876,0.3330143157,0.6967138297,0.313768756,0.8534978386,0.9850206348,0.3245062646,0.3906397836,0.5703515828,0.1886909878,0.1793996733,0.5370812497,0.5431916066,0.5082178223,0.2990261495,0.06152664748,0.6702217077,0.502675547,0.9882821528,0.6329352334,0.8277916129,0.6054753355,0.597563746,0.9422096068,0.7377642085,0.1082617198,0.9024067459,0.8680602063,0.7651743091,0.6309368844,0.9463911824,0.09665902772,0.2367390823,0.8589172199,0.2279560241,0.3658720985,0.3733407416,0.2471870094,0.139859368,0.2142403733,0.5580501606,0.4087144881,0.5544885934,0.4005168409,0.7728297846,0.4725447483,0.2844087809,0.6081779941,0.4030932635,0.4573041044,0.1962065627,0.2897330121,0.2516841834,0.4709309032,0.9227842873,0.1136564979,0.08105289309,0.3838519703,0.8413577785,0.4616432129,0.03525566198,0.6942191208,0.1490356447,0.9088650489,0.3812417642,0.7568865294,0.7917401255,0.2942853738,0.8497625932,0.7821002672,0.6009376225,0.5534792786,0.9376403099,0.515869937,0.2604769785,0.5166705063,0.1381647758,0.8740026353,0.6493882245,0.8303982095,0.5961142295,0.8486172969,0.9368417655,0.5119917128,0.7135764016,0.06167344484,0.7279281407,0.8069409726,0.02178729553,0.1859132223,0.103055229,0.04760290509,0.2899828047,0.8990440335,0.5486297043,0.09869708156,0.02515635747,0.479486544,0.1295713208,0.3404371557,0.6166238076,0.9542172137,0.2355237946,0.3081725549,0.5489372567,0.1620044842,0.3227870246,0.1769840108,0.0708419185,0.4120868127,0.4451853535,0.50457637,0.7192997507,0.01118547753,0.8323034356,0.5702641996,0.4143110681,0.4317315557,0.8719721673,0.3140981882,0.457679477,0.8104341721,0.219676505,0.2567050505,0.2191296062,0.7003070761,0.2922748908,0.2003835553,0.6496853155,0.01346178395,0.3676299666,0.07544493549,0.5798356772,0.3451316635,0.7127920253,0.3585897301,0.7954963735,0.2009202423,0.2617774248,0.9252741989,0.8876091888,0.6881903981,0.1234527761,0.3209571341,0.5322381993,0.000284888898,0.7352082477,0.6633465424,0.8935528106,0.4201066716,0.6769264429,0.05030742838,0.2566834337,0.6985628073,0.5609190041,0.4388977081,0.7653281456,0.4254275009,0.3494357376,0.4972283175,0.7588107799,0.5689396075,0.09228623094,0.7054274568,0.5294186635,0.8708943757,0.7245519692,0.8313218765,0.77766621,0.3555776449,0.9252704593,0.1220449744,0.8254718968,0.398017286,0.965296275,0.943913694,0.8124590619,0.9186525688,0.488443582,0.0588591124,0.7087740367,0.9114185972,0.3738593587,0.04449771038,0.3735092902,0.7667658365,0.4856076538,0.9812087389,0.9174150055,0.9522640102,0.4496955407,0.9397616164,0.5637987033,0.7316743289,0.021281159,0.119811301,0.03294407677,0.6183230939,0.8226948031,0.4331201463,0.3382461961,0.744899968,0.9782035767,0.8573487578,0.4616810757,0.01939061837,0.3875395185,0.6132343926,0.661065098,0.6262432324,0.6224057074,0.9097798504,0.6825416072,0.9776900501,0.9925976844,0.04721871926,0.6563791654,0.1903302191,0.1112993078,0.008346501982,0.07890237771,0.6618108066,0.9994582006,0.1591312619,0.5887164344,0.3050721622,0.9624137545,0.9633573676,0.1427984126,0.7842550958,0.6702180416,0.5230129156,0.5227581327,0.7937379961,0.7224804804,0.1611176554,0.279656517,0.3936354261,0.277766795,0.2248574247,0.2226975766,0.882855111,0.7886943314,0.4469338245,0.6272932464,0.8649295677,0.7588216787,0.5341639354,0.9986671988,0.2404202739,0.8064122951,0.3096585385,9.70405345e-05,0.5498558096,0.2534684712,0.1258162667,0.5493956683,0.2522307105,0.000118688738,0.5404198966,0.2583340521,0.0001013174381,0.5356817998,0.2610662456,9.801136965e-05,0.4988382122,0.2857525083,0.0001004662162,0.5754932915,0.2353780947,9.885302053e-05,0.4685977914,0.3175302946,0.9959225089,0.5803505193,0.2414541288,9.76889672e-05,0.4269406025,0.4092167126,0.9999779702,0.4316393636,0.493172141,0.999969929,0.5726598877,0.2442155631,0.000103097481,0.4919404044,0.2887929853,0.4883350564,0.5597512283,0.2343216579,0.01318911429,0.4449005681,0.3469741219,9.696014817e-05,0.4791322273,0.5808405325,0.4403367665,0.5531535917,0.2348330751,0.8475569958,0.6579745534,0.3285048097,0.0001016609122,0.4927681821,0.2847081381,9.785375475e-05,0.4179153517,0.4589582104,0.6658777544,0.5084497015,0.2761422095,0.0001000785675,0.5855834861,0.2220640715,9.62380174e-05,0.4634731659,0.321192194,0.9985594009,0.5141809649,0.2884843932,9.707620825e-05,0.4258996219,0.4914371008,9.771776518e-05,0.649583208,0.328232284,0.0001055412335,0.442335171,0.3759464223,9.700991102e-05,0.5230605495,0.6417032546,0.9813256528,0.451099033,0.4223115071,0.0001082982563,0.5628848583,0.2252320103,9.847673457e-05,0.4952556639,0.2737418636,0.9999780278,0.6880410284,0.3574110548,0.99997801,0.4670202278,0.5920014192,9.023448473e-05,0.5723072173,0.341294097,9.944217123e-05,0.5595938597,0.227128671,9.709463858e-05,0.4756262306,0.2973966018,9.71009892e-05,0.383367922,0.5083978689,0.0001055816913,0.4342235027,0.3840075082,9.701893395e-05,0.4998139714,0.490447409,0.765928022,0.584963276,0.2163121013,0.617635384,0.5168178467,0.2546077211,0.6102180876,0.5818178282,0.216463464,0.5220203551,0.4938128326,0.2776722202,9.549056242e-05,0.6601414511,0.2868360263,9.692859302e-05,0.5003575272,0.3852329654,0.3579195631,0.5061005541,0.2609653767,9.689297355e-05,0.372961232,0.5710777694,9.706392094e-05,0.402227169,0.4224751146,0.5428378246,0.4831910007,0.3036595066,9.695046628e-05,0.50483866,0.5022185155,9.258643606e-05,0.668737933,0.3827048997,9.603994769e-05,0.5189346045,0.2463514531,9.75544988e-05,0.4535537138,0.3235044171,0.7884477891,0.5229661968,0.3481871671,9.707286764e-05,0.3766823332,0.4765414831,9.186999844e-06,0.4954698792,0.4143018727,3.856610237e-05,0.4517274475,0.319922309,9.700575269e-05,0.5842436715,0.6875203527,0.8865654947,0.3935506727,0.4896362841,0.0001024217836,0.5706643685,0.2194924732,9.713140847e-05,0.3885097858,0.6100693463,9.718651899e-05,0.5528881103,0.3408106323,9.689466597e-05,0.5216381567,0.5268941035,0.999978027,0.7043553437,0.4155960621,0.663907903,0.5771313961,0.2154918947,9.390903228e-05,0.502961165,0.2572525938,1.886874654e-05,0.4244159069,0.3786851945,0.5968980684,0.5257136684,0.242720653,0.5343902858,0.5176809861,0.2493940061,9.688349362e-05,0.4967711887,0.430345059,0.4538030253,0.4870841536,0.2810055713,0.668128338,0.482465149,0.3610517369,9.721832572e-05,0.5070770619,0.2575895395,9.680915667e-05,0.371023326,0.5001626975,9.736567984e-05,0.4473876778,0.3304403061,0.0008539005399,0.6611790182,0.2581763643,0.999977995,0.5418541788,0.5104039783,9.717914087e-05,0.5634353383,0.3753438783,9.681398045e-05,0.4705302286,0.4470972909,0.9996962301,0.6373611415,0.2238235788,0.4056385445,0.5603406747,0.2152576448,9.72825625e-05,0.4118557055,0.4029405299,4.394447325e-05,0.4904491839,0.2698791617,0.6340344479,0.5675197093,0.3148774901,9.683640202e-05,0.453698843,0.5364485402,0.4991216502,0.5465464404,0.2240946749,0.4861642172,0.4756778929,0.2929364765,0.6005924408,0.4517182275,0.4006648021,9.24394515e-05,0.6882645283,0.3936752849,9.681367579e-05,0.3409598749,0.5896396574,0.0001505366193,0.4627934086,0.3098588409,9.768898068e-05,0.5127334171,0.4449652179,0.9999780168,0.5289942173,0.6595242141,9.685953903e-05,0.3910640167,0.4488332488,9.087889178e-05,0.5526411744,0.3174376941,9.100997957e-05,0.5620141013,0.5554422776,0.0001055025458,0.4398724898,0.3525670419,9.687259067e-05,0.5037641141,0.4135281989,0.5320612303,0.5586513034,0.2167393193,0.468753113,0.5147489861,0.2460105469,9.169338511e-06,0.491780132,0.273158882)
