mCurrentIter=100
mCounterStuck=0
mYPrev=-22.13611581
mParameters.n_iterations=100
mParameters.n_inner_iterations=1000
mParameters.n_init_samples=100
mParameters.n_iter_relearn=1
mParameters.init_method=1
mParameters.surr_name=sGaussianProcessML
mParameters.sigma_s=1
mParameters.noise=1
mParameters.alpha=1
mParameters.beta=1
mParameters.sc_type=SC_MTL
mParameters.l_type=L_EMPIRICAL
mParameters.l_all=0
mParameters.epsilon=0
mParameters.force_jump=5
mParameters.kernel.name=kMaternARD5
mParameters.kernel.hp_mean=[1](1)
mParameters.kernel.hp_std=[1](10)
mParameters.mean.name=mConst
mParameters.mean.coef_mean=[1](1)
mParameters.mean.coef_std=[1](1000)
mParameters.crit_name=cEI
mParameters.crit_params=[0]()
mY=[200](-23.18673603,72.24116691,0.500072571,49.00042754,-18.16676191,2081.936872,-8.592188165,115.6523018,169.1635121,40.37309449,67.46973491,35.29472141,-7.43562436,29.12305204,-3.249162455,81.82196201,256.5547192,-9.421673624,616.6416162,-3.299221263,495.1347163,32.50345718,-24.63501223,-11.84397967,34.49693538,62.87263002,-13.07982072,600.7384539,33.06278095,13.5768567,53.51562206,-6.536906729,-14.3673655,301.6126538,37.78042733,16.49609661,61.96475286,6.238834699,29.91275997,103.618118,21.36091777,10.28235563,-17.59320598,33.78740064,156.7036233,-7.549060208,40.76200406,-3.88311633,83.61114861,19.50990493,42.15239346,64.7161426,-14.65352292,33.88331431,1253.83267,27.5906137,5.603505507,-15.27511938,59.65864068,36.66705844,32.42931965,47.86106045,1312.029219,24.52302339,31.23637669,9.565949891,25.67943971,-10.20208185,96.10530866,30.75193298,1882.699444,-5.674153844,-20.65123468,50.74472162,32.17506628,7.193908563,41.4198701,404.5175139,2230.929149,41.92230733,32.02738849,64.76662832,44.22637342,132.3058238,47.53757323,32.03999049,19.86581722,30.1843454,15.11401246,36.71119103,35.6534905,569.4146826,192.1152516,-17.89608949,26.04184451,34.41905121,71.50842884,31.68133723,-11.71741292,33.01673078,-15.98662447,-23.11955694,-18.97336046,-12.44790939,-21.28087164,-17.01306261,-18.89679819,-20.78925078,-21.04112346,-22.20016899,-6.807505616,-19.64283254,-20.56674016,-20.6334691,-10.91792921,-20.56609084,-16.70787583,-23.88555554,-13.00070458,-14.33307022,-22.10835515,-1.126609302,-22.14246938,7.236926154,-10.74224593,-12.29003953,-20.86563881,-19.26226225,-22.06206963,4.032007834,-5.431873507,-16.32282247,-11.45379939,-22.41520847,-20.38266958,6.457366209,-19.8237567,-21.55399364,0.6709047659,-20.92721143,-5.228738952,4.115278807,-11.03111511,-14.54290249,-23.3976894,-20.805926,-16.48657567,-5.862221348,-11.98630377,16.05831074,-22.53203167,-22.69408952,-9.851809026,-19.57533944,-1.280021748,-1.965322453,-9.205647398,1.301652891,-21.84460587,-0.7925919204,-18.12831913,-23.02660993,-22.15724644,-15.9118142,-15.2749731,-1.82405178,-22.23039661,-21.03827203,-21.79275913,-21.58451955,-20.46699612,-21.04769462,-11.56908631,-12.91525836,-8.254269987,5.566636168,-12.8548515,29.2623726,-21.73805765,-17.9627354,-15.42413516,-18.93692966,-9.565029864,-20.26181406,-18.33313238,-23.23695698,-2.253539441,-23.82927011,-22.65712987,-21.7810885,-18.60153077,-15.52184255,-18.87623057,-7.791493434,-20.32176758,-16.32279335,-23.34942219,-14.05477847,-4.284216405,-22.13611581)
mX=[200,3](0.2602106295,0.5059673934,0.2988858086,0.9553407716,0.2234215875,0.5569668047,0.5047575046,0.7564779524,0.4170228452,0.2499141614,0.9732121939,0.6261433932,0.7710319808,0.6064888951,0.2292679387,0.5746566981,0.2053486834,0.0513904833,0.4640730419,0.3383536704,0.6419765289,0.6184719022,0.325699573,0.2312102487,0.09412963227,0.5110177124,0.07841122611,0.9721060268,0.3526207449,0.9043777066,0.7599947986,0.4118672641,0.1917722762,0.6885539025,0.076949544,0.8032844967,0.9445084986,0.6558770773,0.4561107383,0.1112790013,0.8679662664,0.1037236391,0.3327162348,0.5338084049,0.6626286328,0.6370461954,0.2396348977,0.3810284825,0.002676974998,0.4068603434,0.1414422234,0.9943408647,0.5967301133,0.2550327787,0.9308440591,0.01844344586,0.3697889575,0.04217698463,0.4648154978,0.2751627971,0.05172069536,0.2500068853,0.1781450807,0.3153551197,0.5671931988,0.8748479126,0.4297206313,0.4378505958,0.4622715518,0.4348051542,0.3069825257,0.5371648265,0.7262789345,0.8183786648,0.7506197586,0.8822392439,0.9362221953,0.895617603,0.08517002685,0.6763595028,0.2838834494,0.9084214644,0.5284193721,0.01267675985,0.6039737215,0.1977495644,0.5903245355,0.1271665721,0.8209319526,0.1598098031,0.6227651931,0.1654011351,0.983556535,0.2210342233,0.7231354317,0.3192663758,0.3536889196,0.6647567282,0.3715201667,0.06979092463,0.4251723451,0.06532649401,0.5604878805,0.03122752866,0.8501158102,0.9146184267,0.7387349867,0.6783174701,0.1381184729,0.1803882791,0.4026561251,0.3476483275,0.7944470134,0.4220835654,0.7870540941,0.8538474502,0.6561381219,0.7176764302,0.06720141273,0.5657415803,0.01672835022,0.0814319257,0.7650554734,0.6985228225,0.783053575,0.09343207184,0.1556113609,0.5460003157,0.5231359411,0.414899255,0.6289745922,0.8605721843,0.4771413611,0.9816533948,0.03796906151,0.4099548096,0.6989869485,0.1258393214,0.2932443579,0.2704721595,0.3319875358,0.8058978299,0.6836010868,0.4790624911,0.2732043272,0.9586680065,0.9931708366,0.2012505105,0.7148123138,0.7098311882,0.5564460528,0.1374201103,0.6145019496,0.4868094252,0.28049956,0.3015539729,0.5268740157,0.3995550293,0.5762960372,0.9224834375,0.9406356871,0.497201191,0.8766210519,0.1008221496,0.248905983,0.7671991211,0.5574781829,0.8471560206,0.1852524927,0.2407704858,0.7336344259,0.6634258616,0.450500136,0.3498346381,0.5173904171,0.9981131441,0.11503026,0.446387315,0.04242244894,0.746702215,0.5881878968,0.1202873331,0.7200084182,0.2105397872,0.3836741479,0.9735308189,0.5990549344,0.3638734132,0.02269174379,0.03696736387,0.05043393299,0.7848477466,0.4957681781,0.9234092445,0.3516549467,0.6597194997,0.2956704204,0.5002002142,0.3819135623,0.1470265186,0.7948760853,0.8289565161,0.6376244151,0.4850309993,0.1698374982,0.5850843836,0.04119892277,0.8948097592,0.8498222076,0.6942672204,0.8307015853,0.004471697859,0.20490421,0.365582356,0.74570239,0.3251736467,0.0719266689,0.5708496887,0.4430090784,0.2529266427,0.6460253905,0.9439511625,0.8477063128,0.9022201874,0.1351824508,0.1010257902,0.2661403914,0.3969212064,0.2818717275,0.969416589,0.1641135354,0.328133661,0.214260323,0.2136043562,0.3794199388,0.3709136469,0.003251962976,0.4587169499,0.1145748307,0.9119868992,0.5374660642,0.9141686461,0.1866252074,0.7479886573,0.8808687243,0.9368965958,0.6791190228,0.1750608197,0.9243891801,0.7094875718,0.02341646928,0.5444242875,0.6427226608,0.3481236626,0.9617611252,0.8172108704,0.8005316961,0.7731582381,0.8578844008,0.7763418761,0.68152967,0.3959701323,0.7062331651,0.811916828,0.2376446897,0.7679259587,0.600654785,0.9891950122,0.3102772845,0.5849566583,0.7344693035,0.1514406251,0.8381589767,0.1733455591,0.09641481232,0.2650758295,0.5445795796,0.4485730178,0.08119508127,0.19661305,0.6178447838,0.430659587,0.8674433838,0.4963740012,0.8238515775,0.1486117021,0.8377855655,0.7109598687,0.3098667652,0.890601252,0.9573897742,0.961032664,0.8789719345,0.6387230752,0.7968177236,0.4807103332,0.5144179819,0.02190569927,0.4746162941,0.8884533108,9.69848843e-05,0.4830841376,0.3454652558,9.074720484e-05,0.5737860971,0.2713882207,9.692148967e-05,0.4533776246,0.3741448085,9.168281708e-05,0.6165694632,0.2422492869,9.719597512e-05,0.448488197,0.3799938527,9.113623186e-05,0.5344157391,0.3029460303,9.686742956e-05,0.4248350152,0.4092721085,0.4075674425,0.5388130987,0.3140997801,0.0001041174281,0.6579963212,0.2200030859,9.696366818e-05,0.4190842114,0.415460135,0.0001128362688,0.6490017271,0.224965736,0.5725277536,0.5109487072,0.3477376562,8.961664963e-05,0.5334229025,0.2951562803,9.697626739e-05,0.402810832,0.4521195585,0.4796411102,0.6770519273,0.2252704657,9.702553721e-05,0.467894462,0.3494179873,0.7817807626,0.5075656744,0.369363839,8.93259703e-05,0.4053166866,0.4355343539,0.8742546001,0.6944183408,0.2394602105,9.193069847e-05,0.5700663926,0.2644176672,9.221389568e-05,0.4512747444,0.3555843127,9.688040913e-05,0.401615722,0.7100169454,9.663575406e-05,0.4017212673,0.4943930594,0.9999695079,0.4778381457,0.4007249389,9.685750909e-05,0.6793235636,0.2039701102,0,0.5256661278,0.587860988,9.144084826e-05,0.5357574691,0.2880895428,9.690142163e-05,0.4302417255,0.3790031069,9.695455158e-05,0.3907734066,0.4696505486,0.9999780796,0.5499496793,0.6170654359,9.774627081e-05,0.6744884784,0.2055008897,9.032754734e-05,0.5021552187,0.31160195,0.9999847201,0.5871010476,0.3050764749,9.696965264e-05,0.4246137924,0.3830196076,9.6676193e-05,0.4121654001,0.5405675393,9.697790385e-05,0.34311214,0.757197227,9.070751847e-05,0.5720483465,0.2591483855,9.689166614e-05,0.4076881963,0.4101671327,0.9999780014,0.7278821065,0.2318736844,9.044354482e-05,0.512478298,0.318290426,9.777508722e-05,0.6301458411,0.5596478999,0.999977984,0.4603823983,0.4506167628,9.055951214e-05,0.4349901385,0.3346239966,9.672047815e-05,0.4247470779,0.6039767092,9.688899434e-05,0.3653004263,0.4612300776,9.949440219e-05,0.5130171072,0.4912496266,0.0001077817324,0.5893905396,0.2245965951,9.686724032e-05,0.6883469123,0.1852861186,9.667265841e-05,0.4177657904,0.3574982685,0.9999781053,0.4442692845,0.7052276498,9.822181609e-05,0.3676497328,0.4886086724,9.673067523e-05,0.5236957425,0.4456351343,0.0001047442611,0.5680963585,0.2408582814,9.671153149e-05,0.4674167834,0.5365193843,0.999978004,0.614508434,0.5676926821,0.9999849832,0.5583348493,0.2958287693,9.051735483e-05,0.6767157204,0.1865412965,8.984158452e-05,0.5574743439,0.6864045317,9.693421698e-05,0.557624017,0.3951663072,9.696294707e-05,0.6896374858,0.5308710632,9.258762463e-05,0.5180706773,0.3016603212,9.828940977e-05,0.403442427,0.4280050382,9.687766814e-05,0.4809590267,0.4907022028,9.699188016e-05,0.4020472195,0.3844323093,9.671141839e-05,0.3801568355,0.5970850989,0.9999779862,0.4863128059,0.5031080753,9.613759999e-05,0.5663901525,0.3814685351,9.755562805e-05,0.3947089548,0.5013385591,9.795731732e-05,0.5684273882,0.2409961951,0.5796256894,0.572385634,0.2578232564,0.5583162175,0.4804604223,0.3174446336,9.688918325e-05,0.3890234038,0.4142261539,9.605022766e-05,0.4664828366,0.3106091367,9.67889854e-05,0.5293179745,0.5634780199,0.9999780897,0.6211542733,0.3552616971,9.694063683e-05,0.7592796003,0.2209133221,0.7019239276,0.4290703279,0.4098183467,0.9999779885,0.3117608453,0.767759762,9.686457795e-05,0.5211275634,0.4523173809,0.0001042553237,0.366603674,0.4735810092,9.662609893e-05,0.5073119075,0.2816160734,9.696230461e-05,0.4334207824,0.3488017622,9.672585677e-05,0.3310740566,0.6425747217,9.988988615e-05,0.4179257027,0.5426933269,9.702118594e-05,0.6045137893,0.3509549328,9.706044422e-05,0.4944767758,0.4458302164,9.692767101e-05,0.610766417,0.6119395509,0.5327774766,0.6106963072,0.2243685375,0.5515768018,0.5989843885,0.2348273762,9.689146101e-05,0.3921708884,0.4223607342,0.5193993979,0.5489144304,0.2714199241,9.689565869e-05,0.5896975048,0.4852485833,0.617598696,0.4724774617,0.3521933263,0.9999877052,0.7123604867,0.2019641058,9.012071475e-05,0.3762411977,0.5172184232,9.223801482e-05,0.4658607417,0.321527886,9.697255919e-05,0.4672635498,0.4460923254,0.0001029603075,0.6043025158,0.2183962718,0.884146214,0.4860025339,0.5628341484,0.5913273554,0.4310652949,0.4258981211)
