mCurrentIter=100
mCounterStuck=0
mYPrev=-26.43118183
mParameters.n_iterations=100
mParameters.n_inner_iterations=1000
mParameters.n_init_samples=100
mParameters.n_iter_relearn=1
mParameters.init_method=1
mParameters.surr_name=sGaussianProcessML
mParameters.sigma_s=1
mParameters.noise=1
mParameters.alpha=1
mParameters.beta=1
mParameters.sc_type=SC_MTL
mParameters.l_type=L_EMPIRICAL
mParameters.l_all=0
mParameters.epsilon=0
mParameters.force_jump=5
mParameters.kernel.name=kMaternARD5
mParameters.kernel.hp_mean=[1](1)
mParameters.kernel.hp_std=[1](10)
mParameters.mean.name=mConst
mParameters.mean.coef_mean=[1](1)
mParameters.mean.coef_std=[1](1000)
mParameters.crit_name=cEI
mParameters.crit_params=[0]()
mY=[200](12.96833053,52.41708419,569.8523533,93.82855063,2.349714239,6.034271029,7.45324136,-20.79228018,129.1323928,-23.90442369,-27.49476609,17.28921432,-22.89765422,16.24963354,6.132971955,2066.324179,61.91329403,-24.22448834,2246.205643,-20.38535742,39.69624368,20.60734854,33.57231844,-5.95328914,809.0824607,1.993504322,-28.84275519,31.11776052,106.2861105,35.19547016,-0.2500980085,1289.460029,36.32577791,37.83241566,167.2479848,52.31572213,-20.87361216,-8.726463289,33.26195065,2739.228232,337.6740972,45.06356848,-18.78742874,-17.63684536,-11.00084025,2683.340717,30.76123629,18.29951095,13.59006092,64.59001469,-26.29764328,39.50166418,-23.68287032,35.63995821,20.89949515,34.60492476,2712.909046,40.34730937,27.97895923,22.32253143,-7.485993952,-1.320081531,15.43559278,-5.841961025,0.07229479729,35.45715732,42.04364684,2545.951485,49.07082837,23.57294081,36.88219644,14.12721452,0.442552746,20.69283573,-5.744477591,11.21730261,18.63528742,25.54523798,33.21451884,-15.93625917,194.4471747,26.91224589,-19.23362918,-17.17253727,-13.84683309,61.64777448,35.492639,29.75921714,96.18126871,690.6695055,346.3684793,33.56735417,35.96400361,126.7806244,-22.48564004,-8.388391349,-0.1401449726,2.752366371,26.17722414,1.170361628,-20.73015239,-26.77411321,-18.21861328,-19.92259092,-28.76282585,-16.61261293,0.9388167767,-16.9499067,-24.79371589,-15.66033065,-26.51014061,-20.63514693,19.2629617,-24.17862194,-8.61956348,-7.818570624,-17.13064571,-22.49474148,-1.839732024,-24.4221028,-15.83852522,-16.01058488,-26.96192961,-24.99533763,-16.47351912,-15.94775898,2.006484857,-17.05671112,-20.99419946,-21.11140402,-12.17163312,-23.87419362,1.419441821,-2.462910605,10.66674463,-13.58860512,-17.10796125,-22.05003188,-24.21835856,-20.01570201,-21.63003161,-18.33284601,-22.01195796,-27.05227377,-21.05869645,-28.35093842,-16.2553533,-14.0039583,-19.37619419,-23.53187428,-25.05147576,-24.49663479,-17.49658298,-6.625353747,-22.72158798,1.804897909,-24.5430259,-16.5476696,-28.00050718,2.183901525,15.92935533,-4.044404208,-27.8051709,-23.6808264,-18.41544523,-22.43237722,-18.71496771,-23.06808338,-23.57457593,-17.48734746,-24.1753663,-27.82267601,-19.22865721,-25.41988192,-23.76336209,-20.19506807,-18.4456644,-25.91681936,-22.88066854,-24.27066352,-13.63375269,-24.06215253,-22.64894741,-5.342312426,-8.66709887,-24.67717722,-27.39312061,-23.9442351,-24.3643872,-21.56636507,-10.45237725,-23.94984428,-11.5108311,-19.47728925,-21.74050077,-4.204120528,-24.78168687,-23.60009995,-25.32583868,-26.43118183)
mX=[200,3](0.4243714184,0.02363070862,0.7559250381,0.4983232611,0.9374097052,0.8448672671,0.7186191587,0.08633593201,0.3065078706,0.9491679329,0.4651085919,0.1584537485,0.1196226232,0.742545862,0.5669086328,0.8838229616,0.3715556883,0.3821854552,0.7322148477,0.2215954474,0.763785103,0.9174077214,0.668422724,0.2663852618,0.7577343751,0.9952084564,0.03767519668,0.2536133287,0.5716285998,0.3635587577,0.6729307686,0.4960521582,0.4622295521,0.5204668734,0.09939710086,0.8309818068,0.79160741,0.5476131677,0.2520776238,0.723749976,0.4025255243,0.8541446234,0.02524898047,0.5834055318,0.1306063217,0.6350554065,0.1182048809,0.1001195708,0.4338663179,0.4318233855,0.1882561228,0.842080093,0.4801042299,0.5067304126,0.5683337464,0.04057330709,0.1270691883,0.1840508913,0.3946515652,0.6210305521,0.6928371056,0.4584260248,0.9735324791,0.2449427634,0.1257400492,0.5151037777,0.3205184331,0.1040914136,0.5230944178,0.5070981109,0.7678180356,0.2922491617,0.3871481072,0.2686425809,0.09774011097,0.2109727654,0.8260429467,0.1757365898,0.645987424,0.5011515055,0.4312623543,0.6277145838,0.8694715957,0.7374100254,0.8230590991,0.1980934322,0.4091830378,0.9633708478,0.5661823353,0.9366256686,0.6136382784,0.7957259884,0.3769112736,0.8527172081,0.925593494,0.008962944073,0.4523661616,0.4275432419,0.9618203358,0.7736979087,0.6946889464,0.9228345661,0.9902817437,0.1460639928,0.4262249243,0.3093420367,0.6510031582,0.9961476847,0.315704031,0.6200350064,0.3948686139,0.6809528734,0.6825899456,0.5756439238,0.08720287572,0.632453566,0.05439945336,0.04989772359,0.1648131073,0.02526220007,0.9363485983,0.2409730906,0.2714848729,0.341136208,0.8193052703,0.8848120221,0.1376824502,0.6454056726,0.1665901924,0.8155938671,0.411142016,0.580282918,0.4650720457,0.2731277655,0.4954181039,0.7490640749,0.05529054502,0.07049536171,0.1583401704,0.06910418169,0.5438990579,0.1679715524,0.8419722868,0.6145134275,0.5713223299,0.1852709689,0.8150948061,0.3629434382,0.9622387747,0.9190972682,0.763489613,0.5513745026,0.4493440598,0.2789471042,0.2192793566,0.9832904272,0.5832057211,0.6167075039,0.3432817152,0.668552517,0.5395745942,0.9459521324,0.8382608864,0.8944774975,0.1930802599,0.9719119911,0.9754253861,0.3512531558,0.4139960232,0.1384135452,0.01469536444,0.2689680695,0.7338007969,0.9055976454,0.6559009747,0.8091821467,0.7814445473,0.1484883461,0.3215744969,0.3317673245,0.2062101001,0.5963791056,0.6482104987,0.2847510491,0.7742019542,0.2346717394,0.6083765469,0.8784032289,0.2096930995,0.7081707138,0.7561664926,0.4718618363,0.224709357,0.5112061026,0.7446179634,0.3763659095,0.839021766,0.8041858411,0.8693395678,0.3688614154,0.2843654033,0.5959439283,0.00341923004,0.1115358723,0.05218649237,0.9058820528,0.8289757575,0.9066107838,0.2078867402,0.8778239189,0.7814099112,0.9169819728,0.7288673379,0.4889640557,0.03052392609,0.7002026279,0.1283444535,0.2585353022,0.772095817,0.2933168699,0.07971598636,0.8656896034,0.984634727,0.7251368694,0.537968179,0.4769456959,0.7847455784,0.06309310768,0.8919291965,0.7177463665,0.7941218678,0.5402946708,0.6049713612,0.08473504977,0.1972676194,0.9592111062,0.4574502493,0.003680390755,0.2903588348,0.4815392101,0.1752078299,0.4776707623,0.1478992663,0.5310222946,0.8875603428,0.6545800995,0.1005114884,0.5210540375,0.3297597098,0.4497328952,0.2800178905,0.6077534147,0.3500513624,0.3339800645,0.6799146905,0.400992804,0.1715886355,0.4107090953,0.9532147228,0.9476409544,0.6619389236,0.07197794668,0.8584787634,0.6946349655,0.8063983859,0.3508716914,0.2460317159,0.5120236328,0.01576815002,0.3122396261,0.2339843776,0.4482154196,0.04818408823,0.01009403717,0.2381698361,0.951818464,0.5575957383,0.9811420304,0.2247500823,0.03735403788,0.3887907573,0.219214275,0.09731782383,0.3462622254,0.5910575626,0.3929415987,0.6756914469,0.5587446148,0.3391829668,0.1567631565,0.7177938602,0.06260280455,0.7036092468,0.6363460629,0.9249211056,0.3146233019,0.8997881736,0.8799146879,0.3022997707,0.6849791454,0.6973451523,0.582732623,0.2747429053,0.2824227035,0.4560478942,0.3869388421,0.2592057913,0.6306712084,0.2424272665,0.9999779742,0.5094051472,0.3347318713,0.038735436,0.4095035378,0.4504876095,0.3125605093,0.5500897785,0.3029345776,0.9999779863,0.3743990066,0.4746978339,0.999977805,0.508787214,0.3365093908,9.580122602e-05,0.4370574983,0.4225537456,9.009757996e-05,0.6413988008,0.2548977646,9.703719384e-05,0.376326994,0.4942917202,9.485032194e-05,0.6343314589,0.255604205,0.9999779777,0.2543634577,0.5782564416,0.3336400646,0.4818822716,0.3556412531,9.498959282e-05,0.728370796,0.3191590294,0.9999779925,0.4441275663,0.3999467088,9.939160327e-05,0.5900958381,0.2640358717,9.699227482e-05,0.4986034879,0.5353638501,0.9999780844,0.5407331539,0.7064717245,9.704882034e-05,0.48505691,0.3667859005,0.9614805603,0.5565940885,0.2772841756,9.682315501e-05,0.2250028705,0.6204291981,0.4624019233,0.3686446675,0.4829490297,0.0001055288682,0.3404576574,0.5212428043,0.9999813215,0.645035879,0.2398586579,0.999974222,0.6991417356,0.3106546036,9.689896079e-05,0.4141506735,0.7653631093,0.4741903224,0.6348713311,0.230029649,0.5199809718,0.4303005526,0.4113655312,8.132647044e-05,0.5849630651,0.4695681721,0.999977945,0.5138047149,0.5863186124,0.1960186936,0.5277939931,0.3138507601,0.9569524975,0.3575993317,0.5035076688,9.669354955e-05,0.7786564692,0.3465140379,9.700110247e-05,0.6111285084,0.7672531822,9.985633775e-05,0.2172852887,0.6355897068,0.8328513424,0.5075640238,0.3386793489,9.696045929e-05,0.4814450745,0.569055192,9.818986398e-05,0.4291710898,0.4361026368,0.9999780114,0.6491894093,0.4058221482,0.07723165949,0.6590968047,0.2328562013,0.1232277133,0.557126879,0.2932834892,9.952012514e-05,0.296786309,0.5523412435,0.6263395802,0.4613157425,0.3846348675,9.68421262e-05,0.5629068519,0.4897391388,9.701413157e-05,0.4034431872,0.477649369,9.766162259e-05,0.4606896781,0.6329594311,9.704038468e-05,0.6744514371,0.4126823812,0.06683538304,0.489011551,0.3676743125,0.9999759338,0.6283045233,0.2372318015,0.6772648912,0.409384825,0.4496132314,0.9999736593,0.5696287153,0.2892576507,0.999978002,0.568891196,0.5251442947,0.9999779704,0.7512952582,0.3188267904,0.0001012441664,0.2811566843,0.5660917231,0.9999780322,0.4139712792,0.7166018993,9.729464047e-05,0.4307772099,0.5260284119,0.5794387081,0.6432152852,0.2261142724,0.7146429984,0.4958552284,0.3528788811,0.9999780032,0.6577654707,0.6851817955,0.9759592856,0.2006012113,0.6393143302,9.709809709e-05,0.3090320437,0.7441980094,0.4802085748,0.4101633326,0.4402139627,0.9999779703,0.5753377689,0.4072998166,0.05780991525,0.6863941768,0.2425331897,0.3941658704,0.5610104936,0.2818599999,9.028786022e-05,0.5510512948,0.5668724142,0.621542394,0.378155839,0.5378317148,9.690800986e-05,0.5089366137,0.4296897759,0.5131514118,0.5237559742,0.3157031433,9.728592191e-05,0.3372810668,0.5174944437,0.5891569293,0.4698547225,0.4917291032,0.01894042959,0.6554747588,0.3195938824,0.5426769178,0.4446547452,0.3996540551,0.6722048518,0.6215600993,0.4649311647,9.888251967e-05,0.405079764,0.613275095,0.738454357,0.5321817693,0.5911014595,0.3056353191,0.3899231416,0.4534123833,0.6760272453,0.4831678161,0.3657105032,9.730007746e-05,0.5006777735,0.4749903592,0.6805933802,0.3175279248,0.5374663565,0.5886785957,0.6345430664,0.2239543916,0.7342254019,0.6382339036,0.3336059925,9.089847643e-05,0.7315072124,0.4413120139,9.127256128e-05,0.7095622176,0.2489871385,0.1748552742,0.5733260923,0.2667420795,0.499703103,0.4537056617,0.520026509,0.1737615949,0.5458613239,0.4051990532,0.7383631967,0.4496194409,0.40587579,0.5062405257,0.5843229174,0.5177834792,9.706888998e-05,0.5272398861,0.6460659666,9.700477549e-05,0.382974963,0.4644515553,0.0001016586359,0.2083732354,0.6683141524,9.716235762e-05,0.2702822791,0.5696335374,0.5206316901,0.5952511613,0.2450589743,0.999985458,0.793657828,0.349103169,0.4425648865,0.5118188871,0.3256355921,9.667891726e-05,0.409056685,0.5506581239,0.7359818581,0.6190378182,0.3424591794,0.5791819023,0.4852930665,0.4633738806)
