mCurrentIter=100
mCounterStuck=0
mYPrev=-26.58611365
mParameters.n_iterations=100
mParameters.n_inner_iterations=1000
mParameters.n_init_samples=100
mParameters.n_iter_relearn=1
mParameters.init_method=1
mParameters.surr_name=sGaussianProcessML
mParameters.sigma_s=1
mParameters.noise=1
mParameters.alpha=1
mParameters.beta=1
mParameters.sc_type=SC_MTL
mParameters.l_type=L_EMPIRICAL
mParameters.l_all=0
mParameters.epsilon=0
mParameters.force_jump=5
mParameters.kernel.name=kMaternARD5
mParameters.kernel.hp_mean=[1](1)
mParameters.kernel.hp_std=[1](10)
mParameters.mean.name=mConst
mParameters.mean.coef_mean=[1](1)
mParameters.mean.coef_std=[1](1000)
mParameters.crit_name=cEI
mParameters.crit_params=[0]()
mY=[200](-40.15052181,50.87106198,38.86691372,25.8051752,38.98231057,2.934054603,1992.5404,-19.04540523,-13.85663792,12.65771273,35.69921253,27.00280046,-47.38083454,3.377179723,20.91844342,-53.5289529,39.05985444,2362.073956,5.671527261,-21.46464468,-37.07452436,60.68169702,-24.24703457,-10.66776455,-42.9868596,-51.62041132,22.94496497,-49.13723521,28.96818204,1454.130413,28.99365709,-15.39789327,32.80615487,-32.82406597,34.57590209,-1.638502532,11.71754078,-18.77034428,19.72400558,-50.53524086,5.061060571,450.1908139,6.802408942,-28.5888523,282.2125034,-9.142431268,-40.99173203,1799.804587,603.3854833,0.3034981891,-7.848290896,-21.03769442,-42.88758282,10.65405933,20.23613327,-12.2267676,-26.33516445,47.5590394,6.977243548,-6.22566973,564.0458647,20.50181077,2136.260185,57.10127118,-22.57567508,-48.38151048,58.5585029,-37.11118381,1.998548675,-41.20962468,11.15461656,-32.1080016,8.86152943,24.9064518,38.21857128,-36.8618782,-46.56236315,7.579641954,126.9765315,2.174774605,3.554335264,22.9831649,6.38471386,2501.210251,-2.936310154,-1.313523026,18.7502983,-7.58647632,43.73660225,12.56849519,19.23633023,-22.78259618,-3.605323161,32.87006516,-7.239547112,-19.65444335,-32.9329786,-38.26064024,1112.295151,11.40781023,-45.08013399,-49.54092136,-39.3389746,-46.7659815,-44.11711118,-45.79788971,-31.76494223,-45.9419513,-48.42818126,-51.51422883,-29.17195148,-27.08199326,-46.08140938,-52.28082204,-43.20013416,-51.29588954,-43.18961805,-35.18590974,-32.99455149,-48.71685543,-51.42733829,-32.16407052,-46.17252706,-46.23786933,-24.24027059,-22.04545315,-42.77276783,-47.37533262,-52.38708039,-50.95495743,-44.5493349,-41.69413184,-38.3732426,-34.28756218,-24.31002271,-46.709708,-54.66695379,-44.94025248,-32.21026236,-47.83856355,-52.1315798,-39.52220373,-17.22044152,-46.38776918,-51.21193578,-48.47226307,-53.58180519,-35.82253247,-41.68180945,-32.24123008,-39.2650769,-46.41703624,-53.72981575,-47.70357943,-50.87916179,-30.64430252,-51.80260969,-52.29447615,-42.09711792,-42.87317897,-45.47374896,-51.11500644,-43.1337908,-48.56668561,-48.31293048,-46.76329707,-21.54591826,-53.06617032,-26.26865072,-54.36385916,-43.51736433,-44.43716697,-50.41826166,-35.1026295,-53.37549174,-37.24207196,-52.89175098,-41.46399054,-49.10203247,-48.60216852,-46.37141258,-49.50035916,-50.12199911,-49.64236893,-37.72971047,-50.33916658,-53.27722814,-51.97955662,-50.67374214,-43.74852636,-40.57938372,-50.51454865,-48.00486367,-46.33021253,-47.78872018,-54.26242774,-51.95146172,-43.98138851,-50.64425171,-26.58611365)
mX=[200,3](0.7804305315,0.6059267034,0.3197761067,0.6848560603,0.2313727736,0.2765955592,0.8493549458,0.9738205968,0.6899777929,0.1809990671,0.1808328716,0.9405659222,0.04626071147,0.9878291846,0.3992789708,0.3648627178,0.1248383786,0.4107893399,0.235301087,0.1084880111,0.09400586355,0.4106943304,0.3030100166,0.7248517176,0.1264219527,0.7184702603,0.5126025472,0.08980030181,0.2051721151,0.8828592595,0.8695189359,0.2424114728,0.3389860353,0.667520002,0.469585948,0.9340583545,0.5508218197,0.256621166,0.475357749,0.5636217407,0.6268790098,0.763882327,0.993056901,0.8332189169,0.7356165997,0.1520964571,0.275436034,0.4203839933,0.7176482494,0.7832334077,0.9049173054,0.3388223639,0.146436575,0.02734183619,0.3025908978,0.7060228054,0.7179349332,0.6962759452,0.6757014183,0.5245164966,0.2649956348,0.5269277452,0.1255285008,0.5344512042,0.8507041554,0.9942681992,0.9441752161,0.4263417779,0.6228488792,0.5287226825,0.7908956215,0.3275375645,0.581302613,0.2911120612,0.5304591587,0.1968306263,0.3172304231,0.3694005262,0.4641912732,0.9441135833,0.246717656,0.4243148111,0.492114978,0.4062034091,0.3286542151,0.9157602874,0.6417705745,0.2456582887,0.02447820016,0.1839117266,0.1388909012,0.3391503284,0.953788268,0.07216008896,0.6920856448,0.5443724372,0.3531104268,0.9695288509,0.2167349923,0.5992816304,0.2895412683,0.6197257224,0.6759363255,0.9520830713,0.6606813083,0.2028109149,0.1638766444,0.8166865543,0.3974682758,0.5786412315,0.8306526543,0.8586181877,0.4043853311,0.6721631008,0.9627662585,0.8760650387,0.05809189954,0.2928011628,0.4348231473,0.4405172897,0.4968551192,0.3557969367,0.1940387761,0.6587127201,0.2180922429,0.1389261436,0.06719890307,0.8410931937,0.08446307592,0.834215368,0.6493181894,0.4911655254,0.7410928847,0.1938500791,0.2092072319,0.2503012879,0.7726157507,0.2374442038,0.0238416103,0.3262974197,0.5874566754,0.7958502643,0.06084709661,0.145827996,0.874956662,0.9066294726,0.01186444868,0.01073580343,0.09256141336,0.805221053,0.3167144586,0.7209895649,0.570064353,0.1745432601,0.5124825436,0.6593700786,0.7359982671,0.5528910911,0.1149667771,0.6481621224,0.8944482451,0.2595728639,0.773630263,0.6195885514,0.87427786,0.5047441046,0.6848387036,0.5950233008,0.9848437921,0.3856359054,0.3741783938,0.61802257,0.999561795,0.1614867618,0.7682321592,0.8236271136,0.6058898689,0.5189183211,0.3470849673,0.7848408259,0.7064300298,0.5993818614,0.00878883135,0.09645035211,0.9281838856,0.3469305405,0.8187105561,0.1350902368,0.07703354124,0.1454479986,0.8001482075,0.97814675,0.1043743074,0.5352003088,0.6300616217,0.7243628801,0.4862159634,0.2812639554,0.03749084541,0.3606993013,0.1701191367,0.3491326131,0.6354880133,0.108008458,0.8860784499,0.1708863614,0.5573685816,0.5722432352,0.5482843436,0.4570709736,0.4531518078,0.2221182863,0.8688043833,0.9373030576,0.6523951024,0.4359523085,0.4001587525,0.04025233709,0.8291552848,0.2731764007,0.9340068848,0.505531609,0.8242166867,0.4572024088,0.9860099013,0.951705208,0.4167284569,0.3085119032,0.4481047983,0.5818254428,0.2635094325,0.2288173673,0.8680088679,0.2926123419,0.4738798056,0.07015492688,0.3839488582,0.9295170821,0.3922091704,0.7992883601,0.6334065326,0.6621184353,0.7491829572,0.548085149,0.05938913019,0.9144043584,0.4365482928,0.7312509618,0.7053585457,0.001351978017,0.1585604701,0.03438285917,0.4816920012,0.03938479792,0.6967316634,0.9752677575,0.7504578929,0.04736653256,0.6288012384,0.8850396515,0.06378249401,0.9009650389,0.7669590911,0.4859798169,0.9128741376,0.8140194919,0.926202834,0.7564646999,0.01952639343,0.8525913361,0.3847542254,0.4424985877,0.8983642238,0.1131676338,0.37146318,0.2260066179,0.2827221013,0.1148002618,0.7778987691,0.808187992,0.2671276469,0.9654107543,0.376445854,0.4742344631,0.7559793617,0.8952654941,0.7412737145,0.3500879229,0.05333093889,0.5063956262,0.5678493965,0.1643249255,0.5639402361,0.4686832634,0.2169506424,0.08071705644,0.1529214109,0.608752812,0.001269791061,0.8448963307,0.2453803555,0.5523292029,0.2358166126,0.07991400393,0.4872175223,0.2732932862,0.691549212,0.6191737765,0.2098168215,8.886201916e-05,0.4566464086,0.2973230661,0.5424839575,0.5992896405,0.2151085086,9.015663536e-05,0.4480368942,0.3029005121,0.2298307174,0.6578091721,0.1999740142,0.8978531507,0.4899017668,0.2590074986,0.8384172679,0.4838860738,0.2630791519,9.704032516e-05,0.4153308118,0.3429837349,0.9999780112,0.3864669588,0.4712869935,0.9999772864,0.6784991485,0.1970821338,0.7357906196,0.4387411424,0.296873345,9.684958613e-05,0.3728257785,0.4580708551,9.460319655e-05,0.5418249592,0.238111328,9.710928043e-05,0.4103295312,0.3475828714,0.9999841246,0.524837411,0.2399595181,0.9714002042,0.412073752,0.3356110449,0.0001055362166,0.6637653841,0.1988144193,9.707175177e-05,0.3955757417,0.5041223858,9.700542866e-05,0.3816186533,0.3948686385,0.9999781169,0.4376327749,0.5210304081,7.371675849e-05,0.4997261407,0.2573252542,0.0001002887779,0.4763913348,0.2715695633,0.9999779835,0.3574153828,0.418461547,0.99998508,0.7092774892,0.1883811175,9.70520709e-05,0.5602997596,0.3597599185,0.1609648376,0.4248393304,0.3000058051,9.685750258e-05,0.3406629177,0.4824276551,9.685451471e-05,0.3915913079,0.3867220402,9.675559549e-05,0.4433152493,0.5185255422,8.317247981e-05,0.5581511343,0.2269738736,0.9999729563,0.515010199,0.24241956,0.9873172274,0.4356905874,0.2926528975,8.992887797e-05,0.7141634707,0.1856836691,9.688603779e-05,0.4125036068,0.3167601333,9.696745056e-05,0.3364913268,0.4427595409,9.105993235e-05,0.5218691414,0.3928137905,0.9999780092,0.4861041922,0.5357283607,9.687205689e-05,0.3297103124,0.5318798664,9.010911459e-05,0.4449017502,0.450332767,0.9999780813,0.4770872533,0.3798120561,0.9999779874,0.3264506019,0.4579286513,9.693838335e-05,0.5262140737,0.2387182221,0.7184810157,0.5434142756,0.2243203839,0.5969017361,0.4419909352,0.2761979226,9.700848636e-05,0.376924789,0.3605920461,9.352742957e-05,0.616763445,0.3156709117,9.687150298e-05,0.4847260975,0.4958162184,9.703219889e-05,0.2463472156,0.655502498,9.705414929e-05,0.3835699599,0.5709111843,0.3308199619,0.4613158163,0.2676920484,9.697559821e-05,0.3582967766,0.4128821498,0.4128348223,0.3975236086,0.3181116329,9.712355889e-05,0.2859191955,0.4934325253,9.696874426e-05,0.6426419301,0.4000996223,9.763693138e-05,0.4317658102,0.4155476174,9.694384005e-05,0.3349106971,0.4340871551,0.9999845694,0.584811581,0.2158596975,0.0001036376556,0.5777146413,0.2166266016,9.396716508e-05,0.4692017421,0.2700737683,0.4573942062,0.3898495691,0.3335258983,0.9999779314,0.5351481837,0.3411396528,9.706799582e-05,0.3765274599,0.5232650658,9.696055866e-05,0.4720857373,0.3631792948,9.670068222e-05,0.4638580574,0.4604765721,0.9999779893,0.3523572862,0.5502466094,0.5730363934,0.3671123561,0.3830135902,0.9999779805,0.7352223327,0.1876948949,3.027166255e-05,0.3176845506,0.4526782834,0.0001026106871,0.4987756962,0.2524361278,9.462167604e-05,0.3960197,0.3236190527,9.697817464e-05,0.2540042422,0.529280123,9.72263779e-05,0.3660322791,0.6249586714,9.685716116e-05,0.3687534034,0.4634806407,9.136197176e-05,0.5219908892,0.52425267,9.708704993e-05,0.3456342237,0.3997569006,0.9638655503,0.4724262188,0.4358115965,0.6827190268,0.4748265552,0.2540595767,0.6580426248,0.4326486155,0.2810891449,8.971735753e-05,0.5179755296,0.3268084876,0.6001457309,0.4139229367,0.297434353,9.072181667e-05,0.3521199058,0.4904419137,9.696080186e-05,0.435646561,0.4098006637,9.760473224e-05,0.6056845577,0.208118478,0.6343451487,0.3476233492,0.4086942254,9.715275621e-05,0.2860075769,0.4722733715,9.722189328e-05,0.4076982403,0.4688648437,9.707276291e-05,0.3705007692,0.3677568021,9.690763438e-05,0.3963378324,0.5507188637,9.670325878e-05,0.5556012992,0.4298340257,0.6038712565,0.3830575737,0.4639307719,0.6833054331,0.5337638334,0.2240184093,0.610255486,0.4988928078,0.239567706,0.5578348279,0.441848569,0.2726620974,0.5050886421,0.4563688383,0.3658251544,9.686077368e-05,0.3343392956,0.4215569034,8.913148505e-05,0.2558703421,0.5710667943,0.5463926491,0.3845562902,0.3309112043,0.999983775,0.5502432603,0.5781647922)
