mCurrentIter=100
mCounterStuck=0
mYPrev=-24.51328756
mParameters.n_iterations=100
mParameters.n_inner_iterations=1000
mParameters.n_init_samples=100
mParameters.n_iter_relearn=1
mParameters.init_method=1
mParameters.surr_name=sGaussianProcessML
mParameters.sigma_s=1
mParameters.noise=1
mParameters.alpha=1
mParameters.beta=1
mParameters.sc_type=SC_MTL
mParameters.l_type=L_EMPIRICAL
mParameters.l_all=0
mParameters.epsilon=0
mParameters.force_jump=5
mParameters.kernel.name=kMaternARD5
mParameters.kernel.hp_mean=[1](1)
mParameters.kernel.hp_std=[1](10)
mParameters.mean.name=mConst
mParameters.mean.coef_mean=[1](1)
mParameters.mean.coef_std=[1](1000)
mParameters.crit_name=cEI
mParameters.crit_params=[0]()
mY=[200](2.694644497,6.053284442,-16.87012116,-6.056564326,-23.71992989,30.48040372,23.87547726,10.92923389,189.4154121,16.68605264,76.71096407,2630.025291,9.320627481,-18.78845179,25.99205208,-2.6857574,1482.795637,-33.48429447,18.12378272,-17.67145135,-10.76345467,-5.465036974,7.817601362,-25.78392303,-28.51644976,33.42762703,21.89752234,13.71707375,26.43798747,3.278392956,82.437077,1716.866226,-28.48002721,-8.086426022,66.95297784,-27.4667689,-16.77110154,-3.737212539,112.3357643,-27.44342944,27.34825479,44.60144435,2078.535601,9.153672626,-31.73920057,27.29273966,-18.7117806,11.06745131,1176.308644,2198.320199,-7.099651446,-33.82917056,20.21056634,-39.35884101,55.07521178,-2.755853049,12.94254709,12.75476491,42.33225796,-14.73593802,-25.26751036,-30.73750284,0.5438710204,2214.375156,62.3551996,72.70106875,18.73301898,3403.105036,9.850862524,47.62765235,-3.336087977,6.190188111,-18.34642818,-32.63666712,24.57964368,-4.274281048,20.05655875,466.1290827,1173.888849,-24.66259198,-3.250864336,56.56538029,-1.760332163,21.20889484,-26.05935965,-20.83698375,57.89547417,-18.51349802,1222.162625,104.4258782,-28.71616438,107.9690606,-13.86690683,1874.777162,4.229867585,19.59153003,-0.7288743514,-6.556776747,218.0958703,-29.52264792,-32.06437658,-30.51915085,-28.33324107,-33.10952588,-37.1907728,-30.30012329,-31.34532861,-31.45484288,-32.81636035,-37.56976748,-28.79653684,-35.57241817,-30.36534862,-27.61167084,-27.19043059,-41.06587645,-32.12469535,-30.32644603,-30.47645871,-25.81453706,-12.23754772,-25.7540652,-29.0994495,-33.95649312,-34.41374324,-30.71978661,-31.64741023,-30.84408011,-34.01517642,-24.58567844,-35.78542165,-20.0586695,-34.74780361,-29.29074097,-31.24454372,-30.59535064,-34.59200582,-34.39733999,-11.64701323,-18.06744175,-25.37432258,-36.08016883,-20.71645048,-38.18774698,-34.69797209,-30.00299498,-29.31567386,-39.60544302,-31.98904848,-29.60310293,-33.75420658,-36.11436632,-8.481278051,-29.67219328,-13.71953113,-30.18554724,-37.10452909,-0.5379614265,-24.25974398,-31.09528172,-26.74674706,-36.31117916,-34.77806766,-14.89916025,-36.293181,-34.80440494,-34.42584047,-26.85116372,-30.16784703,-22.89849236,-28.72404676,-34.32304255,-38.58000449,-23.87894805,-34.28907623,-37.59240596,-28.70050981,-39.68643318,-33.70086242,-34.78885248,-32.04220973,-33.00486155,-35.80005277,-5.836219834,-26.42355803,-19.32426647,-35.05236908,-37.60959106,-26.63796518,-30.26512805,-6.629390521,-35.64675147,-32.76840671,-36.34713212,-29.58613927,-29.97567871,-36.00526469,-37.69736078,-35.83946645,-24.51328756)
mX=[200,3](0.2559664602,0.04894738661,0.7328938801,0.7291294863,0.6359586266,0.8148014315,0.9876930907,0.4373098525,0.4263554486,0.2639571014,0.8380369749,0.1971234996,0.3086637135,0.3599575201,0.6385771641,0.8154553145,0.5377568247,0.9745463078,0.3730637312,0.1954925414,0.9487703762,0.09122824278,0.5997009552,0.8300462592,0.3682104304,0.1401861523,0.3759643135,0.312007738,0.9145095872,0.5862314901,0.06161115397,0.3753876659,0.2316410376,0.3319685955,0.173125922,0.01867410721,0.9742406836,0.5799235949,0.09532202129,0.2997187123,0.2711063431,0.6803985282,0.1504700793,0.9654269797,0.5750929571,0.673446543,0.7520848562,0.6644930429,0.2736723639,0.08433078189,0.1662356731,0.4227142856,0.6408385016,0.2227683875,0.2055431857,0.5068222025,0.8999961734,0.4371863094,0.6282582686,0.08461080665,0.01301663372,0.7765530096,0.4176758816,0.9558180433,0.4520522233,0.300781741,0.9217739257,0.8890389987,0.5239147668,0.4931105575,0.3434638092,0.4668061677,0.9060868208,0.6963932985,0.2545532763,0.1092661167,0.2905547454,0.9937959379,0.176413134,0.5189774368,0.9145670171,0.1166547266,0.9028062751,0.5687373014,0.4820170495,0.614177523,0.9337119347,0.1698778513,0.02221729134,0.7725598633,0.6343187569,0.1558719039,0.4413650761,0.5399783834,0.2348913561,0.04190699244,0.7337847674,0.7056443443,0.288243696,0.2113477668,0.7282857863,0.6006340155,0.6666913687,0.4905935874,0.1024762355,0.5021697739,0.4125816552,0.3867208753,0.8569900339,0.3904989183,0.493919262,0.6197487257,0.8759217221,0.2977420953,0.4621291836,0.1225809743,0.4382833252,0.008036600074,0.4885918473,0.5989054914,0.386384472,0.3080691382,0.9668453383,0.02197779466,0.8646056943,0.9215413819,0.5699028221,0.002082889669,0.1586965213,0.4465322951,0.2131154678,0.5024134977,0.551310622,0.6655704962,0.1710585321,0.03038075674,0.9394469805,0.6409520669,0.3236322201,0.3278066202,0.6905696316,0.9424767536,0.1693950687,0.6261131722,0.8787855625,0.3375813314,0.03047692041,0.1837669179,0.1333239521,0.07943171859,0.7159275198,0.8283436236,0.1281587857,0.3566319985,0.5675811316,0.4810096028,0.7439905208,0.9450745795,0.5343500362,0.8380923501,0.6042496438,0.3403559677,0.05429819365,0.9923434019,0.8823062055,0.126471176,0.1171009794,0.7210968023,0.6909286307,0.09199113015,0.8786371038,0.04035417467,0.8531286575,0.6599219754,0.9396036904,0.9591892304,0.8531136954,0.9927640474,0.7832144194,0.3250165483,0.4151082311,0.5295570899,0.6134802586,0.5474395231,0.6501874604,0.3905870312,0.7843545034,0.2494975149,0.5589430046,0.7590381454,0.425256275,0.002968105462,0.6239621378,0.9867281447,0.9826772971,0.7053768777,0.922366379,0.05007095535,0.4592191309,0.5445868677,0.9028023168,0.6449871003,0.01649734952,0.02782159595,0.600658641,0.2607868212,0.8687865517,0.2200213159,0.9750844796,0.8402638712,0.2865984716,0.2587214373,0.7822378784,0.8420691047,0.7635966433,0.7530938235,0.7744749709,0.7492920422,0.2633894181,0.8808451842,0.6708274765,0.3618677023,0.1392487617,0.03237662215,0.9512252735,0.4075267793,0.1851926545,0.7415488903,0.5985697674,0.8163626072,0.7977465263,0.2382250846,0.106263373,0.311323999,0.2470184671,0.06289686179,0.2090119058,0.3904951683,0.7179525407,0.270636605,0.5125491004,0.4485845669,0.8036581448,0.5723975568,0.3850907111,0.2486679314,0.866653392,0.8420276425,0.4552566646,0.6813705876,0.8927683633,0.7128785057,0.3429936378,0.3144398926,0.5447066805,0.8248016262,0.4066994473,0.475737125,0.1967739819,0.5517359323,0.1434339957,0.7969624114,0.7346791026,0.5179475203,0.6500639013,0.2065997949,0.1123931846,0.5814271159,0.3636197153,0.2175109235,0.4792181235,0.6855717673,0.3504336121,0.07921775678,0.4798190894,0.1336848771,0.9678678919,0.4677493121,0.675370286,0.895974612,0.2237958448,0.06233085605,0.8010494868,0.05092332687,0.7035547699,0.7686070709,0.7954811988,0.8255103572,0.9117384785,0.2843933536,0.7697423497,0.08510120708,0.8075848557,0.1846174712,0.5299567316,0.0778340685,0.4006706493,0.1417871043,0.5871790276,0.3340378337,0.1953081177,0.6251324585,0.2573765646,8.727196129e-05,0.6243510768,0.2622931865,0.7038160859,0.6483889202,0.2389600312,9.680115994e-05,0.6167304074,0.2694404857,0.7855296024,0.6176749222,0.2488497929,9.70161395e-05,0.5362942701,0.3669894367,0.3751945058,0.6596886693,0.2317196206,0.4055806055,0.6513660303,0.2368425887,9.696300137e-05,0.5212041729,0.4290808805,0.5326771225,0.5867426005,0.2915692188,0.4847494958,0.6729876909,0.222628308,0.4729539728,0.5658052132,0.3152780798,9.719324456e-05,0.5380385142,0.504208844,0.9999781388,0.5643336626,0.531433865,0.6578639908,0.6804877844,0.2177744047,0.3763506918,0.5477047413,0.342511436,0.9999779344,0.5437943934,0.3875952599,0.2549342986,0.5950509904,0.2821629626,9.698792315e-05,0.513716338,0.4505429448,0.9999781614,0.5563644005,0.5646488796,9.680269364e-05,0.5454233142,0.6956764902,8.946712843e-05,0.6824200836,0.2203772759,0.9483213907,0.6831844391,0.2178558221,0.8464005494,0.6060970206,0.27390415,9.769913411e-05,0.5426326668,0.3552972113,9.695137267e-05,0.478996782,0.5320260902,0.9999843657,0.5607568424,0.4405232781,0.7396174964,0.6898416256,0.2117129372,0.6796255597,0.5879754895,0.2911932195,9.707939779e-05,0.6245096409,0.5224144407,0.3183470426,0.5221295067,0.389717951,0.999978148,0.4629102871,0.589588349,0.5962490951,0.5762986221,0.2925550578,0.2727004212,0.662708607,0.2167380632,0.999977868,0.5747725052,0.4594454301,9.76270909e-05,0.4204945773,0.5439092483,0.1787253755,0.5688473862,0.3078790623,0.09660754906,0.501077066,0.4271204511,9.689156274e-05,0.4445818347,0.7315536128,0.999977997,0.6198731519,0.6226054804,0.9999766751,0.6996146585,0.2097132574,0.9702112266,0.5592294486,0.3414822448,9.778451972e-05,0.6293145608,0.5494913,0.2000017484,0.6116618967,0.2415251298,0.7525536037,0.5702838526,0.462580961,0.1334485031,0.6906009392,0.2114750754,0.6293091007,0.6889720071,0.2091917924,0.5290169074,0.5378947729,0.3586627374,0.177102969,0.60105602,0.2701044358,9.706819013e-05,0.3831293383,0.5920508393,0.08728405874,0.4631581239,0.4653843269,0.5266401815,0.5984218363,0.2889094139,0.9999779583,0.4573423707,0.7221267804,0.894188885,0.4695142501,0.5316997143,9.704201555e-05,0.6072156001,0.6563352954,0.3035583523,0.6313017353,0.4634480743,0.759717451,0.5304776892,0.3865164189,9.688475776e-05,0.3186099271,0.8074721717,8.427983812e-05,0.6878256956,0.2138347749,9.054416194e-05,0.5710533616,0.3262725338,0.8200354333,0.631339968,0.5330516232,0.5174925776,0.5118420339,0.4145948195,0.5924020818,0.6149512973,0.2617510785,0.963776883,0.3965464558,0.6026733838,0.5591883167,0.5778063953,0.2912586091,9.710087954e-05,0.4388394448,0.501068799,0.6499612663,0.4928827002,0.4841612806,0.8459602658,0.6925780735,0.2070543059,0.00528860106,0.6281815916,0.4393968704,9.716660767e-05,0.3603733906,0.6208122934,0.9999915821,0.662730079,0.2260490002,0.9197361821,0.6136813911,0.2647619173,0.6210277353,0.5334256736,0.3756264273,0.172576931,0.6080944731,0.5726275529,0.04995219159,0.5146627927,0.3886027063,0.5084489828,0.4698882753,0.5153172625,0.8491252957,0.7081125017,0.1986629162,0.6128238426,0.5739778368,0.2993710871,0.8556325516,0.6131319804,0.4452372936,0.7951853498,0.5721885049,0.3208190048,0.2055339123,0.6327526016,0.2524903631,0.3864292085,0.4819879853,0.4464293691,0.3048528644,0.614169538,0.2675888636,9.707733967e-05,0.6128099323,0.7145948395,0.4078890519,0.6491034122,0.5049768444,0.9999779797,0.657853886,0.5980573421,0.4292543849,0.4532670547,0.5506512144,0.8059386864,0.5409321298,0.3854968452,0.01200704388,0.6915003505,0.2061849595,0.06855131604,0.5654489638,0.3307583837,0.9999780278,0.3548307345,0.6817365928,0.6478429568,0.4892769971,0.4785511416,0.357674972,0.6118131333,0.4193694542,0.5189194844,0.5911937163,0.30025295,0.06993562831,0.4873031174,0.5791041053,0.5027189934,0.6852101254,0.204148313,9.709783793e-05,0.446902732,0.4617749568,0.6305174112,0.518584241,0.3863030569,0.7103106935,0.4843241313,0.5210030676,0.122502899,0.6540696764,0.5032073675)
