mCurrentIter=50
mCounterStuck=0
mYPrev=-0.416427878
mParameters.n_iterations=50
mParameters.n_inner_iterations=1000
mParameters.n_init_samples=50
mParameters.n_iter_relearn=1
mParameters.init_method=1
mParameters.surr_name=sGaussianProcessML
mParameters.sigma_s=1
mParameters.noise=1
mParameters.alpha=1
mParameters.beta=1
mParameters.sc_type=SC_MTL
mParameters.l_type=L_EMPIRICAL
mParameters.l_all=0
mParameters.epsilon=0
mParameters.force_jump=5
mParameters.kernel.name=kMaternARD5
mParameters.kernel.hp_mean=[1](1)
mParameters.kernel.hp_std=[1](10)
mParameters.mean.name=mConst
mParameters.mean.coef_mean=[1](1)
mParameters.mean.coef_std=[1](1000)
mParameters.crit_name=cEI
mParameters.crit_params=[0]()
mY=[100](-2.756310801e+11,-9.140415694e+11,-4345824764,-1.957559464e+11,-2.048162836e+10,-2.992537055e+10,-2.199014631e+11,-2.09856076e+11,-1.749179291e+12,-1.381314798e+10,-3.593504684e+12,-1.434366429e+12,-150029585.9,-8.81625759e+11,-4.419068707e+12,-2.57502551e+11,-1.471622621e+12,-580728255.2,-1.11656658e+12,-9.408235423e+10,-5642094695,-1539834062,-7.352142225e+11,-3163880.23,-3.004010099e+12,-2.508941263e+11,-3.094074938e+10,-2.918801592e+11,-1.619107379e+10,-2.279082491e+12,-1.593080078e+12,-7845430104,-2.724088234e+10,-1.84962365e+11,-62823978.23,-1.214038138e+11,-1.432771348e+12,-23007646.61,-4.523206325e+12,-6.796209372e+10,-2.731016421e+11,-36270.46505,-153641907.6,-1.091379244e+10,-1.403182411e+12,-3.451693364e+12,-6.079055251e+11,-1.52144142e+12,-2.440055457e+11,-1.063084658e+13,-5.036074299e+12,-2085950059,-3.977115116e+10,-5.798901096e+11,-5.288806322e+10,-3.292004996e+11,-6.042012571e+10,-581036499.5,-1.13113974e+12,-4.964292986e+11,-2.973200745e+12,-2001949698,-8.674540435e+10,-4.28467998e+11,-4.849800056e+11,-5.796993804e+11,-4.527867666e+10,-5.111108231e+11,-4.109822117e+11,-3.183621688e+10,-3.950832557e+10,-6352901890,-6.114651895e+10,-958294514.1,-2.631183403e+10,-110497753.5,-3.576825806e+10,-9043579907,-1.658290261e+11,-4.614351423e+10,-3.212379904e+11,-2.949280297e+10,-3087787743,-1.009979891e+12,-4213080647,-3.898628567e+12,-1.903835292e+12,-8738634472,-1.87185506e+12,-1.006794342e+12,-0.002368637959,-19341.61806,-3.750673772e+12,-0.3201539827,-38823723.63,-182431067,-3437968577,-1.901212811e+11,-5.412612696e+11,-0.416427878)
mX=[100,3](0.390158837,0.1808013505,0.9124677076,0.5131544373,0.1623249778,0.7782446401,0.07134564321,0.3882078108,0.3975669172,0.165483551,0.2744377724,0.4907312607,0.1499237244,0.4122698283,0.5347422713,0.7337411084,0.3719151863,0.4778961519,0.3395461008,0.6067113577,0.3507278975,0.4895168418,0.8875196666,0.2673488131,0.5374044512,0.8129889324,0.6005048254,0.6113225433,0.8772523587,0.2595218774,0.8692032562,0.554452524,0.5924983483,0.6958090673,0.4878029128,0.8815347149,0.7856529411,0.1147601486,0.204022567,0.647927375,0.979653563,0.9520253302,0.9181518773,0.8456450582,0.425213668,0.3437160973,0.8284536561,0.2986895909,0.7764737978,0.6218596132,0.9697005801,0.9364411603,0.5084376819,0.08035600486,0.118709174,0.9386811162,0.6761076468,0.0273864566,0.7480309206,0.8572005678,0.3135570157,0.7011174429,0.007134672571,0.3604746042,0.6918983946,0.1730770433,0.1880823437,0.7954882249,0.7071271791,0.4158218325,0.2402946023,0.03397135566,0.6255847238,0.9824306727,0.5075202796,0.09663921377,0.2860638688,0.73791139,0.2942008607,0.5659678294,0.1833799712,0.1211353005,0.3288674476,0.825631883,0.04190594236,0.4488522404,0.2219634059,0.5617655014,0.7247657173,0.7991313318,0.5417954592,0.5898300666,0.9398362546,0.9555940646,0.7704950994,0.1319382021,0.8340596817,0.08017535997,0.6958619872,0.8504835041,0.4675130793,0.400375467,0.2082303563,0.3153161104,0.1499268571,0.2309613391,0.01234305919,0.8111588933,0.2648516613,0.231945939,0.8692824971,0.01315723594,0.07255410247,0.10921933,0.8836716155,0.52225326,0.6268651093,0.8044990261,0.6595126049,0.07657483442,0.5877856927,0.05775744273,0.5587038577,0.2478633716,0.03231487488,0.05450368465,0.4416452338,0.1422377255,0.3633331121,0.9817807667,0.346506954,0.5649227678,0.7023316804,0.6690580148,0.3292060812,0.4339988852,0.136015869,0.6528893455,0.7454179392,0.9109559908,0.9862829147,0.976311985,0.9594611021,0.3160065159,0.4656571141,0.2033836657,0.7456282433,0.6738383457,0.4261443351,0.4584051603,0.9999898944,0.985667325,0.4495600782,0.01692016133,0.008691515345,0.4475128648,1,1,1,1,1,0.6817090724,0.02334417489,1,0.6074890325,1,1,1,1,1,0.6817090709,0.6288097046,0,0.4501984899,1,1,0,1,1,7.696005778e-19,1,1,0.5000025448,0.001527373414,0.878782128,0.09240499015,0,1,0.5238997694,1,1,1,1,1,0.8067090723,0.6709300295,0.4794099459,0.5049991946,1,1,0,1,1,0.3574674352,0.09469298854,0.6359053556,0.4521491183,0.2141557047,0.9086468292,1,0,1,1,0.6772070484,0.4267462461,0.4578806882,0,1,1,0,1,1.162160908e-18,0,1,1,6.938893904e-18,1,5.81080454e-19,6.938893904e-18,1,2.116362641e-16,1,0.4239427083,0.4590578415,0.04292261541,1,0.4317640363,0.998978306,0.9920253583,1,0.375,1,1,1,0.4245826786,0.4575205264,0,1,1,0.5445290964,0.998715819,0.6600485796,1,0.4252426144,0.4566550159,0.6104158601,0.9960510194,0.5611548003,0.5287609198,0.9975505675,0.6787716489,0.5199542771,1,0,0.6739450981,0.4256064336,0.9594130831,0.6409666784,1,0.4381505991,1,0.0328594975,0,0.9611784097,0.05911082464,0.0346648248,0.7075874572,0.1078742858,1,0.6260345762,5.989269712e-17,4.014381424e-18,1,0.007365197314,1,1,0,1,1,0,1,0,1.387778781e-17,1,0.4166624668,0,1,1,1.27578991e-17,1.078520769e-32)
