mCurrentIter=100
mCounterStuck=0
mYPrev=-42.28364982
mParameters.n_iterations=100
mParameters.n_inner_iterations=1000
mParameters.n_init_samples=100
mParameters.n_iter_relearn=1
mParameters.init_method=1
mParameters.surr_name=sGaussianProcessML
mParameters.sigma_s=1
mParameters.noise=1
mParameters.alpha=1
mParameters.beta=1
mParameters.sc_type=SC_MTL
mParameters.l_type=L_EMPIRICAL
mParameters.l_all=0
mParameters.epsilon=0
mParameters.force_jump=5
mParameters.kernel.name=kMaternARD5
mParameters.kernel.hp_mean=[1](1)
mParameters.kernel.hp_std=[1](10)
mParameters.mean.name=mConst
mParameters.mean.coef_mean=[1](1)
mParameters.mean.coef_std=[1](1000)
mParameters.crit_name=cEI
mParameters.crit_params=[0]()
mY=[200](-50.02563515,2796.537128,-42.86485256,-7.907856348,-0.9166851402,18.58273044,-30.47384061,-9.225456969,29.76715057,-1.202506868,27.72708668,-20.89081721,-43.08875303,-37.25284613,-46.96640488,-48.45578518,14.61728073,31.71195457,43.00943202,-36.61133199,-48.99130061,-36.4336825,27.40915893,-13.02858286,-52.5204513,-49.19072108,-31.29060314,-16.76991944,6.703798086,-41.42330658,-11.96158731,29.40218191,59.61395448,-4.866168784,-51.27761518,32.34755903,101.8200467,-30.8163883,-32.12296131,-2.134913504,-29.94774855,18.35508419,-15.41026901,-12.22224397,18.16703285,25.74624892,42.12199643,17.55326624,-7.109042544,-0.7411852779,508.7701135,-0.6752407316,60.19465328,373.3568501,201.0232633,270.9107516,-48.76689176,4.481476235,-8.420737724,22.05745873,60.49966279,746.5080993,-41.23658365,2.572820395,16.47827743,46.12708048,1423.779676,340.5462871,1.972028943,25.3325364,-41.15316217,-23.61196578,24.15121062,-41.72416817,-4.751817601,89.33456084,28.13499567,-18.35886199,-2.425479966,-41.44031968,-45.29769985,-28.26922454,-53.1202192,-10.53777162,-23.50225264,30.21151361,144.9459362,5.33038853,15.78966303,-50.70807787,-6.510733999,-13.73406112,27.55335812,-29.50691212,-26.08751015,146.7459991,10.20993933,-12.46846473,-30.13284012,32.35194753,-36.50138325,-23.45138565,-46.53537722,-50.63284373,-51.43534494,-29.10096446,-46.36717667,-49.65872775,-50.38874084,-38.96757923,-40.33491862,-39.63923586,-52.56979764,-25.74627196,-50.79296033,-39.39374963,-52.28560696,-47.11058904,-35.92968872,-35.75345123,-52.43722646,-52.74255026,-47.41639669,-44.8504751,-22.62422929,-52.16479238,-50.37629138,-47.67994095,-53.96713893,-49.10922005,-44.35618554,-44.86684735,-39.43083394,-53.64411793,-44.35506576,-48.88029154,-35.80831155,-32.10919071,-45.99845605,-46.91976455,-50.64009242,-51.09263861,-30.2357248,-51.22404711,-55.68981265,-50.06747035,-20.96404386,-36.29526574,-51.5924263,-49.49977321,-46.08370606,-47.2682783,-49.83561549,-52.7319428,-41.8907522,-53.51880566,-46.21408928,-52.85516805,-52.44356822,-41.55883921,-41.70377531,-48.31855262,-33.60006756,-39.69125316,-53.63235433,-52.96750788,-50.70554237,-48.88590061,-53.48046729,-32.88400076,-50.54608208,-50.18199712,-52.76368715,-49.78229275,-52.5747338,-44.40198507,-41.80666813,-43.08793649,-26.40186834,-41.19617266,-50.86738713,-52.31085711,-51.71558692,-51.81764799,-49.50967783,-47.75060139,-48.30065773,-52.28475327,-42.72712135,-55.36709497,-42.86742878,-47.08774677,-50.4703863,-36.03697456,-52.22107894,-48.85701753,-53.33085701,-33.20189542,-48.10570456,-42.28364982)
mX=[200,3](0.1571740997,0.308313199,0.4612567699,0.2410303698,0.009067589738,0.05121122453,0.7434745257,0.5234591426,0.2212948856,0.8416573971,0.0615368148,0.8272458716,0.08580678937,0.02780432453,0.8601530307,0.1955578966,0.07077906219,0.3526394377,0.1061951198,0.6066412959,0.1143712154,0.272352383,0.7831032296,0.2412340472,0.9199973256,0.3263306947,0.9893305003,0.7599718042,0.4228756842,0.8341239089,0.1432934065,0.8374487725,0.7732926755,0.7250351198,0.5911651246,0.6608855847,0.4925337313,0.0389995945,0.6193737755,0.8073673331,0.6628177877,0.149194298,0.6573250618,0.2572604358,0.4083548907,0.1637570638,0.3651079395,0.5177322343,0.4866863975,0.8778557263,0.08370066321,0.4269203447,0.3426824568,0.9904511705,0.2089540673,0.4888580315,0.1210366386,0.9430957572,0.6207614535,0.3668586652,0.9547198164,0.3992677733,0.5533428871,0.0466794134,0.5687414755,0.3710302085,0.3021462546,0.9614990991,0.2886419675,0.9997151194,0.7003636925,0.6354325518,0.3442339915,0.1920018002,0.5271648858,0.4366506122,0.1272728926,0.5667920234,0.7157992625,0.3193254027,0.6907532478,0.5780801284,0.08387888407,0.7833777543,0.3166184841,0.826216368,0.5721616081,0.06554431794,0.3331429445,0.5960136343,0.7906373854,0.5161410071,0.7581116778,0.8976640445,0.5069197206,0.972143471,0.007889289274,0.9148966058,0.9500276264,0.3910301934,0.3522383604,0.8159380217,0.376656955,0.2083124237,0.4445719747,0.9881034907,0.935221711,0.7231643705,0.6324674326,0.1418049632,0.267638754,0.827244317,0.6531750188,0.1009472869,0.9647936497,0.4373504605,0.6721223533,0.4101856679,0.7779556154,0.0948758369,0.7019939978,0.6848889433,0.3869304239,0.7752796093,0.9230249688,0.5052087108,0.7818902799,0.1377672654,0.7900212372,0.8327956614,0.7633800616,0.4925820936,0.5328427263,0.9013223457,0.1552246703,0.2839519381,0.648775507,0.8917200713,0.1861885601,0.9938968301,0.6520893522,0.9002170788,0.549689903,0.9087155732,0.3583042161,0.5890119903,0.07924096155,0.6445346069,0.2876073595,0.8518839554,0.05718464719,0.09676395183,0.1910664467,0.617790115,0.7996351185,0.5429906289,0.2979327305,0.1173083329,0.2976494766,0.6990166112,0.4091594821,0.04666866406,0.1334325302,0.2104465462,0.203124647,0.4575616755,0.04536961113,0.2545730854,0.5586979323,0.2227034172,0.5872787584,0.5935256757,0.1593891828,0.8823511807,0.094458885,0.7412853551,0.5323798439,0.1152641075,0.8877686145,0.6407334229,0.5286436944,0.9796978751,0.9175873312,0.8847241888,0.05262397457,0.1885494379,0.8686363119,0.2461379881,0.3973417675,0.4444279112,0.7150670362,0.7106899378,0.02917355393,0.8032884975,0.7062946706,0.5677082122,0.846011443,0.926010004,0.9275403939,0.410433644,0.003350255277,0.2538591016,0.5523466163,0.01416154594,0.1207813383,0.6337060942,0.0693653078,0.4025799143,0.9411255658,0.4885926564,0.2196696644,0.2738939233,0.62440855,0.4771913343,0.6904392257,0.1704038332,0.2322952408,0.3753645116,0.943638983,0.8512261789,0.4717404834,0.2313798392,0.03697416099,0.1655355832,0.337768038,0.5177244822,0.01205440657,0.3291043494,0.01609690752,0.4902658007,0.9393878332,0.7647829061,0.4626911091,0.1370294128,0.1755390451,0.2325336366,0.8402705131,0.5424944691,0.5776522828,0.3000511247,0.07025412423,0.178015735,0.6017116514,0.6738569084,0.6776069341,0.3414702084,0.228042621,0.2675245733,0.4701915676,0.5027623131,0.5351904537,0.7419266233,0.8164541665,0.7232016133,0.3177975408,0.6876342367,0.9819235891,0.4250815159,0.7361498314,0.9570443268,0.03021033467,0.3640632035,0.7397074768,0.6873007863,0.3814855895,0.8957680679,0.2788037831,0.931028578,0.290481555,0.4535421604,0.665488056,0.4511372154,0.8014735182,0.3337593641,0.7509144858,0.434369861,0.6025131463,0.4443065466,0.9640971713,0.9760160423,0.1868237371,0.4107259416,0.4628907112,0.1036166584,0.737646791,0.6239767821,0.8559493955,0.02431264795,0.2695259656,0.8663408958,0.219792658,0.3290174473,0.3826086241,0.7696154614,0.585970388,0.6107207376,0.1604720907,0.8795770851,0.813313522,0.8777589427,8.993541153e-05,0.4593189835,0.3276646554,0.0001041540199,0.6384370661,0.2205885471,9.731072491e-05,0.4082721792,0.3803959317,0.9999780893,0.4301304209,0.3613565369,0.9999780024,0.4538027799,0.4729104075,0.0001052911036,0.6496661372,0.2136221745,9.685035289e-05,0.4201411717,0.4264577455,0.9594692222,0.4570090388,0.3332025088,0.9999781083,0.4326021743,0.5143639119,0.6571326838,0.6428449193,0.2232491493,9.718056429e-05,0.458824434,0.5205658276,9.710443211e-05,0.410672087,0.360309738,0.9999781221,0.4240620851,0.4152157329,9.691193074e-05,0.6831617535,0.189941028,0.9999781681,0.3181259777,0.5473692296,0.9999750077,0.6254088227,0.2418095423,0.9999779553,0.4120181717,0.3872899811,9.698310767e-05,0.4185182685,0.4540562066,8.986728635e-05,0.4505063946,0.5844315706,0.2403395706,0.5283168861,0.2881141216,0.9999779334,0.2853371299,0.5111242533,0.9999780442,0.4514696464,0.4516939684,9.701122751e-05,0.3550339635,0.4015867097,0.9999768268,0.3273582058,0.6046894041,0.0001060264891,0.6970693745,0.1792761845,0.9999779888,0.4436918514,0.3409082737,9.693945635e-05,0.2820372494,0.5023543898,0.9999781593,0.4877140611,0.5153048072,0.9999779906,0.3946775561,0.4226315527,0.9999780547,0.2277421377,0.5106334042,0.3982981363,0.3972860504,0.3624556274,9.710484625e-05,0.4658732446,0.4751159088,0.9999781391,0.2298340314,0.6507252848,0.9999781038,0.3562449666,0.470127975,0.9999839615,0.4481609786,0.575710756,9.70753487e-05,0.3149429461,0.5372397331,0.9999780007,0.6717187768,0.2073776666,0.000105910832,0.2975541487,0.6688935775,0.0001053852433,0.3241949163,0.4186762222,0.9999772911,0.5380504373,0.2911631077,0.9999782645,0.4742124919,0.431894494,0.9999781889,0.2715303539,0.5401140385,0.0002233665312,0.5487981889,0.2785476967,0.9999779703,0.3869213358,0.3785880811,0.640624846,0.3540463873,0.4744225271,9.696417784e-05,0.1656422543,0.4919923558,0.0001066576842,0.6985052424,0.1739594855,8.984892144e-05,0.4475246651,0.5803793129,0.9999779575,0.288201505,0.483090258,0.3314214538,0.3541928715,0.3997949408,0.9999779545,0.5243031197,0.4763499235,0.9999781364,0.2843560399,0.5814835466,9.710085791e-05,0.3151321377,0.5176051202,0.9999867338,0.5014495803,0.3118828648,0.2128870485,0.4412869397,0.336611307,0.507818852,0.3598000118,0.4536957748,0.9999793509,0.1425411121,0.5131746533,0.6693803515,0.3407514682,0.5192028432,0.9999780732,0.3518873827,0.4061622017,0.208985021,0.5077970234,0.4385523647,0.9999854439,0.488646773,0.5675401301,9.729004096e-05,0.2663991863,0.5529535911,0.999978083,0.6742032057,0.2008765791,0.9999784582,0.205088506,0.6476707563,0.9999780909,0.314141846,0.4781346851,0.2903740139,0.3019470275,0.4445090695,0.9999780365,0.4351216327,0.3568997501,0.9999731499,0.2881405819,0.564659175,0.5221664775,0.3622045182,0.5021533252,9.726930456e-05,0.3867021497,0.6393040417,0.9999780035,0.4991030495,0.4112767873,0.4238627012,0.350334589,0.3864860371,0.5609381957,0.3430188489,0.4981086484,8.975074827e-05,0.234147734,0.4583640791,0.9999782199,0.3257374804,0.4395327465,0.9999781308,0.3581074214,0.6008992963,0.2993150731,0.4967000772,0.4995124841,0.6762768647,0.5783029562,0.2598187168,0.06568001547,0.6944939494,0.171360798,0.3551305285,0.4672158332,0.3223594535,0.3665140814,0.2730603137,0.5447211214,0.5178363237,0.3686130307,0.4268276868,0.9999781437,0.3036163599,0.502186825,0.9999780327,0.5028529373,0.4016568207,0.635648411,0.3549994217,0.3778077112,8.967963498e-05,0.2363470254,0.5616090942,0.9999838148,0.1917556547,0.5684338237,0.5875671385,0.3503966152,0.5248350517,0.2074971358,0.4881534994,0.4139598659,0.5928055235,0.3258533426,0.4618606364,1,0.5201249076,0.5319751399,0.9999766478,0.2130232318,0.4801734739,0.525293373,0.3266605725,0.5478502033,0.9930445167,0.6761450534,0.1939284473,0.9999760597,0.5496801479,0.287397595,0.9999781478,0.4690132771,0.334694882,0.9999780906,0.36561042,0.4437576401,0.0001063680439,0.1967475393,0.6804317076,9.792485429e-05,0.2894410042,0.4283010607,0.9999781882,0.3321602641,0.6279144711)
