mCurrentIter=50
mCounterStuck=0
mYPrev=-2.559873994e+24
mParameters.n_iterations=50
mParameters.n_inner_iterations=1000
mParameters.n_init_samples=50
mParameters.n_iter_relearn=1
mParameters.init_method=1
mParameters.surr_name=sGaussianProcessML
mParameters.sigma_s=1
mParameters.noise=1
mParameters.alpha=1
mParameters.beta=1
mParameters.sc_type=SC_MTL
mParameters.l_type=L_EMPIRICAL
mParameters.l_all=0
mParameters.epsilon=0
mParameters.force_jump=5
mParameters.kernel.name=kMaternARD5
mParameters.kernel.hp_mean=[1](1)
mParameters.kernel.hp_std=[1](10)
mParameters.mean.name=mConst
mParameters.mean.coef_mean=[1](1)
mParameters.mean.coef_std=[1](1000)
mParameters.crit_name=cEI
mParameters.crit_params=[0]()
mY=[100](-4.905023805e+23,-1.113914906e+24,-1.616626188e+23,-3.086586524e+19,-1.946291708e+22,-5.627396525e+24,-7.537122604e+22,-3.842464671e+22,-1.406790817e+23,-3.807428957e+22,-5.293919909e+21,-1.019145282e+21,-4.168356666e+21,-5.285931653e+24,-9.744763075e+23,-9.779239529e+22,-3.017909801e+23,-6.041524464e+23,-2.638500911e+19,-4.439618146e+22,-7.977050424e+22,-7.450812073e+22,-1.099456899e+24,-1.110126359e+24,-9.369970237e+23,-5.502020161e+24,-1.201175635e+23,-8.952041586e+22,-2.823980896e+23,-7.601797646e+20,-1.613624638e+24,-1.616423414e+23,-1.401777145e+24,-1.479963753e+21,-2.279106903e+14,-3.338553858e+21,-5.714285342e+22,-1.005366418e+24,-2.12023991e+21,-5.480017388e+23,-1.07826134e+21,-1.839943328e+24,-7.197044552e+21,-9.826164654e+22,-3.31867604e+20,-4.342572011e+24,-2.661502632e+23,-3.423105327e+21,-1.51448171e+24,-2.526758439e+22,-1.031329248e+23,-5.807245192e+24,-9.130411234e+24,-2.73113987e+24,-2.035967922e+24,-6.249130725e+23,-1.011412075e+23,-2.722245592e+23,-1.026890532e+20,-770788167.9,-5.637103428e+23,-4.075950773e+24,-1.415298222e+22,-1.74157252e+22,-4.355506552e+21,-8.040463395e+19,-2.798804568e+23,-4.664420373e+21,-4.32870753e+22,-1.532283178e+22,-7.12685701e+23,-1.958918902e+22,-6.487956624e+23,-1.172861165e+25,-7.411290473e+23,-3.459597002e+22,-6.92048731e+23,-1.520902998e+23,-4.862304669e+22,-3.458697125e+23,-2.26653158e+21,-1.159092148e+23,-6.626426381e+19,-5.198196806e+20,-8.472916303e+22,-1.547690721e+22,-1.970008151e+19,-2.476806651e+19,-2.342507335e+10,-5893704272,-1.771350046e+19,-1.910799759e+21,-9.247646771e+22,-2.118234791e+19,-1.877177364e+20,-2.630634795e+23,-1.711076665e+21,-7.035787629e+20,-5.032494542e+22,-2.559873994e+24)
mX=[100,3](0.01051699779,0.2388062055,0.5932409323,0.8666848075,0.6527934455,0.2568207258,0.7790978552,0.1938962183,0.6789929682,0.21310033,0.2739808374,0.09618743993,0.9323538616,0.36799303,0.2299103117,0.2430263026,0.0412768466,0.6497447417,0.7430657926,0.3442333629,0.5249207826,0.5132039604,0.8264603089,0.0197877185,0.1073563299,0.1202518361,0.3978940878,0.05908636902,0.8180381091,0.5711935632,0.530713259,0.9114215407,0.9187395634,0.2678186581,0.7966069562,0.06266638056,0.1757373779,0.5799843134,0.202303202,0.7216572352,0.4973472591,0.7506443271,0.4951230999,0.5146686976,0.8552500539,0.2906332407,0.754639904,0.4968344696,0.6007032699,0.5542880214,0.8806542411,0.807008381,0.4272993382,0.3048461531,0.237523062,0.2474001841,0.1633678773,0.389792019,0.0002344003925,0.4290085179,0.9136737348,0.3147817409,0.6244484252,0.5829602096,0.718013885,0.7368425008,0.9602551447,0.6726611013,0.7723246541,0.3636788863,0.0309755452,0.7055788574,0.548873426,0.07245170231,0.9768467273,0.3201493467,0.4607550823,0.4632889455,0.1471371297,0.634510682,0.2670543568,0.1239399557,0.896318787,0.0545900266,0.7034623616,0.9959765548,0.2977231661,0.02690672672,0.4509924405,0.1856080226,0.7840601344,0.1574370216,0.8244563836,0.5754805812,0.8754133316,0.8620686872,0.4698992212,0.5926308884,0.8055418146,0.1872378477,0.3290061116,0.142257432,0.071712789,0.2020888806,0.03511557235,0.6782722028,0.9793100858,0.9223735236,0.8486910705,0.5312496976,0.7995185705,0.3454035518,0.7332157304,0.4595115941,0.08778126173,0.6165500316,0.3383639819,0.8382494386,0.7737663067,0.3740998652,0.8892258807,0.9433812038,0.9967554902,0.6406466012,0.4050802238,0.6199903683,0.9965554879,0.2955593898,0.358469192,0.4123736502,0.3931655377,0.1309862022,0.9567880456,0.1015722124,0.5411990175,0.4386252101,0.162506624,0.6898458187,0.6951906132,0.6989625936,0.1058912952,0.4428160199,0.09571881279,0.4068494491,0.6262112357,0.9375918474,0.5138731621,0.3199848701,0.8474071044,0.9475258026,0,0,1,0.3371150411,0.2692116737,0.6205297758,0.3297571105,0.3261564075,0.6082895703,0.28364387,0.3833211395,0.6402231183,0.4134840021,0.3613780184,0.5591718209,0.2881040919,0.2216707429,0.5240442252,0.3789321504,0.1322433877,0.6165941251,0.3246106724,0.3677476783,0.641890547,1.706525754e-15,1,1,1,1.277466064e-20,7.50122869e-21,0,0.006286666278,0.8270981905,0,0.3910378694,0.7359303047,0,0.4352926832,1,1,1,0.6080805065,0,1,0.7123655112,1,6.783367166e-21,1,1,1,4.284094949e-32,9.013716982e-05,9.01441745e-05,0.6126963707,0,0.5176602871,1,1,0.403121886,1,0.3433326448,0,1,0,0.5352071989,0.6815868932,0.3280210382,0.3448473411,0.6055184497,1,1,6.335898006e-19,1,1,2.346176038e-39,1,1,2.109830943e-39,1,1,0.02859566491,1,1,0.5000000001,1.387778781e-17,1,0.5234064387,1,1,0,1,1,1,1,1,0.3095386104,2.081668171e-17,1,1,0,1,1,0.9997686244,0.9996635688,0,0.1091810805,1,0.6047077449,0.9892591459,1.387778781e-17,0.9999099825,1,1.232595164e-32,1,1,1.551723617e-33,8.066238746e-35,1,4.163336342e-17,0.03808141441,0.9998265538,0.0003091323234,0.3325176768,1,1,1,1,1,0.6817090724,1,1.387778781e-17,1,0.9370034993,0.01119407335,0.6676462762,0.4999999986,1,0.4095177969,0,1,0,0.125,1,3.469446952e-18,0.4077200084,1,1.387778781e-17,0.5178556453,1,0.2812970322)
