mCurrentIter=100
mCounterStuck=0
mYPrev=-45.13737099
mParameters.n_iterations=100
mParameters.n_inner_iterations=1000
mParameters.n_init_samples=100
mParameters.n_iter_relearn=1
mParameters.init_method=1
mParameters.surr_name=sGaussianProcessML
mParameters.sigma_s=1
mParameters.noise=1
mParameters.alpha=1
mParameters.beta=1
mParameters.sc_type=SC_MTL
mParameters.l_type=L_EMPIRICAL
mParameters.l_all=0
mParameters.epsilon=0
mParameters.force_jump=5
mParameters.kernel.name=kMaternARD5
mParameters.kernel.hp_mean=[1](1)
mParameters.kernel.hp_std=[1](10)
mParameters.mean.name=mConst
mParameters.mean.coef_mean=[1](1)
mParameters.mean.coef_std=[1](1000)
mParameters.crit_name=cEI
mParameters.crit_params=[0]()
mY=[200](-20.07848841,1613.138886,-16.35999006,-4.120128362,43.41026392,518.9276253,10.95501206,-13.66469833,161.3357356,-0.1158755606,3702.040944,-14.59621132,-44.12650433,23.20053794,-0.7658110562,-47.9789476,3.714530067,-24.04884714,44.63731594,-39.86245106,-28.960896,10.86125635,296.8146083,-39.3878737,23.39384398,-40.54718254,30.72046045,11.58985444,1.199591895,16.56968498,-43.21646343,2.486644051,-0.7038177083,9.03703577,-39.64164542,-26.10282987,-48.34033058,-48.40516639,2.290635725,141.4828602,354.1543083,2906.222357,6.967290886,21.77518981,1739.954412,5.160017236,-37.92112344,47.8227479,14.39485831,1.832468152,-23.23527494,6.840490532,141.7068918,12.57499187,-46.66105829,-38.6118727,-17.21437763,-3.144867648,-2.58296187,-35.62144269,-32.98922151,11.08957108,16.02572511,-18.18380072,35.91481883,2422.500099,31.87980606,-36.97405985,-20.64244652,0.7351401482,-4.682400429,9.176802161,-22.87788935,55.22806275,-7.116229767,-33.82180544,-22.7860948,20.65065413,-37.24524531,-17.65469121,-30.98592262,-35.26700739,-42.09155636,32.08750404,-22.108011,-44.13665331,1628.764413,-14.17736433,46.29323178,-12.46844102,1.431716091,-0.9111248498,-10.47570448,2311.78052,444.1360448,14.10955707,44.87912285,11.16355475,19.6559112,-17.60659115,-40.22666386,-44.64805163,-48.04383651,-39.77319121,-46.36162491,-42.89499501,-45.3458593,-47.32422945,-34.77993918,-47.16022115,-45.55943898,-43.11413154,-20.51445993,-37.16198593,-35.69865587,-41.91746546,-41.39038191,-41.24433428,-43.57196348,-45.00009034,-42.68908704,-49.49388042,-20.7786009,-35.87101316,-44.56677235,-36.26194706,-36.56205044,-35.36201439,-41.12496699,-47.38642862,-45.54823756,-46.02733879,-44.60286361,-42.07142019,-48.4588082,-41.12134585,-44.50171855,-41.83203867,-41.12680307,-16.34193248,-29.18946339,-48.5985751,-37.33670076,-47.24154086,-23.24930659,-47.20713322,-45.42614779,-36.86697251,-25.43319066,-49.40474504,-37.06540722,-44.23966962,-37.38046244,-46.22856658,-43.56764407,-45.14521402,-45.14319597,-34.12542776,-44.26194593,-44.54792266,-25.08732648,-49.17721415,-28.43622327,-48.24475581,-44.09427958,-36.86567444,-45.92249765,-42.85477903,-41.89761994,-34.27458033,-49.67055557,-36.98398657,-40.82294964,-49.84509018,-44.39124636,-13.73635467,-46.53179702,-32.96426359,-30.83389808,-35.43552325,-51.69888708,-33.92354506,-48.08070841,-35.2805554,-47.43676841,-31.37018796,-46.34502565,-48.61932338,-42.74766234,-32.23209064,-44.85976022,-50.99431045,-40.03461996,-39.95404011,-43.69987953,-42.97400498,-34.21869335,-27.66254626,-43.13354625,-45.13737099)
mX=[200,3](0.2775820085,0.4502185803,0.7191651967,0.1097450434,0.09177102673,0.14077027,0.04512976675,0.7757880502,0.1918824547,0.652869438,0.2283342344,0.3607717615,0.4333381035,0.4991837055,0.1275936645,0.510040977,0.02225406433,0.2774880835,0.9943474583,0.4618372218,0.8994646505,0.2292606416,0.1689756813,0.7856561413,0.1225362641,0.07357212596,0.337414443,0.3544009304,0.6681216917,0.7503269682,0.5860434812,0.01874979101,0.0005251933145,0.8539363658,0.5750325155,0.7316402576,0.6090648631,0.5614603518,0.3018349823,0.8957447733,0.4079602661,0.965572697,0.769478704,0.8495517856,0.2056404661,0.7805581925,0.3876976417,0.4484677723,0.3657752487,0.7805197918,0.6802924485,0.5078643706,0.3915043153,0.7210783155,0.03291748896,0.2474254167,0.2889936992,0.6805542963,0.2869467585,0.4851157994,0.02148211697,0.609856259,0.1846299852,0.745189508,0.8261256005,0.06069120795,0.01025772466,0.32022507,0.1507167354,0.4146927518,0.3464261248,0.6185166924,0.9327968961,0.9772760392,0.4766983752,0.3335011336,0.3047835877,0.397547385,0.05378939775,0.5365462807,0.9588774632,0.8453846134,0.7106076751,0.8348796501,0.5782485295,0.8569836924,0.4598125532,0.9044928384,0.9335567942,0.2435004683,0.5595683816,0.2664968397,0.4261021943,0.07738317137,0.7451035953,0.7017388237,0.3863476038,0.2751906714,0.8541296076,0.3144888916,0.8984258453,0.4094653968,0.7393642911,0.5887717434,0.5030141985,0.2184001385,0.1495258567,0.6935306804,0.6655666796,0.3736854357,0.4341680823,0.2432667705,0.330798315,0.5240305452,0.5606706601,0.1760509886,0.8701437339,0.7111232822,0.04433012594,0.3748385692,0.4850327206,0.4220505132,0.05300743761,0.8731436051,0.08543906299,0.02949222918,0.1707591355,0.8662442738,0.533279822,0.3999337325,0.4161640669,0.9489112805,0.1388752519,0.2169540349,0.04858114341,0.3201518726,0.8879252482,0.3150106994,0.4506903651,0.5071622058,0.5768684207,0.1466208946,0.7932167449,0.9762739237,0.4228752848,0.8787314315,0.6201711274,0.6223091137,0.7012704137,0.7640754057,0.8037810714,0.692917418,0.5464970527,0.548526004,0.9101120255,0.1758784877,0.9743680775,0.9453880616,0.03517303993,0.9813429888,0.6132272798,0.8816235342,0.5277338611,0.5558282704,0.2914380993,0.6107498677,0.4827664453,0.5980426843,0.8692962079,0.03190453215,0.7436177977,0.5359834088,0.150364164,0.8412009786,0.4408117412,0.5286682013,0.8058827979,0.6798170198,0.6832252664,0.2548988498,0.7279275512,0.64171722,0.496237615,0.6998040576,0.6317309696,0.8632368636,0.7029765206,0.1163693698,0.9386489373,0.8106769648,0.6594808192,0.6510818914,0.006893897448,0.5405513889,0.9866790624,0.6344976919,0.05640967559,0.1007655826,0.1917237654,0.3560359,0.9985305763,0.2932413835,0.3642804856,0.6300976921,0.777110371,0.7324445665,0.463911234,0.8388735723,0.5175112232,0.09896193036,0.08525436757,0.8101838424,0.1320080436,0.9179477002,0.9012212599,0.3449063756,0.2526645145,0.7276807496,0.2330578466,0.09962492394,0.9680539129,0.9139380477,0.5916395815,0.007443949028,0.8151715443,0.6414854253,0.192471242,0.556543447,0.9437585887,0.7610119906,0.21858651,0.4743307333,0.2098061774,0.3212036067,0.7947716873,0.2980641414,0.58850297,0.9658707242,0.6775651729,0.07447739913,0.3475644006,0.1237416595,0.5697037274,0.496940397,0.2325635724,0.6433833002,0.1532110795,0.318108551,0.4116512288,0.9557260406,0.9931632579,0.2646694507,0.8810021124,0.5924716419,0.6729093711,0.1691032546,0.4419440632,0.5138638084,0.3067528315,0.06014442476,0.1620224609,0.06283140656,0.6205819451,0.6639321155,0.9251072287,0.95427904,0.907636718,0.4612703852,0.4304766462,0.7742716097,0.1138851743,0.4781342564,0.8258803955,0.7569942735,0.2571012095,0.3561334607,0.2883511289,0.8016447625,0.2248657053,0.3701594351,0.1074549339,0.08593259521,0.4078076037,0.8327423993,0.01444680868,0.1896298694,0.1889634874,0.9240413148,0.2374711461,0.9831300703,0.7938268684,0.2689559278,0.1332230392,0.3898072322,0.8203991872,0.9266038027,0.6058763851,0.2094312118,0.7502205053,0.1153720106,9.693771739e-05,0.4903026487,0.3658981363,9.053827706e-05,0.4823601726,0.3713869184,9.6906131e-05,0.2668988603,0.4707954758,9.120454475e-05,0.5909148916,0.2994048732,9.719800148e-05,0.4018767846,0.4132229565,9.697674505e-05,0.2371224807,0.4813409997,0.9999845869,0.5401218666,0.3597939432,9.698906186e-05,0.409088374,0.4018998454,9.709987426e-05,0.6508664988,0.3503276984,0.9999780883,0.4598870983,0.4013139503,9.688130745e-05,0.2994329713,0.4577376986,0.9999755515,0.6306279073,0.2356810135,0.9999781055,0.2513734813,0.4881963544,0.9999837191,0.6719159877,0.3312298985,0.0001050170981,0.5877797548,0.2466518023,9.703313305e-05,0.4384378034,0.3608638665,9.687989062e-05,0.2186724608,0.4836329958,9.704021735e-05,0.5473329153,0.4483540825,0.9999781824,0.4238589018,0.4581453895,9.697728578e-05,0.3404907611,0.4339214902,0.9285974543,0.6292896012,0.2228213643,0.8144811456,0.4927810893,0.3380679854,0.9999780539,0.2635387544,0.7261254926,0.9999850758,0.6706373528,0.3591018206,9.693865093e-05,0.3396158837,0.4329694458,0.9999767669,0.3320090746,0.4718503848,9.785853764e-05,0.6000149872,0.2478416176,9.681441235e-05,0.6147035975,0.4103383973,9.696316448e-05,0.2001520817,0.4967051155,0.5530387645,0.4574684616,0.3579374088,9.689322152e-05,0.4404137246,0.4946819204,0.9999781011,0.5193234249,0.43776846,9.696305363e-05,0.379729552,0.4004660581,0.7588586345,0.6424949053,0.2229797344,0.707057706,0.5312837791,0.3065247139,0.9999781505,0.4082736481,0.5387574864,9.693690448e-05,0.2795898027,0.4557608943,9.621261745e-05,0.2727716088,0.5899946113,0.0001008484776,0.5215345669,0.3068075922,0.9999780687,0.2227327344,0.4985331301,0.7989944896,0.7006786965,0.313211106,0.6528141598,0.4053723616,0.3999141662,9.686989931e-05,0.5393122639,0.515376956,9.69333664e-05,0.3619092927,0.5114283639,9.693171656e-05,0.2721061581,0.7166257822,0.7832843648,0.5465148559,0.4070711651,9.075750583e-05,0.348535938,0.4204088582,9.869167668e-05,0.6293203,0.2283892725,9.69447016e-05,0.6995874976,0.359313633,0.5755503565,0.4144643436,0.400027925,9.703210427e-05,0.5018019092,0.3316528306,0.9999780407,0.4853415573,0.5106715054,0.820105234,0.6517442243,0.2140993781,9.709626263e-05,0.2731427148,0.4523099822,0.1499842085,0.4816724971,0.4373185902,0.8372249372,0.5868051994,0.2639084064,0.6975373549,0.334019169,0.4415281154,0.9999782211,0.3990841764,0.6193723836,9.692492042e-05,0.3622802441,0.5500376194,0.9999779878,0.5883607298,0.3937422937,0.999978294,0.2211856816,0.6715322619,0.6098865465,0.3333743124,0.444325509,9.698503394e-05,0.6222094528,0.5432048007,0.3764873404,0.4798666733,0.4241486962,9.706232866e-05,0.2379848659,0.5553683121,0.999984657,0.6591821312,0.203579914,0.4401243485,0.426692848,0.376587001,0.6516963054,0.5772242224,0.2920649604,0.0001052354403,0.2706570528,0.4500568135,9.696357964e-05,0.4571241487,0.6073453919,0.5819284391,0.3654667234,0.5010582038,0.2199479751,0.5655717671,0.3780167457,0.9999781232,0.5325334636,0.5438393107,0.2165660456,0.416807125,0.4664116955,0.570107959,0.2733400634,0.4630764502,0.9999780426,0.3030769257,0.7724410599,9.730251589e-05,0.3708827229,0.403495337,0.9999849092,0.66947049,0.4193792956,0.2124108658,0.6347474038,0.2150395044,0.9764651113,0.3256259284,0.5563134072,0.807735745,0.4459418198,0.3854552636,9.674954042e-05,0.2716777501,0.6474235358,0.6746433122,0.494472629,0.4618845216,9.730036267e-05,0.1796328883,0.501689403,9.695116114e-05,0.3595256675,0.5138277512,0.9999780074,0.7103542987,0.2789214944,0.6694758768,0.4977253416,0.3343025996,0.5535364242,0.34395303,0.4290663301,0.08578750575,0.5328666187,0.4189038025,0.999984276,0.4655096201,0.6311465626,0.0001059598121,0.3070046427,0.4324852657,0.5672625689,0.433809599,0.4792505542,0.9250944083,0.5857619855,0.2673401145,9.116176503e-05,0.5236808915,0.3068115473,9.702432233e-05,0.4036809938,0.3849585221,0.5873813678,0.2759387166,0.4627826478,9.69621569e-05,0.5192226309,0.5840782434,9.731103383e-05,0.6723700028,0.2846486488,0.9999935194,0.5511237965,0.4590577306,0.0001054777193,0.3154676172,0.5536779007)
