mCurrentIter=50
mCounterStuck=0
mYPrev=-2.752894409e+25
mParameters.n_iterations=50
mParameters.n_inner_iterations=1000
mParameters.n_init_samples=50
mParameters.n_iter_relearn=1
mParameters.init_method=1
mParameters.surr_name=sGaussianProcessML
mParameters.sigma_s=1
mParameters.noise=1
mParameters.alpha=1
mParameters.beta=1
mParameters.sc_type=SC_MTL
mParameters.l_type=L_EMPIRICAL
mParameters.l_all=0
mParameters.epsilon=0
mParameters.force_jump=5
mParameters.kernel.name=kMaternARD5
mParameters.kernel.hp_mean=[1](1)
mParameters.kernel.hp_std=[1](10)
mParameters.mean.name=mConst
mParameters.mean.coef_mean=[1](1)
mParameters.mean.coef_std=[1](1000)
mParameters.crit_name=cEI
mParameters.crit_params=[0]()
mY=[100](-2.262334319e+21,-9.408008637e+24,-2886615.858,-1.297503635e+23,-1.453309336e+24,-3.241150818e+20,-1.516685178e+20,-6.713020679e+21,-6.525560192e+20,-1.460938612e+21,-1.089702199e+24,-7.244676286e+23,-5.431379546e+22,-1.408684134e+24,-5.224759351e+22,-2.899081064e+24,-2.637298112e+23,-9.06056006e+18,-7.561066179e+22,-5.687536536e+23,-5.914464159e+23,-3.1944821e+24,-1.418441069e+24,-6.303195919e+16,-2.829617278e+22,-1.863951926e+24,-1.058308802e+19,-1.293557036e+22,-1.858282236e+25,-7.979000965e+20,-4.000478689e+23,-3.260307939e+25,-9.775052939e+20,-1.498520599e+14,-2.184715718e+23,-2.401370673e+23,-6.001635216e+24,-7.813907838e+23,-6.665568526e+24,-5.85817702e+20,-1.576049342e+23,-2.190013782e+23,-1.287133649e+22,-1.059472551e+18,-4.20526998e+25,-2.508373393e+25,-1.40001821e+24,-2.933266193e+21,-1.301566469e+23,-3.937078565e+24,-7.143187564e+23,-3.554241795e+24,-4.379356921e+25,-2.313102339e+26,-4.604195155e+24,-4.60452147e+24,-1.637627042e+25,-8.413835014e+20,-2.315985264e+23,-1.611173906e+21,-3.949966968e+23,-1.013573009e+23,-8.894017539e+22,-2.794925478e+23,-3.208900007e+21,-6.352300021e+24,-2.95820762e+20,-4.300037311e+24,-9.518632434e+13,-7.385916281e+16,-1.138329134e+15,-8.855446352e+13,-2.913311968e+24,-7.333173929e+22,-3.455246884e+18,-1.442489254e+18,-7.592090797e+22,-1.510429093e+10,-9.122401605e+13,-1.861503025e+24,-2.232388483e+23,-4.281481632e+24,-2.865896898e+23,-1.444552077e+24,-8.258372974e+21,-5.536742425e+25,-1.80685962e+24,-2.582325032e+24,-4.930147566e+24,-4.468029629e+24,-5.538002527e+24,-1.044736919e+24,-2.546203916e+24,-7.893123134e+23,-1.064420602e+24,-3.86056768e+24,-7.66682009e+22,-4.123861688e+22,-2.689896414e+24,-2.752894409e+25)
mX=[100,3](0.03971594031,0.5856822259,0.3270840047,0.1881776919,0.9040927714,0.3558933247,0.1260520306,0.1216002893,0.06052857576,0.3019062851,0.9871682255,0.8310125307,0.3443945658,0.0560442873,0.588368738,0.4328849646,0.005730114202,0.6123252105,0.08990806243,0.5139872998,0.08055413683,0.7888707295,0.2329617452,0.5296292667,0.776316873,0.7504701967,0.4476728574,0.4718209713,0.5380983349,0.2466442512,0.9859710837,0.7755927343,0.7283253494,0.688926597,0.6605751859,0.2194343253,0.4112041422,0.8520322618,0.001160238138,0.2859935972,0.4761069505,0.8749176151,0.05642558675,0.2479251575,0.5409588922,0.6209499979,0.1776920334,0.9598495855,0.1509807204,0.378893167,0.8878395787,0.2562253168,0.7913494745,0.1320482422,0.0002900849469,0.9370569549,0.4650610881,0.5429947256,0.3830533428,0.5166704978,0.8930521778,0.894947484,0.6360364788,0.8381187703,0.577192264,0.5708764856,0.5352571382,0.1462841856,0.9130885208,0.4860345779,0.3209125492,0.1100619279,0.172233639,0.09770579625,0.6547405063,0.6119334064,0.6808731908,0.7829149827,0.1184608731,0.4899796988,0.05860339641,0.67449227,0.87052863,0.1506790846,0.9773450502,0.9693011688,0.1691336776,0.9465274832,0.2083154695,0.2897813532,0.87208854,0.1896234431,0.8539389548,0.8469363146,0.7210370966,0.4990618122,0.9317210001,0.1070515599,0.6786905439,0.06531191457,0.06117752047,0.1956774111,0.7321976965,0.7148550953,0.314068133,0.2091637185,0.3498023218,0.6875784388,0.5646851125,0.8003856954,0.2782022396,0.273594688,0.9591979511,0.4333699667,0.6427538369,0.6593381487,0.9747655874,0.5169858362,0.2779393244,0.2209131574,0.3244978219,0.8254617649,0.9805507787,0.367672778,0.4552416664,0.7789928782,0.8149610201,0.02176668994,0.9262491883,0.3986015051,0.6301011313,0.02427216139,0.5992274159,0.6111381436,0.7193397706,0.7052684545,0.4133563624,0.3604992185,0.7514953855,0.43590374,0.8179646553,0.2306183384,0.3090536721,0.3931506847,0.9112132874,0.5542593844,0.4047753891,0.4533145954,0.2853062477,0.7507754773,0.5595330633,0.5942203186,0.7182110863,0.6011931874,0.3373816533,0.7188946787,0.599329766,0.6209569944,0.720989627,0.5993729905,0.6406921058,0.7171841431,0.04957650154,0.6447481562,0.6918721075,0.5993831638,0.6456506405,0.7158670598,0.599212559,0.6401083212,0.7173521957,0,0.9781284807,1,0.1446553808,0.1666666667,0.75,0.1380458132,0.7496076052,0.1670894616,0.1446553808,0.1666666667,0.75,0.1446553808,0.9583333333,0.75,0.1380458132,0.7496076052,0.1670894616,0.601605799,0.6409658178,0.9932123205,0.9965648418,0.7473223277,0.168246608,0.9965648418,0.7473223277,0.168246608,0.9803446192,0.1456192456,0.75,0.9965648418,0.7473223277,0.168246608,0.7462015715,0.1559406122,0.1559422367,0.7462015715,0.1559406122,0.1559422367,0.1685658809,0.1559406122,0.1559422367,0.1685658809,0.1559406122,0.1559422367,0.1446553808,0.1666666667,0.9583333333,0.1446553808,0.9583333333,0.9583333333,0.9693389763,0.1603241627,0.1565183596,0.9693389763,0.1603241627,0.1565183596,1,1,0.9281855621,0.1659578327,0.05711772127,0.148716672,0.1685658809,0.1559406122,0.05198074556,0.1446553808,0.1666666667,0.9861111111,0.5,0.5,0.5,0.5,0.5,0.5,0.5,0.5,0.5,0.5,0.5,0.5,0.5,0.5,0.5,0.5,0.5,0.5,0.5,0.5,0.5,0.5,0.5,0.5,0.5,0.5,0.5,0.5,0.5,0.5,0.5,0.5,0.5,0.5,0.5,0.5,0.5,0.5,0.5,0.5,0.5,0.5,0.5,0.5,0.5,0.5,0.5,0.5,0.5,0.5,0.5,0.5,0.5,0.5,0.5,0.5,0.5,0.5,0.5,0.5)
