mCurrentIter=50
mCounterStuck=0
mYPrev=-9.431862044e-13
mParameters.n_iterations=50
mParameters.n_inner_iterations=1000
mParameters.n_init_samples=50
mParameters.n_iter_relearn=1
mParameters.init_method=1
mParameters.surr_name=sGaussianProcessML
mParameters.sigma_s=1
mParameters.noise=1
mParameters.alpha=1
mParameters.beta=1
mParameters.sc_type=SC_MTL
mParameters.l_type=L_EMPIRICAL
mParameters.l_all=0
mParameters.epsilon=0
mParameters.force_jump=5
mParameters.kernel.name=kMaternARD5
mParameters.kernel.hp_mean=[1](1)
mParameters.kernel.hp_std=[1](10)
mParameters.mean.name=mConst
mParameters.mean.coef_mean=[1](1)
mParameters.mean.coef_std=[1](1000)
mParameters.crit_name=cEI
mParameters.crit_params=[0]()
mY=[100](-1.965355009e+20,-6.419142641e+19,-5.045610919e+18,-9.934253249e+20,-2.626098287e+18,-9.409538028e+17,-1.709495403e+19,-9.001896876e+20,-3.058087533e+18,-1286970.085,-4.594166731e+18,-1.548176552e+16,-0.007055276746,-2.465280481e+17,-9.408020703e+19,-95023574.21,-7.675892424e+20,-1.999909953e+19,-2.508401381e+20,-3.682544029e+18,-2.028595661e+20,-2.655914383e+19,-2.456471636e+20,-9.447034428e+19,-2.680409782e+20,-5.031091893e+20,-9.295006484e+18,-1.158849329e+20,-2.080011437e+17,-7.525933678e+11,-4.804251995e+20,-1.111254407e+11,-1.283414729e+18,-1.917362563e+16,-1.20395329e+15,-0.00346432794,-9.653864625e+21,-3.544830714e+19,-4.295742291e+18,-1040551.999,-0.5602160653,-6.745030636e+13,-1.721262259e+21,-2.891126866e+20,-4.757858826e+20,-1.542768202e+21,-1014535.495,-3.767321897e+15,-1.805561307e+21,-1.260846295e+17,-1.338831984e+21,-2.344832392e+20,-2.472425155e+20,-1.430727543e+20,-7.91163986e+20,-2.623874061e+21,-2.669901757e+21,-8.612563269e+20,-6.143993879e+21,-7.237131122e+21,-1.917445486e+21,-1.07881166e+21,-1.370784937e+22,-1.228758256e+22,-6.434079716e+20,-7.274205508e+20,-1.262086844e+22,-2.739759895e+21,-1.257210705e+21,-3.029405872e+20,-4.638173208e+21,-1.89121102e+21,-3.469729205e+20,-2.115240694e+19,-1.870268492e+18,-2.466100133e+12,-1.226033953e+20,-9.876948374e+19,-3.194742779e+12,-3.080760918e+20,-9.356672348e-13,-81123.13717,-6.175471243e+15,-2.145874588e+17,-1.000841792e+15,-4.675922905e+21,-3.898835833e+19,-1.464251901e+20,-6.642047907e+17,-3.39043511e+20,-2.364874886e+17,-5.533944546e+19,-4.090657636e+20,-1.013580942e+19,-2.549922774e+15,-2.516296412e-12,-2.135687775e-12,-8.467956679e+15,-8.897996304e+19,-9.431862044e-13)
mX=[100,3](0.2013743136,0.4975110991,0.9327136526,0.6896379101,0.9932575625,0.6551263645,0.4554015036,0.559478228,0.3052718895,0.3091338228,0.3815090189,0.9525055614,0.743673925,0.2522824578,0.6244684585,0.1539368638,0.7045598361,0.2745772569,0.435680106,0.4750581525,0.5261323881,0.8385622157,0.9354926458,0.6693264808,0.05684498518,0.786548709,0.3314949023,0.3237725703,0.3688519257,0.007418986983,0.2227212264,0.2062874237,0.5131962945,0.4995561624,0.5605624771,0.1705930476,0.6286819262,0.01778741617,0.1069776661,0.7018754311,0.6112481388,0.3402868335,0.3683335215,0.2294224941,0.5985765962,0.97773347,0.0813918142,0.423200742,0.03275433568,0.144938005,0.8963774167,0.1625990262,0.8211719732,0.5712678971,0.7828390835,0.3504379768,0.7422231154,0.8425309481,0.1825751707,0.7813163128,0.5813877777,0.9427811733,0.8049334297,0.196624625,0.65315506,0.9925535271,0.5595525739,0.7526854467,0.2920510446,0.8949965023,0.7271254218,0.856293203,0.1022976979,0.513258131,0.6832979794,0.3482036653,0.5848358437,0.9772560054,0.008121676589,0.8796106564,0.4686672306,0.6130760233,0.7717691352,0.2388446401,0.3940308512,0.962581142,0.1264562186,0.9175871163,0.4582750318,0.09040282242,0.2963189702,0.3194583331,0.7247699273,0.7283600223,0.1030900937,0.3775099419,0.5762048664,0.8408347719,0.2537757153,0.07606105932,0.6821626766,0.180137366,0.09737174489,0.07910794459,0.4955915196,0.524456607,0.05634372427,0.02110927369,0.645992178,0.6397527674,0.7605370318,0.126944383,0.8039560806,0.381325801,0.930558995,0.410662209,0.6051254119,0.8713396022,0.3281706887,0.07888924661,0.9496623668,0.2815322562,0.04854758479,0.8090324109,0.1296158657,0.5472779919,0.4156634502,0.1710366959,0.835432805,0.2518908594,0.8959122701,0.4531548711,0.9960525534,0.9176661958,0.7199675988,0.268637028,0.4274219478,0.8786980594,0.4700919538,0.02944872779,0.2089874902,0.771559657,0.6763091299,0.1403430648,0.6680174374,0.5298371451,0.9061455803,0.5170294462,0.2648364987,0.4154968589,0.6110784954,0.6613109858,0.7208674152,0.6422784365,0.8940293828,0.7581069395,0.6467021764,0.6527434827,0.9857044276,0.8878692218,0.6161155853,0.7755170225,0.3801453648,0.6404741817,0.7473408425,0.6521628715,0.6281818687,0.7525411175,0.6408083996,0.6478627958,0.7623690129,0.6752886499,0.6377840706,0.7861485872,0.6463900355,0.6363981006,0.7797357836,0.6477823031,0.6527742171,0.7380958937,0.6467894059,0.6229952528,0.7070920751,0.6467558222,0.6695247035,0.7686777479,0.6481437888,0.6449404281,0.7639941374,0.6498221988,0.6467777218,0.7895180048,0.650447432,0.6447500732,0.7584424031,0.6469460557,0.6477257857,0.7921019027,0.6479001654,0.6384637335,0.7584179139,0.6480438218,0.6356267091,0.7623157613,0.6470966143,0.6457384165,0.7531171424,0.649180921,0.6409597242,0.7949432574,0.6479043468,0.6415951125,0.768495232,0.6471454388,0.6440894456,0.762230323,0.5430961605,0,1,1,1,5.204170428e-18,1,1,1,1,0,0.8348374888,1,1,3.469632369e-18,1,1,4.666995771e-18,1,2.151004074e-34,1,1,1,0.4767773007,1.028927403e-18,3.964719867e-15,8.67361738e-19,3.111507639e-61,0.3554633058,0,0.01469793759,0.3984325679,0.369145252,1,0.6340893873,0.4526942983,9.238591203e-23,1,6.776263578e-21,0.5301018505,0.18141212,1,0.5,0.9583333333,0.9583333333,0,0,1,0.7781677791,0.004634973031,1,0.2782316718,2.067951377e-25,1,1.084202172e-19,1,1,0,0.5833256409,1,0.5,0.1666666667,0.9583333333,0.6719412185,1,0,0.2725484437,1,0,1.621052914e-33,7.170368193e-15,3.081586067e-33,0.2539797295,1.110223025e-16,8.67361738e-19,1.2659589e-19,1,0.02676189368,1,0.6455453599,0.7648531442,0,0,2.775557562e-17)
