mCurrentIter=50
mCounterStuck=0
mYPrev=-3.756971646e+15
mParameters.n_iterations=50
mParameters.n_inner_iterations=1000
mParameters.n_init_samples=50
mParameters.n_iter_relearn=1
mParameters.init_method=1
mParameters.surr_name=sGaussianProcessML
mParameters.sigma_s=1
mParameters.noise=1
mParameters.alpha=1
mParameters.beta=1
mParameters.sc_type=SC_MTL
mParameters.l_type=L_EMPIRICAL
mParameters.l_all=0
mParameters.epsilon=0
mParameters.force_jump=5
mParameters.kernel.name=kMaternARD5
mParameters.kernel.hp_mean=[1](1)
mParameters.kernel.hp_std=[1](10)
mParameters.mean.name=mConst
mParameters.mean.coef_mean=[1](1)
mParameters.mean.coef_std=[1](1000)
mParameters.crit_name=cEI
mParameters.crit_params=[0]()
mY=[100](-8776099649,-6.432615667e+11,-2.844072197e+13,-2.890520554e+15,-7.031090831e+14,-1.004779478e+16,-958533046.3,-3.049682786e+10,-7.975009005e+16,-1.706846813e+16,-1.265565688e+15,-2.451103088e+11,-2.842254722e+14,-7.847772095e+15,-7.592648907e+15,-7.412024197e+15,-1.306892162e+18,-3.839107654e+15,-3.718264587e+16,-1.903844752e+15,-1.590753904e+15,-3.400075669e+15,-2.290348423e+11,-3.072657626e+17,-1.695927895e+15,-3.761716122e+16,-2.624881086e+15,-2.070858416e+14,-2.649900678e+16,-1.179552371e+18,-2.717992778e+14,-1.775179583e+14,-1.417925352e+15,-6.075675826e+16,-6.29243996e+15,-2.970602566e+15,-2.403235575e+14,-6.620782405e+15,-1.444412039e+12,-2.743345108e+16,-3.130705257e+16,-1.367464273e+15,-1.193658178e+15,-1.041235251e+14,-8.732533312e+14,-4.57854935e+14,-1.317764899e+16,-1.828762278e+14,-1.260702865e+13,-9.116860841e+15,-5.096804092e+14,-9.727116168e+11,-4.819931901e+14,-4.353060284e+14,-1.745478045e+15,-1.594280925e+14,-9.467771864e+14,-1.713168783e+13,-6.772952602e+11,-141494.9433,-1.993493956e+15,-6.642990855e+11,-3070.644223,-7.917732136e+14,-2.425817516e+13,-2.140378969e+13,-45097364.95,-3.701263171e+11,-5.090785739e+16,-2.866233166e+15,-1.819030669e+14,-3.130581015e+12,-2.634479188e+15,-2.355382964e+13,-4.036233162e+15,-2.288919273e+16,-1.515099837e+14,-2.00127403e+15,-7.486282709e+14,-3.395932999e+13,-4.900229677e+13,-1.988996143e+15,-1.212988885e+16,-2.760739372e+13,-2.165945064e+16,-3.153836686e+14,-2.896376339e+14,-2.531210324e+15,-2.429035585e+10,-2.797014916e+12,-5.257566391e+10,-324170205.6,-3.047262939e+10,-1.712519124e+10,-10828162.72,-8.890970677e+14,-2.0239891e+13,-4.220084114e+12,-4.062951042e+15,-3.756971646e+15)
mX=[100,3](0.3378553422,0.420057976,0.01084187102,0.3913187974,0.08787637567,0.2514739698,0.8734837999,0.1163664429,0.9859775911,0.08369466329,0.9656974972,0.4541136687,0.6272648325,0.699342609,0.9231876739,0.9192431721,0.383134167,0.3294496611,0.5822542194,0.1559947882,0.1255123612,0.2019848394,0.1693128715,0.2960167579,0.1188091152,0.8621047728,0.4764927888,0.3123941108,0.2707980299,0.7089267575,0.7002909254,0.4100434183,0.6012522716,0.1560897795,0.07547268523,0.2680815464,0.4443330905,0.826143217,0.3177350567,0.2536732577,0.5779870836,0.37069577,0.9654585818,0.9568919673,0.07074924346,0.4126817819,0.3638333167,0.863052872,0.7504489555,0.6571999591,0.2370807151,0.6085631331,0.3521348379,0.577424051,0.8855119095,0.7556639827,0.4294119048,0.07827343651,0.9295054468,0.0244574287,0.4359050744,0.4665684232,0.9737780935,0.02468496146,0.6659451174,0.7499174055,0.2728304976,0.009769785656,0.3876272284,0.9218424188,0.8076316766,0.3599213422,0.5564657501,0.7296140038,0.05765329555,0.981524598,0.5250616233,0.7645152089,0.2809762798,0.05796099314,0.7886187267,0.7715366942,0.6352429713,0.9427426144,0.9447974548,0.8853514856,0.5166329621,0.7243313754,0.4508094529,0.485245175,0.5146745196,0.2579710114,0.1974103214,0.4774283201,0.9022305605,0.8268981262,0.8068976975,0.2153229366,0.8920915355,0.5360349939,0.7923774809,0.1634680088,0.834865857,0.28379583,0.9101167755,0.679533588,0.5929831873,0.6324513725,0.1227791499,0.7012192526,0.8145160813,0.5621325446,0.1302035443,0.5923888556,0.05952075081,0.2241922379,0.2095011476,0.1706818303,0.6147307307,0.5206974836,0.489955834,0.3398984941,0.7266260784,0.6481810958,0.5067088563,0.8578765978,0.01721997068,0.1998045272,0.6528655977,0.2397573732,0.8557465058,0.1405243059,0.3503318974,0.7764817853,0.4005084921,0.7890207752,0.03118025201,0.6707676534,0.6936243668,0.9849631747,0.5488109153,0.363790159,0.5433982454,0.1050040267,0.8573576326,0.3114292401,0.092852543,0.1825352604,0.4930884995,0.6815869952,0.7397571884,0.6982119606,0.06406887972,0.7376505136,0.2038695888,0.3317828858,0.9795402564,0.7139459833,0.2387340516,0.9019773769,0.6537141657,0.1903506127,0.7337487839,0.9580865389,0.2403464206,0.7471455334,0.6560189702,0.2390716326,0.7512437324,0.6574069801,0.2367897736,0.9980504076,0.9782701552,0.9962826348,1.387778781e-17,1,1,1,0.03299511748,0.06505925125,0.2276036105,0.05752598277,1,0.03370226376,1,0.01724186974,1,0.03351254822,0,6.162975822e-33,2.775557562e-17,1,0.005270291779,0.9984214439,0.02846256458,0.9983293666,0.9774588796,0.9962826348,0.7977605512,0.07458581484,0.1370278056,0.03952369357,1,1,0.9996170917,0.6552782864,0.2190493055,0.1446553808,0.1666666667,0.75,0.9998203523,0.6565774651,0.2372632273,0.1380458132,0.7496076052,0.1670894616,0.1446553808,0.1666666667,0.75,0.9983970139,0.9772519193,0.9962826348,0.9997145107,0.6576416137,0.2395826548,0.1446553808,0.1666666667,0.75,0.1380458132,0.7496076052,0.1670894616,0.9997270313,0.6561999189,0.2353837924,0.1446553808,0.1666666667,0.75,0.1380458132,0.7496076052,0.1670894616,1,0.6560467691,0.2362609936,0.1446553808,0.1666666667,0.75,0.1380458132,0.7496076052,0.1670894616,0.9996212365,0.6582731775,0.2367591985,0.1446553808,0.1666666667,0.75,0.1380458132,0.7496076052,0.1670894616,0.9803446192,0.1666666667,0.75,0.9803446192,0.1666666667,0.75,0.7462015715,0.1559406122,0.1559422367,0.7940225718,0.9583333333,0.9583333333,0.1685658809,0.1559406122,0.1559422367,0.1685658809,0.1559406122,0.1559422367,0.1685658809,0.1559406122,0.1559422367,0.1685658809,0.1559406122,0.1559422367,0.1685658809,0.1559406122,0.1559422367,0.1446553808,0.1666666667,0.9583333333,0.1446553808,0.9583333333,0.9583333333,0.1446553808,0.9583333333,0.9583333333,0.4611960413,0.9998412155,0.0006263867862,0.5019501679,0.9999832003,0.0001140354287)
