mCurrentIter=100
mCounterStuck=0
mYPrev=-37.97833395
mParameters.n_iterations=100
mParameters.n_inner_iterations=1000
mParameters.n_init_samples=100
mParameters.n_iter_relearn=1
mParameters.init_method=1
mParameters.surr_name=sGaussianProcessML
mParameters.sigma_s=1
mParameters.noise=1
mParameters.alpha=1
mParameters.beta=1
mParameters.sc_type=SC_MTL
mParameters.l_type=L_EMPIRICAL
mParameters.l_all=0
mParameters.epsilon=0
mParameters.force_jump=5
mParameters.kernel.name=kMaternARD5
mParameters.kernel.hp_mean=[1](1)
mParameters.kernel.hp_std=[1](10)
mParameters.mean.name=mConst
mParameters.mean.coef_mean=[1](1)
mParameters.mean.coef_std=[1](1000)
mParameters.crit_name=cEI
mParameters.crit_params=[0]()
mY=[200](-11.68538745,96.70072995,15.93185052,-21.26458366,2.509277139,16.96812793,-22.74659611,84.86049969,112.0907654,148.1292445,-44.9305867,-17.9817182,-19.05586292,44.05850786,581.8734055,910.981267,4.164842274,-9.606500699,-37.67986869,1267.409029,-42.03191861,30.37028214,1027.846856,-9.889820835,14.35623325,11.02535426,41.34390398,29.73972353,-8.784856246,-25.21696061,-13.52327424,-19.12247842,2392.797617,16.76802807,-8.355206271,50.25301501,-5.066901358,15.16567229,203.8059073,11.5069846,0.4155192204,15.57020453,3504.263961,-29.2081678,-51.73926879,-25.42681794,36.8752373,-23.3476792,52.22052243,-23.97594204,-29.19538824,24.2726952,-38.66158635,-4.468832077,-10.4875105,-32.27873842,33.096573,31.25148948,2521.410265,386.0254091,-2.988994544,50.53692702,-6.143765004,-24.77000959,-42.27609256,-30.62810814,-27.46355038,-44.82888168,19.62319913,32.0423169,-17.94887824,36.41122863,5.60307824,748.5917279,3.244129763,-46.562699,99.82444718,30.00100373,934.9308505,288.1555475,-33.7663863,251.2845934,55.54980787,43.03654469,-3.43926536,35.0079106,4.958959927,-16.26729311,18.7948683,3.982655672,-23.81180251,1312.508676,64.70049198,-3.468611193,-44.25736374,28.39811946,62.96221009,8.811777581,18.54091866,374.65461,4.777281991,3.122838423,-10.96935606,-14.76523554,-1.355521617,-12.08970971,-26.12038581,-9.096997822,-30.5754199,11.9920253,-43.31011383,-40.78155153,-11.94919065,-36.10081672,-42.09196184,-34.90425878,-15.07359558,-27.10106895,-42.04891659,-41.58260503,-33.44306981,39.87390568,-35.80512892,-43.38989408,-32.46568752,-37.81917169,-40.38849328,-39.68627928,-28.71397642,-16.95303827,-39.2400109,-41.89792516,-36.45543495,-28.58795866,-29.76534783,-42.95224761,-18.45979258,-34.30233237,-38.34187376,-39.869794,-41.33384295,-27.42194808,-14.64569053,-11.79655373,-40.47414558,-17.29693872,-30.73073196,-40.98216584,-37.1885135,-42.20718439,-38.37447479,-24.24873156,-38.89244789,-24.64202516,-38.55958367,3.712372385,-40.78712338,-42.92168708,-23.82618121,-44.73889417,-38.67247559,-33.60911625,-41.09255766,-25.68864754,-9.355682183,-41.10124809,-38.69937884,-24.67265232,-30.70425658,-28.26195277,-31.73567829,-36.35277573,-43.40459977,-45.94450196,-37.12435362,-36.48161725,-23.62421892,-42.44065205,-28.33301966,7.373941518,-37.19541556,-12.5474645,-46.01923822,-40.57388685,-36.96203091,-27.6719051,-35.78772224,-43.342997,-45.25817464,-34.59479241,-44.9616794,-44.18497459,-15.87202252,-38.1487163,-32.19126253,-20.45483716,-19.78018564,-26.6577972,-30.83674966,-37.97833395)
mX=[200,3](0.5009692113,0.7694455812,0.4737719242,0.4637362516,0.01562775688,0.4648988809,0.9387708118,0.4454344865,0.8878325232,0.2597531408,0.1817830007,0.5980405665,0.6572290191,0.4542575572,0.8164059459,0.4722996456,0.0826885349,0.8991750219,0.7277466524,0.3938979657,0.6693069341,0.518323098,0.4002111795,0.1251575851,0.04793452717,0.5066815426,0.05994105344,0.5958668826,0.2303127176,0.2431898067,0.8868920493,0.5430462652,0.294082041,0.962384177,0.5100211491,0.1497280425,0.6367916992,0.7145304769,0.08697635967,0.8734202401,0.8342263136,0.942613719,0.5634624227,0.1600080616,0.1963055045,0.618747563,0.127320759,0.1843321397,0.3716926592,0.02274139956,0.6186618671,0.5456206499,0.7560087972,0.516209885,0.03601535792,0.6704518294,0.230504821,0.4480177103,0.1924305833,0.1034653441,0.9092845036,0.6274642116,0.3036775558,0.02675284552,0.8089833539,0.8226054089,0.2681564251,0.3190201008,0.04441483699,0.9843682123,0.3446554116,0.6986481675,0.3160467826,0.9153091686,0.4371243621,0.2351537997,0.374092942,0.8670024993,0.6750501014,0.9616615894,0.7712940313,0.7138259714,0.4232075694,0.961426284,0.9548235716,0.3286601178,0.7194615505,0.1834352268,0.4806372987,0.6381469179,0.7984819875,0.3085943685,0.7030200009,0.2776083853,0.6153033804,0.6020050226,0.8277808821,0.1440147802,0.03842511393,0.1067130398,0.8843426867,0.1169699041,0.7841670917,0.8160392128,0.3554632903,0.4356531879,0.8438234037,0.9518405939,0.8530615488,0.7045015499,0.6795954223,0.05148889014,0.5240920144,0.8508858935,0.7467765285,0.005737171173,0.4036711127,0.4054213126,0.5613841626,0.8407535287,0.2966603061,0.05185699338,0.7810101733,0.1936477375,0.7908111562,0.7256734188,0.77099867,0.6012184347,0.0004878577124,0.3502194819,0.2956668931,0.6232660552,0.7031126784,0.5512612418,0.1518315942,0.8114275217,0.3328169381,0.5323697818,0.6265045707,0.5936867218,0.9744857739,0.5229148109,0.2278619016,0.5897796651,0.9133342675,0.9590418744,0.07597349898,0.21261765,0.244441717,0.6438934384,0.1362816529,0.7225109025,0.1672575666,0.179441888,0.662347903,0.8708779701,0.0963973488,0.3808183244,0.496386483,0.3272475312,0.2847530749,0.7902835916,0.1677445574,0.6375556381,0.6596918943,0.1572502824,0.6571765912,0.3333833801,0.6962742441,0.1364038017,0.9829177931,0.5801090343,0.904339975,0.7592906699,0.5726500685,0.1529615917,0.02396517003,0.4844664823,0.1715639161,0.2177891728,0.9463464615,0.2601576189,0.7604446896,0.1459074109,0.03583144783,0.5005515577,0.4959724386,0.5868211784,0.7308677941,0.3337747721,0.4347028244,0.2200609268,0.9282425151,0.4918752311,0.4222165076,0.2400334185,0.6924122433,0.1327211501,0.0830674846,0.680253722,0.3906035012,0.411241835,0.4695006226,0.4585932903,0.1240868862,0.7358559103,0.8024755701,0.8959546172,0.9345294652,0.6844959631,0.07424213493,0.7478974695,0.3680142601,0.6084787178,0.2115704888,0.9980036269,0.8622242306,0.8774155046,0.3732030572,0.7635939455,0.04738993427,0.2627623247,0.349293536,0.8658299401,0.2741564915,0.6638178778,0.4769194389,0.4166799428,0.6816632875,0.07469903463,0.4442447217,0.835593535,0.2567923695,0.3842916539,0.7305364419,0.1046246658,0.2034774196,0.5326409015,0.5336113363,0.01647176443,0.3627430048,0.356756759,0.3203983343,0.1167958581,0.3644763846,0.09967398102,0.0004919990012,0.8998849396,0.9319418213,0.4553842878,0.8280112264,0.9135409819,0.2077416379,0.7834550509,0.5556714715,0.3927637503,0.9267538215,0.7429804375,0.5575167852,0.8542829911,0.4819228984,0.9704163268,0.4190271557,0.2841693936,0.2279815715,0.9446034095,0.3488489698,0.06369956952,0.2737993434,0.8303807003,0.6491008086,0.6441627658,0.5713429811,0.4205043409,0.06474534714,0.1795225076,0.3099209699,0.9921295814,0.9239425491,0.01944141496,0.77415803,0.5606401706,0.7537092679,0.5720887013,0.2549180777,0.8495734027,0.971453867,0.5218829745,0.3875668082,0.9899644463,0.06555539839,0.9941026483,0.2076450644,0.5405356544,0.2883215221,0.1105907845,0.9065315187,0.8060669594,0.09494420459,0.3190609422,0.5039535767,0.8612770556,0.205794508,0.4686965684,0.8337842615,0.2066175344,0.4353384538,0.7905995757,0.2100434879,0.4109650285,0.783235379,0.2094689465,8.875626316e-05,0.8258367671,0.1832218342,0.6710014269,0.7811728189,0.2321834496,0.4777324901,0.7263040728,0.2317329904,0.06855299437,0.8066121906,0.1819403309,0.5428357416,0.6796415082,0.2857313932,0.899304544,0.906156319,0.2209356487,0.5338543955,0.5955803198,0.3756528679,0.5077318469,0.4859761513,0.5131906633,0.3637360744,0.7987221305,0.1895696454,0.5040019128,0.6494573091,0.3042514201,0.4464957046,0.5501860146,0.4324254328,0.7013347959,0.4928296369,0.5701996412,8.827649553e-05,0.7676167649,0.1791795835,0.5205377644,0.7255810927,0.2190248529,0.5866419762,0.6090766598,0.3701960462,0.3538543812,0.4729986813,0.5165082077,0.9999780681,0.583436395,0.4765290391,0.4304722641,0.9999674014,0.1711606789,0.4533068412,0.6678511183,0.2577066932,0.4375826138,0.5457154273,0.440139155,0.6715609944,0.4896956664,0.598730789,0.6014357659,0.62495825,0.3478600679,0.4123929595,0.4648910011,0.5270732159,9.692214138e-05,0.5177343406,0.4519953961,0.4350663111,0.7102531133,0.2132445786,0.2156745418,0.3773371595,0.7129260116,0.6138921852,0.5887673224,0.4231032545,0.5986777606,0.51263552,0.4890940646,9.908302535e-05,0.4348201677,0.5541473791,0.7219940608,0.6899052747,0.2708482148,0.5755590979,0.4869100992,0.6191047713,0.4046142213,0.5724610384,0.381978302,0.4061046333,0.7649553319,0.1853753396,0.9999781411,0.6529985358,0.3867544765,0.4014453409,0.4495482168,0.5440554355,0.5035726698,0.6222448988,0.3319928701,0.4485089032,0.5416293319,0.4612250817,0.9999853684,0.5647297175,0.5680442508,9.687247106e-05,0.75292938,0.1679895474,0.9999845294,0.7848058459,0.2528814138,0.716092177,0.5367478659,0.4800454136,0.4047411068,0.4384705207,0.7062736957,0.4576204279,0.7058123841,0.2024253404,0.5663304019,0.5974788372,0.3811798291,0.417666605,0.4390055137,0.5658296889,0.1226484053,0.5043525913,0.4162123146,0.2523449044,0.5509194966,0.485058565,0.5150038969,0.7561205925,0.1869639388,0.3889761026,0.6213741342,0.3053039287,0.5924630705,0.5159622611,0.6387957982,0.6194696838,0.6127417597,0.4150725987,0.9218007203,0.5824253621,0.7992079002,0.6709010403,0.6461005832,0.3252122826,0.5837195474,0.4807880837,0.5045216684,0.4276706365,0.7498744793,0.1836000101,0.38045226,0.5558753296,0.4020442565,0.331753914,0.4294168689,0.5626708296,1,0.6306946876,0.4422748826,0.5521198741,0.5410380042,0.4668765622,0.7615059713,0.7318836232,0.2246548853,0.4711379596,0.4397051177,0.7495154274,0.2566819509,0.6247694061,0.2677071713,0.6579219162,0.6160811152,0.3471226064,0.7772157432,0.3438787566,0.6124691477,9.697948064e-05,0.5811890133,0.4887625248,0.0001050316207,0.683403472,0.1829697,8.972585642e-05,0.4078901908,0.5931818512,0.4942671814,0.5336878844,0.5383406003,9.092165187e-05,0.5750037722,0.3216302343,0.3367018477,0.5512098239,0.3752009474,0.4429095356,0.6008251698,0.4251042197,0.676829361,0.6750499742,0.2727952385,0.4971621002,0.5173025507,0.6491672682,0.4088600616,0.3774575118,0.5230591509,0.3652572863,0.7108241171,0.1879711407,0.8438626074,0.1956627029,0.8377323368,0.4263710389,0.6139507211,0.3140061171,0.4148415874,0.1625796722,0.7024218406,0.3231792331,0.4646259821,0.4496365485,0.6966970747,0.6032962591,0.3785233784,0.7972787371,0.545798148,0.5103211356,0.3763212485,0.7194069067,0.183905763,0.4183614837,0.4162731228,0.5798399336,9.704428062e-05,0.5006712178,0.3944493709,0.3752901214,0.5764394012,0.3503398799,0.3106360926,0.6128736915,0.4550173577,0.4545238081,0.4300087319,0.4775112484,0.4084575501,0.5562732339,0.3902162924,0.6171267876,0.6797459067,0.6071129716,9.719401407e-05,0.4456125802,0.5213355478,0.3473067926,0.5752058878,0.5165024707,0.3926763129,0.7436264552,0.1767332667,9.047162871e-05,0.3574926176,0.6932403168,0.4619226416,0.3727408887,0.6528476993,0.9999850896,0.6780917816,0.3281017163,0.4446034164,0.6340646179,0.2682658947)
