mCurrentIter=100
mCounterStuck=0
mYPrev=-46.61318893
mParameters.n_iterations=100
mParameters.n_inner_iterations=1000
mParameters.n_init_samples=100
mParameters.n_iter_relearn=1
mParameters.init_method=1
mParameters.surr_name=sGaussianProcessML
mParameters.sigma_s=1
mParameters.noise=1
mParameters.alpha=1
mParameters.beta=1
mParameters.sc_type=SC_MTL
mParameters.l_type=L_EMPIRICAL
mParameters.l_all=0
mParameters.epsilon=0
mParameters.force_jump=5
mParameters.kernel.name=kMaternARD5
mParameters.kernel.hp_mean=[1](1)
mParameters.kernel.hp_std=[1](10)
mParameters.mean.name=mConst
mParameters.mean.coef_mean=[1](1)
mParameters.mean.coef_std=[1](1000)
mParameters.crit_name=cEI
mParameters.crit_params=[0]()
mY=[200](251.5459714,81.2037217,245.4639722,21.7093399,-9.627826429,43.80656006,5.052998758,38.06559399,-17.57681097,-11.38421036,23.15025197,-44.67103199,14.37055156,-48.63142398,-22.87144994,-41.59928615,-24.37552169,18.60180333,2292.197588,-12.46790376,214.389764,23.89289546,29.42185897,141.1328325,67.79895569,-1.663502065,-10.5099643,38.33509096,-18.72002086,32.7535936,-6.500154749,-19.889395,-31.33906225,-16.57718369,-45.40031383,675.2713524,22.8639193,7.5261449,630.297743,-46.14121534,-46.06134749,18.59381315,-33.97242275,-48.22536218,105.6385704,38.21568086,36.91717675,-38.15673516,-16.29528899,20.04058181,-1.946575218,1.951856361,7.733676292,0.9963322156,13.58836169,2.717361917,36.5425774,-1.214740295,68.1963464,-7.81756586,-19.37052791,446.131452,35.44563925,3470.207127,-22.23268896,-29.51080943,-0.3408633042,10.34993779,-0.7519914981,7.137665127,999.367969,-22.30124965,-25.13003844,1048.217825,9.811246361,1242.940139,-40.40916228,-41.00201981,5.104893232,-12.71501583,-3.896233144,-26.40227473,53.99458045,-7.292779431,28.20338317,31.02674925,-1.243550271,21.9727827,9.224403435,-29.99085011,-37.94125941,10.78365547,48.53529199,-26.88831685,59.10211756,-30.30887576,-16.35156547,-31.25096714,-30.64544541,2788.574045,-43.04840273,-50.41946633,-37.01239055,-14.26968105,-47.69854109,-34.75279515,-41.46612428,-42.47541588,-43.29356479,-45.471384,-25.20762789,-29.34322434,-47.67731538,-34.42468685,-43.65216605,-37.75881758,-20.94765455,-42.2394549,-30.79796309,-43.53094206,-43.90796297,-32.86389992,-41.60447996,-34.19243553,-42.58390835,-31.49391345,-43.1944296,-50.43799354,-29.80477583,-47.0529669,-37.89880751,-28.86809452,-50.02233368,-45.4372559,-43.12698397,-46.17708125,-34.92392785,-43.17333057,-38.33680386,-39.81785064,-28.99087509,-24.37078012,-49.05761145,-29.06263599,-46.85784151,-32.15015753,-45.47932301,-51.12719419,-30.53182182,-36.04323154,-46.0859649,-40.64303233,-34.70053226,-44.53749972,-42.31449347,-16.49686628,-46.75136372,-37.28119844,-49.61488612,-22.31205312,-41.24547638,-31.04250924,-43.92331331,-44.20114754,-47.8119658,-27.82908918,-44.32279691,-41.82092969,-41.95528777,-45.18273837,-41.67201874,-27.2744389,-45.30120796,-43.55055912,-28.61733685,-45.92695384,-25.87037187,-34.86375967,-34.34262691,-42.28116778,-51.41784688,-43.53335927,-26.08764224,-44.92638459,-40.68095247,-42.60740841,-41.67899157,-47.54531788,-38.46373505,-32.35093315,-41.40742657,-38.93275037,-44.44929668,-40.92088887,-42.17991115,-40.28475258,-30.21004206,-36.94754775,-48.21173036,-46.61318893)
mX=[200,3](0.4112734968,0.08718484466,0.3548386374,0.7475012545,0.2954386676,0.2991052586,0.4319146157,0.5901202882,0.01943246196,0.07924359654,0.9557143715,0.2275307826,0.898592733,0.6710558092,0.7292484552,0.01505054122,0.7528840728,0.9880515862,0.9493156072,0.5889194465,0.8451525294,0.05523637302,0.939926985,0.8138554511,0.4220728317,0.3140661257,0.7579246146,0.2158717618,0.3730341907,0.3071228575,0.6761570351,0.2657557986,0.3617194522,0.7575654073,0.4810449386,0.3292555478,0.4638804317,0.1680596172,0.9206189992,0.6687246123,0.5008786883,0.3980735894,0.7696001683,0.3997413265,0.3369935195,0.7176830351,0.5649678915,0.2306803663,0.7238441783,0.2824320809,0.5670758729,0.5420047984,0.9638691296,0.4443760323,0.3149971741,0.06459244282,0.1166270812,0.6303838146,0.1962981006,0.6848936424,0.7098255723,0.4333888746,0.09920935571,0.5545742308,0.5577990821,0.9562132061,0.5172520643,0.05779685038,0.9997652413,0.2894196637,0.02426194195,0.4531349746,0.6422796122,0.01349070728,0.5222588004,0.6882335848,0.3571271703,0.8348554811,0.301909788,0.701267182,0.6734687325,0.239551587,0.8929095218,0.8875797989,0.7916872528,0.7847081898,0.156998081,0.99540896,0.1479229583,0.5517706375,0.8096716971,0.5791928198,0.7806354467,0.3918436754,0.2031978972,0.7106760265,0.2615892523,0.2412012419,0.4830521428,0.5740543285,0.8041356683,0.08555218194,0.506163428,0.5176809032,0.5026564599,0.8374563689,0.6883506107,0.009469922259,0.388647956,0.6225156433,0.9321444315,0.7842857054,0.2240967879,0.4990679637,0.9862484662,0.252420872,0.1867261042,0.2085023219,0.5349006034,0.3135857402,0.1103478584,0.4988404595,0.4726672274,0.9055708792,0.7675756129,0.8728759136,0.2702889279,0.6979841208,0.2819128787,0.3230844762,0.5205502023,0.4698926863,0.1400376654,0.07781096232,0.4293685319,0.09547939227,0.9448893402,0.8282693213,0.447646726,0.910443527,0.8612452055,0.4947103899,0.3828307554,0.627329858,0.1668682477,0.3443704643,0.768021651,0.7321079763,0.8619092765,0.7909491931,0.3358249384,0.3237330386,0.8504477996,0.3445548028,0.8747673085,0.5181323353,0.9369716583,0.1388505599,0.6180721136,0.8208055297,0.7926994107,0.7052551752,0.8725666742,0.3600033209,0.9141571101,0.5680635557,0.8397909761,0.1053063271,0.9793972598,0.8491305966,0.9483315377,0.1515364113,0.7799461655,0.6560645772,0.3739496514,0.4170871168,0.1713730987,0.5236791571,0.8185533694,0.5443796036,0.6105926231,0.4095584222,0.7334377479,0.8490479728,0.2396274321,0.2070028325,0.2533374784,0.7347627452,0.04270361165,0.3666225253,0.03648534275,0.02361526847,0.03030486651,0.4424797242,0.2672839563,0.222963962,0.4548658152,0.6661950079,0.9213696917,0.04342760694,0.6900942029,0.1741267791,0.09674439252,0.8946839738,0.3561548095,0.8548227198,0.5361424421,0.06769816785,0.008239367136,0.6409043915,0.1875943609,0.2771762203,0.06684833553,0.1958825662,0.4655630481,0.2752758092,0.8500083153,0.6144807394,0.6380106719,0.8641159442,0.1521506304,0.1910959794,0.4508579529,0.1881337999,0.9000580851,0.5358642677,0.1157691364,0.1683262431,0.8874991372,0.6341770516,0.3772371789,0.580102137,0.6496488976,0.1261744604,0.6052531399,0.8865770367,0.2132819992,0.1300910653,0.5400042917,0.746916857,0.6206130667,0.1210676683,0.772083189,0.4086635691,0.7421083497,0.3475712343,0.7770626996,0.9732409294,0.9633279717,0.8113208717,0.4772554358,0.801248993,0.1053980354,0.9942605538,0.6084179464,0.2928317531,0.6059516995,0.9771741903,0.2434374815,0.8212791628,0.592637015,0.9195619636,0.9818649962,0.431832251,0.954848561,0.9040439807,0.2412178062,0.08515258844,0.3050844912,0.4009491004,0.6978729692,0.4261368488,0.5879506881,0.9654357863,0.9206603082,0.4121002057,0.02084865822,0.3394433131,0.2546404193,0.477819843,0.7273147759,0.05438170461,0.4848450351,0.174402238,0.3877020989,0.1263031992,0.7135230561,0.1403131955,0.5952275875,0.2149301447,0.5718353542,0.04972605034,0.650016341,0.07726197267,0.006172571303,0.6682361019,0.1306852181,0.656498803,0.1077048391,0.03151891922,0.0001081951323,0.6363611468,0.2668023136,9.831633564e-05,0.4098917122,0.4338469311,0.0001053397555,0.633234488,0.2659184562,0.9999768174,0.4087323482,0.4368614309,9.696889214e-05,0.5339581165,0.3465478091,9.707641089e-05,0.707481575,0.2432299063,9.692301124e-05,0.3802427212,0.465826375,0.9999854944,0.593647928,0.2947293386,9.690909542e-05,0.4940161519,0.3658190581,0.0001008734074,0.6083484435,0.2627415882,0.9999779793,0.4567050834,0.3927292099,9.699181313e-05,0.7279505451,0.237236137,9.726816963e-05,0.3575888685,0.5009735898,9.706904575e-05,0.655525475,0.4456682879,9.691395138e-05,0.4657749926,0.3800383159,0.999984621,0.6530623391,0.2682151329,0.9999779622,0.3800790137,0.4690568972,9.919940888e-05,0.5584874751,0.3059173012,0.9999779787,0.649954706,0.4834503352,0.9144753926,0.5453723588,0.3182792356,2.087098924e-05,0.4326938958,0.4040614352,9.690152068e-05,0.7153882549,0.2304783216,9.69691216e-05,0.3336523912,0.555703072,9.002537083e-05,0.5634773197,0.5684235446,9.81436885e-05,0.552089751,0.3202274954,0.9999779834,0.6984195114,0.2625790798,9.839878169e-05,0.3973881042,0.4378677016,0.7887512076,0.5135489687,0.3433523843,9.704677435e-05,0.7190967982,0.3903793141,9.70968285e-05,0.4917942359,0.3684195576,8.377032787e-05,0.2999678441,0.6033493545,0.999978103,0.4687886843,0.5479367419,0.7745643788,0.5507074419,0.3156578487,9.706985173e-05,0.359271347,0.4836895839,0.5946006097,0.6138597049,0.2469649078,0.6066530072,0.4311757996,0.4005852043,9.703716709e-05,0.6220882156,0.5243007021,9.696214661e-05,0.5853829979,0.373725176,0.0001001396682,0.6164210267,0.2388512043,9.695159972e-05,0.4531306429,0.5678947334,0.9999782927,0.7140368599,0.3974890936,9.700552284e-05,0.7490545011,0.2306756502,0.4215046962,0.4584442479,0.3820297053,0.7789563051,0.3649278639,0.4708030179,0.5336633072,0.5628094368,0.2855810965,0.9999780028,0.6188473047,0.5378603172,9.707910393e-05,0.5511604329,0.4145184816,0.6153012615,0.5038086121,0.3453319031,9.718570122e-05,0.5330645598,0.6240015399,0.5620797066,0.6420200213,0.2384050249,0.000105101749,0.431117484,0.4050530999,0.9999779855,0.55741951,0.4162972789,0.0001034676131,0.2887283461,0.6363321444,0.3634498236,0.5455968353,0.2970630725,9.687787591e-05,0.3378776351,0.5051270777,0.9999781344,0.3743849684,0.634872288,9.775350329e-05,0.4605696501,0.4993637566,9.882247053e-05,0.5931309885,0.2545596771,0.3733088603,0.4512817818,0.3825002624,9.815531103e-05,0.7772022683,0.3305264276,9.706675045e-05,0.5950938506,0.4135619386,0.9100069612,0.7175931528,0.2477287044,9.69568198e-05,0.5015370654,0.3401343079,0.5610020053,0.4062141465,0.4270982246,0.7336236079,0.5245365975,0.3280150445,9.013816756e-05,0.6684448684,0.5160345477,9.68513285e-05,0.4323061983,0.5342709073,0.5366493045,0.6163422796,0.3484570459,0.9013559138,0.5133949186,0.4740659895,0.0001050806793,0.4324637217,0.4044783711,9.637721613e-05,0.3005777645,0.5254814251,0.9999780215,0.5337629253,0.6082268336,0.5566823267,0.4829154527,0.3556363183,0.4240823592,0.5891090871,0.2552439028,0.7953920265,0.3690243015,0.496340137,9.697412376e-05,0.5076033571,0.4707023499,0.9999780034,0.7099252465,0.4657564817,9.667610076e-05,0.3801941316,0.6439105545,0.0001077226057,0.6928652244,0.2108417323,0.0001001059353,0.557688,0.2925086259,0.5805207043,0.5613608667,0.3961772774,0.0001048242493,0.4050845035,0.4229612042,9.697896223e-05,0.583043728,0.6277633098,0.5284015411,0.4835460759,0.3528660221,9.730429726e-05,0.6265253264,0.340376056,9.695611841e-05,0.4539751033,0.5304052631,9.710046588e-05,0.4844571714,0.3559450861,0.5670084205,0.5424067082,0.4480016162,0.5065941761,0.6765014837,0.2256599469,9.663851039e-05,0.2389310922,0.6415812464,9.695752949e-05,0.3333467272,0.4848111591,0.8663000797,0.6331579185,0.3258317996,0.6055262209,0.4262982862,0.4065917243,9.694299713e-05,0.5633138211,0.4876958348,0.6286545393,0.5526781967,0.2849159847,9.716835814e-05,0.4044727429,0.5714526193,9.850422652e-05,0.7013467728,0.209437334,9.73725426e-05,0.6014100931,0.2413218089,0.492809669,0.4943005903,0.3456968628,0.5760493263,0.4510825931,0.4865899068)
