mCurrentIter=100
mCounterStuck=0
mYPrev=-48.27316456
mParameters.n_iterations=100
mParameters.n_inner_iterations=1000
mParameters.n_init_samples=100
mParameters.n_iter_relearn=1
mParameters.init_method=1
mParameters.surr_name=sGaussianProcessML
mParameters.sigma_s=1
mParameters.noise=1
mParameters.alpha=1
mParameters.beta=1
mParameters.sc_type=SC_MTL
mParameters.l_type=L_EMPIRICAL
mParameters.l_all=0
mParameters.epsilon=0
mParameters.force_jump=5
mParameters.kernel.name=kMaternARD5
mParameters.kernel.hp_mean=[1](1)
mParameters.kernel.hp_std=[1](10)
mParameters.mean.name=mConst
mParameters.mean.coef_mean=[1](1)
mParameters.mean.coef_std=[1](1000)
mParameters.crit_name=cEI
mParameters.crit_params=[0]()
mY=[200](-13.93833685,-11.34281555,-37.45208592,-28.98230459,-25.61726067,-12.22077399,251.2871227,13.27572342,117.3394704,-47.10093004,12.8048066,-34.17909161,1.082960525,109.3540125,-48.08072746,2871.807246,600.0452728,164.2276745,-9.566685514,24.04005045,-26.36068723,417.2261541,-39.54876898,133.1881309,-34.46886577,-28.65556173,862.5766008,1014.25734,0.6076504126,-39.75460487,14.99933513,546.6471284,-15.34096418,-8.532725507,6.29154989,-5.925853288,-33.27275667,-48.1976336,-38.89079153,5.795070463,8.629493827,249.6947991,-5.499474397,-36.23967985,1606.638327,17.77170602,35.71035658,-12.44898166,-2.356838946,1421.918933,12.92567706,-6.804214139,-34.06732118,-8.327186268,2622.889479,5.960708432,-1.367011327,-30.75988488,-28.63687635,-44.34747743,790.7211935,0.2674637962,-28.50641659,-17.9147631,561.7331929,-13.5921076,15.37151016,10.10010579,-20.34055081,-8.421087988,675.0786612,-29.95651319,-17.78686292,0.8783471538,36.10631964,-23.21491914,40.87797647,132.0609998,12.96882734,1312.66729,6.643036402,8.39835762,-41.46562389,-5.930701262,-52.71012516,38.65240627,23.39961854,1.336491365,-22.38040127,-12.46557805,260.9196092,19.87391608,75.65706202,633.3508727,34.15678171,135.9929404,0.2145876655,-0.05130344657,-41.33969283,299.9205644,-48.99056241,-46.83631114,-39.74240605,-49.04438199,-41.82334258,-50.7699499,-47.29203118,-40.86930046,-47.35167016,-42.07832523,-51.45144424,-45.2870052,-47.93547823,-47.55869513,-46.40752964,-40.4259197,-50.27789044,-46.80421439,-47.14627617,-48.31622726,-36.52490724,-43.60048377,-43.60166285,-40.46500549,-52.01964666,-18.89767745,-44.94740195,-40.40652855,-38.98354792,-22.76021511,-38.79469883,-44.23736473,-47.31556743,-50.21896759,-44.30607766,-36.16635916,-47.0897826,-43.81420753,-44.16147919,-41.65563915,-47.96549031,-22.70854118,-31.06100353,-44.87291757,-40.38736369,-50.29414419,-44.85930616,-41.72182681,-41.76833543,-33.10544582,-46.01141501,-23.52298422,-49.56783984,-43.52526743,-47.72539185,-43.10748196,-43.65546224,-42.80032428,-50.87798952,-45.64869093,-48.47787911,-45.70198157,-35.71500759,-41.40683122,-45.94734457,-44.96750819,-46.05472091,-53.36729597,-22.96711937,-49.21995367,-48.46076606,-38.21583547,-47.40384316,-49.81054209,-34.78747024,-44.92575526,-44.25259675,-44.73290609,-50.2639809,-51.90950395,-37.7267924,-49.67581981,-34.98970221,-30.61449428,-49.57995991,-48.00148584,-45.10353065,-47.71076718,-27.66006167,-22.24845324,-46.20074639,-44.31163333,-47.49222969,-45.57954823,-50.26411138,-36.80981959,-51.27229165,-30.20039668,-46.1424538,-48.27316456)
mX=[200,3](0.8475655317,0.7805343889,0.6764737895,0.02748509655,0.048756098,0.7585276249,0.876500176,0.7229810795,0.4114930941,0.3106989574,0.685803623,0.6276420746,0.2257417157,0.2576259913,0.4566247254,0.4327829174,0.8589212697,0.1540430313,0.8172413582,0.1377833887,0.4289633101,0.9492247035,0.1568846996,0.7214667562,0.3554595339,0.4125535465,0.1946020922,0.005005931479,0.636987342,0.3472507652,0.9560982449,0.1822895183,0.926914753,0.1403015374,0.2644705224,0.6963776327,0.7480587932,0.7078832106,0.8558184721,0.7769223406,0.270481107,0.373464904,0.622453801,0.4540310722,0.4820520277,0.4854797405,0.1284566163,0.05210130608,0.2185982271,0.3989092952,0.08483427716,0.2424853629,0.1922524357,0.3218455618,0.1285844057,0.5191653442,0.8379315624,0.07940950215,0.6739855806,0.04959098855,0.03954035508,0.5054666369,0.2892692253,0.7555232348,0.9390141349,0.01842584829,0.1506123179,0.237908517,0.6316736684,0.9237229507,0.2081044332,0.4668083587,0.967507892,0.7123631556,0.330748413,0.4739344524,0.3294710022,0.711282937,0.1708759765,0.3333434384,0.1048396917,0.4539685548,0.5554725221,0.008661986217,0.7151662621,0.4820975402,0.2507586032,0.912296061,0.5899054361,0.4035479192,0.3359398456,0.4675584449,0.981356984,0.5696749907,0.3642522294,0.1310417076,0.2036930187,0.1119738476,0.706066954,0.9971747893,0.8467433097,0.5709632007,0.2381351841,0.9437945607,0.5840249442,0.6636835724,0.5690511348,0.8473125066,0.6465512678,0.4024372752,0.6697462831,0.5152493113,0.543898363,0.5263481308,0.5562752999,0.6662780123,0.503364533,0.3793009397,0.7342160875,0.8647684832,0.08199654593,0.2184842071,0.9638100401,0.4689175644,0.2207535204,0.2771605262,0.3086773938,0.7911927848,0.7340608522,0.3400441854,0.2821841516,0.5671006258,0.6011458978,0.3182176104,0.02481954305,0.1621973811,0.8636843498,0.03852715243,0.8589177915,0.09912054265,0.6536328906,0.5941422422,0.2415905982,0.5954434825,0.7329560222,0.8908381228,0.6140981686,0.8891818412,0.2918215148,0.1112867228,0.3873290472,0.3024522668,0.9728486825,0.8675588086,0.7484972643,0.7691101168,0.7233934494,0.6003816041,0.6405242237,0.1196777967,0.8749131772,0.5126282565,0.6332666009,0.0254892422,0.1602358811,0.6987553633,0.8077338791,0.8259245877,0.6826336359,0.5250450764,0.2005396113,0.8989074467,0.7533443354,0.1492155072,0.2616375481,0.7770460386,0.233352805,0.6134406119,0.6266624543,0.4979561454,0.6763972595,0.03129188534,0.3510372118,0.2924507896,0.9099206137,0.5494637301,0.1367856588,0.7677749348,0.4396321114,0.8042802821,0.4375160053,0.7462506034,0.8324786718,0.06316701361,0.3806829641,0.05893631084,0.5351851438,0.8152465152,0.7615633702,0.1624246628,0.6804637191,0.398840989,0.9916802157,0.2166866691,0.5887145714,0.4296478827,0.7842152509,0.7073189669,0.8873564083,0.1810512387,0.5496106272,0.1461512039,0.2667793884,0.4433490431,0.6993176143,0.6030819552,0.9342722042,0.8373360269,0.3035253418,0.3693160494,0.1750775222,0.8756415021,0.2544627642,0.9545786918,0.9156213209,0.5075492913,0.8294831213,0.2931316365,0.5283441358,0.9750301871,0.947908476,0.499093926,0.355628089,0.2428093928,0.2799018053,0.5746731408,0.9536482454,0.98406157,0.3489764846,0.09608447213,0.8289770697,0.6523400536,0.9032625858,0.4068219001,0.05078698788,0.8811397958,0.01909607148,0.591365023,0.2287169314,0.9732777683,0.4950994194,0.8033975966,0.2899462507,0.4469140759,0.4453138059,0.7893976349,0.9228603358,0.9925285123,0.09738776776,0.9690364549,0.0619290347,0.1900076625,0.3883982776,0.3133183967,0.6515885546,0.3708339557,0.3955375011,0.04316091012,0.6104800913,0.7937956772,0.7976538831,0.005838965476,0.4754895022,0.06435182245,0.9858158003,0.1281214363,0.5345017197,0.08814296573,0.5557852505,0.9065213306,0.0721369146,0.3682924095,0.4281975837,0.9182797667,0.9391298672,0.1860085951,0.01346200389,0.5338596136,0.4134637481,0.8128712393,0.7722487836,0.1058319683,0.1071854009,0.8971534636,0.3256213303,0.6484889689,0.1770020663,0.5786805718,0.479580106,0.0709974297,9.691418749e-05,0.570073907,0.3476874269,9.703494072e-05,0.5737553917,0.3444852377,0.02435734514,0.6190238707,0.3130584363,9.700510903e-05,0.5048894306,0.3990998148,0.0001057012384,0.6562209699,0.2899746318,9.700825911e-05,0.4966959599,0.4067899055,0.4248652658,0.570360725,0.3450624666,8.969261606e-05,0.6800026959,0.2721400118,9.597153969e-05,0.4407253713,0.497524212,0.4350511296,0.5346045769,0.36667953,8.988711761e-05,0.4837069221,0.4104959843,9.703694293e-05,0.6832481812,0.2649900621,9.695091606e-05,0.4408645155,0.5683241181,0.5951002859,0.6020298526,0.3165641134,9.695779832e-05,0.5011159087,0.3878796525,9.701044386e-05,0.6944083703,0.2594983154,0.6717324391,0.5712276431,0.3408433665,0,0.4354981189,0.5474412964,9.693309573e-05,0.4740054516,0.4219265626,0.4426787118,0.6313038334,0.2953383725,0.8171773133,0.509328892,0.4152045441,9.699964242e-05,0.5496794081,0.3425828565,9.69441531e-05,0.4527668667,0.616123432,9.694425381e-05,0.7200789938,0.2517487153,9.696013213e-05,0.4317799127,0.4724058476,0.9999779522,0.4587531631,0.5466544054,9.710347722e-05,0.5282758786,0.3590640479,0.6290589062,0.644577256,0.2859176812,9.681096873e-05,0.5115436843,0.641210322,9.688517842e-05,0.3010711196,0.7904845801,9.759604263e-05,0.7204908526,0.2399769425,0.5727367587,0.5837962622,0.3231169575,9.695366642e-05,0.558010567,0.4922453277,9.698693755e-05,0.4545022344,0.4387350267,0.6365889944,0.5201789689,0.3827631048,9.077215474e-05,0.5998459876,0.3006466684,9.693573494e-05,0.3899679648,0.558480037,9.706941662e-05,0.4836366605,0.3896731917,0,0.5930240128,0.5547801962,9.684125106e-05,0.3881301245,0.6490751087,0.0003487662999,0.4268676695,0.4876797126,0.9999781408,0.4858333917,0.584334306,9.719293739e-05,0.734461847,0.2413345221,0.6610826537,0.5068826338,0.4082298189,9.04728136e-05,0.5694697664,0.3245818421,0,0.4255083987,0.4730306008,9.713126389e-05,0.6116987237,0.450862563,0.7198897748,0.6591468787,0.2868262968,8.971460549e-05,0.5107681421,0.36687689,9.68786956e-05,0.5644516339,0.6663772835,0.7573799953,0.4910321437,0.4570537654,9.683731791e-05,0.3004329719,0.7845006146,9.68347117e-05,0.3783555198,0.5699013782,0.5992603056,0.6519700148,0.2852552596,9.70256604e-05,0.4413009284,0.4432069101,0.4986928245,0.5450449385,0.3503756381,0,0.6009523373,0.5363708858,9.62862707e-05,0.3667210746,0.6396676099,9.698124157e-05,0.4088357616,0.5087150258,9.663850394e-05,0.6192614849,0.2912049097,9.700425786e-05,0.4868648919,0.3866113095,0.7131249182,0.4784072989,0.4930326751,9.688493765e-05,0.7497903425,0.2307094349,0.568373207,0.6509378645,0.2831555864,9.041090065e-05,0.6264778068,0.4374815675,0.4832329194,0.5138959464,0.3751153914,0,0.524016562,0.5627635718,9.652330267e-05,0.4370415023,0.4519653768,0.9999779784,0.5442012511,0.6437184912,9.726157466e-05,0.5764448934,0.3132903991,9.685429346e-05,0.3824593292,0.5526710633,9.671400733e-05,0.3705593147,0.690642632,9.71910173e-05,0.4642425909,0.409387686,0.6624833864,0.5245972742,0.4664628811,9.68555481e-05,0.6574915398,0.567850952,0.6374382722,0.6891801018,0.2633442963,0.6016021574,0.4150424059,0.5601678849,9.682410778e-05,0.5836975065,0.3075425387,8.994626278e-05,0.5068477988,0.4943472503,0.5733529752,0.5318905659,0.3622857931,9.698818877e-05,0.6899416741,0.3809000793,9.691640692e-05,0.4107367922,0.4930613085,0.999977988,0.6457764643,0.5161040016,0.0002053480907,0.5686418664,0.6824741027,0.4629632352,0.4882630385,0.4058261162,9.703336856e-05,0.5336302327,0.3410492329,9.687604991e-05,0.3643637861,0.6083294685,9.694527541e-05,0.5287961022,0.4860326765,9.775363943e-05,0.7524969226,0.2285833246,9.694854778e-05,0.2939274822,0.7974632547,0.6305129168,0.5961615225,0.3212029615,9.708971656e-05,0.4570131186,0.4137658544,0.5440373391,0.4430370984,0.5152941641,9.723055765e-05,0.5025528533,0.5705099887,0.5088839499,0.5869578954,0.4271317077,9.062138362e-05,0.6134234924,0.2877016823,0.5045089491,0.4738936109,0.4264091117,0.7289345763,0.400680167,0.6176931764,9.70108254e-05,0.5029937972,0.3622586,9.704296302e-05,0.4018381995,0.5022209652)
