mCurrentIter=50
mCounterStuck=0
mYPrev=-5.271530237e+11
mParameters.n_iterations=50
mParameters.n_inner_iterations=1000
mParameters.n_init_samples=50
mParameters.n_iter_relearn=1
mParameters.init_method=1
mParameters.surr_name=sGaussianProcessML
mParameters.sigma_s=1
mParameters.noise=1
mParameters.alpha=1
mParameters.beta=1
mParameters.sc_type=SC_MTL
mParameters.l_type=L_EMPIRICAL
mParameters.l_all=0
mParameters.epsilon=0
mParameters.force_jump=5
mParameters.kernel.name=kMaternARD5
mParameters.kernel.hp_mean=[1](1)
mParameters.kernel.hp_std=[1](10)
mParameters.mean.name=mConst
mParameters.mean.coef_mean=[1](1)
mParameters.mean.coef_std=[1](1000)
mParameters.crit_name=cEI
mParameters.crit_params=[0]()
mY=[100](-5.510476324e+13,-8.936941143e+12,-2.580650779e+13,-1.509415435e+12,-6.40556512e+12,-1.783942963e+13,-5.297702633e+13,-3.584533463e+12,-6.45799164e+12,-3.483996331e+13,-1.295531756e+13,-7.679070727e+13,-5.285193545e+11,-3.745599872e+13,-1.007317871e+13,-1.809118706e+13,-1.0208744e+13,-1.768377921e+13,-4.652988158e+12,-4.455154024e+12,-2.36499059e+13,-5.795917861e+13,-6.417120028e+12,-2.789127993e+12,-1.479446609e+13,-1.404130591e+12,-1.552576816e+13,-2.22517202e+12,-6.004715184e+12,-2.977395519e+13,-1.527258265e+13,-4.878260257e+12,-1.425851496e+13,-5.300087769e+13,-3.218930042e+13,-2.759553382e+13,-7.300791855e+12,-1.15594001e+14,-1.360977881e+12,-5.344580104e+12,-4.050613886e+13,-1.338875123e+13,-1.709645051e+12,-1.196949909e+14,-6.285828499e+13,-3.186584606e+11,-8.540891658e+12,-5.411993105e+12,-1.889338487e+13,-9.3273392e+12,-4.582005192e+12,-5.413302852e+13,-2.807653068e+12,-8.97740481e+13,-2.11608244e+13,-3.480317019e+13,-1.86401869e+13,-1.170380657e+13,-2.018870295e+12,-3.763962819e+13,-8.504515346e+13,-2.311187971e+12,-1.352281469e+13,-2.085182496e+13,-7.657177023e+10,-1.601454074e+13,-2.677721285e+13,-8.467466879e+12,-6.802977927e+13,-2.010648188e+13,-5.318957728e+13,-3.663431989e+13,-1.921139518e+13,-4.886469933e+13,-1.000075696e+13,-1.353183086e+13,-2.346139468e+13,-1.660040247e+13,-1.840105105e+11,-7.046336475e+12,-6.37248101e+13,-1.134192623e+12,-3.670034581e+12,-2.651936824e+12,-1.953771878e+13,-7.032227259e+11,-1.888677722e+12,-6.858270403e+13,-1.291943364e+13,-4.158268693e+11,-9.878670114e+12,-2.173642733e+10,-3.067266438e+11,-2.410877819e+13,-5.495260206e+12,-1.346432056e+13,-1.789095938e+13,-3.878518661e+13,-3.04606827e+12,-5.271530237e+11)
mX=[100,3](0.03293415261,0.1944512637,0.7305032788,0.5207771429,0.625905068,0.3049533268,0.1019171226,0.3180947971,0.5246896748,0.588343987,0.08573688244,0.0823805245,0.6827931383,0.1781695395,0.4242671291,0.5186130385,0.3840056015,0.9673138003,0.856440446,0.06810938809,0.4441514031,0.0595909283,0.9193574384,0.2029808125,0.8692772508,0.6887697046,0.4784817786,0.610669181,0.01445376211,0.8661903875,0.7663552835,0.7197034568,0.4016796983,0.4713724965,0.6179590364,0.496626792,0.1751066771,0.1454859284,0.1134809723,0.8908484641,0.2401389768,0.9334237017,0.1576485342,0.5976752334,0.8896461383,0.1269123764,0.4742899581,0.5440024994,0.9268302087,0.2237527113,0.2253616372,0.6672520801,0.4870091495,0.9859531767,0.7176380168,0.9942046489,0.3738041786,0.2261280199,0.878970516,0.8097479167,0.6217927397,0.4468605546,0.3358386561,0.09621131316,0.5012450199,0.6261478991,0.5522170658,0.4347157315,0.7135868415,0.01096734372,0.1290209879,0.1628174213,0.9002867725,0.7644225263,0.5039960008,0.3671558755,0.7584729663,0.04538537045,0.9807032584,0.367438093,0.7492100543,0.2802733163,0.6442647325,0.00810511373,0.494778829,0.2155631293,0.9107977577,0.3105198192,0.1167673565,0.39825707,0.353086362,0.9655427693,0.2570509047,0.4443969271,0.5649644485,0.1274962874,0.7211527841,0.02590600857,0.6504769191,0.8094744187,0.2837569365,0.6692921826,0.6512501427,0.7853044873,0.1806791125,0.577507842,0.8077569414,0.7832824841,0.06681820425,0.6706496935,0.2657620372,0.3860654843,0.539348393,0.6012874224,0.33620581,0.9240209147,0.8269592203,0.4295584634,0.9460875127,0.8575231768,0.9772392421,0.7230953871,0.6921020336,0.4084892184,0.3451284262,0.7681494481,0.8343810283,0.8238786454,0.9594467444,0.7987791841,0.2744041787,0.5802736254,0.9527294143,0.551008215,0.567271535,0.2474139932,0.04495279529,0.06426521137,0.2786294578,0.3212901172,0.3430411147,0.1843568894,0.8977103283,0.2930081848,0.2184383786,0.4180201658,0.1449786724,0.7469303215,0.8504068411,0.03349873473,8.997232699e-05,0.999975878,0.6078525168,0.6187282928,0.402584481,0.5845794128,0.9999855639,0.0001065458529,0.5514247229,0.9999781922,0.3584857654,0.5709082687,0.999978034,0.4201409713,0.6070630776,0.9999780254,0.2530268817,0.5720768589,9.508112839e-05,9.370561216e-05,0.6169125733,0,0,1,1,1,1,9.922326097e-05,0.6972188268,0.6213887914,8.34145852e-05,0.0001132000841,0.7799255833,1,0,1,9.646960665e-05,9.079411308e-05,0.7738939615,0.9999868444,0.9999861555,0.6125031684,1,0,0,1,0,0.3082841263,9.879990072e-05,9.65034465e-05,0.5107702995,8.966008799e-05,0.9999838508,0.4936925363,0.0006135907682,0.3361217804,0.6221116055,0.0001707604859,0.4245265924,0.4968746077,0.9999783068,9.466509073e-05,0.7495988312,0.9999762342,0.6371886336,0.627706232,0.9492835349,0,0.588542198,0.9999797687,8.976120038e-05,0.8223976978,0.9999725229,0.381998202,0.4875379184,9.491651698e-05,8.697996559e-05,0.8682344527,0.9999746811,0.3923995982,0.8401643993,0.8196605596,0.7717627079,0.5812489521,1,1,0,0,0.301918843,0.6408158391,0,1.387778781e-17,1,1.232595164e-32,1,1,4.510281038e-17,0.5195106399,1,0.7991496407,0,0.5810111899,0.03570912106,0.3896650848,0.7724959195,0,1,1,0.04495533627,1,0.6773609031,0.04110656341,0.4576923817,0.4205064533,1.734723476e-18,0.6642858431,0.5218170498,0.9030591846,0.2722300004,0.02159996548,1,0.404547057,0.3666251494,8.297083278e-05,0.0001253226345,0.006802335161,0.001358962293,0.002947422425,0.3267124437,7.474041655e-15,2.775557562e-17,1,2.111318689e-14,3.081487911e-33,1,0.05249916522,0.4022991471,1,6.106226635e-16,0.01463625448,0.5846838327,0.00985626916,0.507804682,0.7078634812,7.76198309e-33,1,5.100284385e-24,0,1,2.081668171e-17)
