mCurrentIter=100
mCounterStuck=0
mYPrev=-27.22884769
mParameters.n_iterations=100
mParameters.n_inner_iterations=1000
mParameters.n_init_samples=100
mParameters.n_iter_relearn=1
mParameters.init_method=1
mParameters.surr_name=sGaussianProcessML
mParameters.sigma_s=1
mParameters.noise=1
mParameters.alpha=1
mParameters.beta=1
mParameters.sc_type=SC_MTL
mParameters.l_type=L_EMPIRICAL
mParameters.l_all=0
mParameters.epsilon=0
mParameters.force_jump=5
mParameters.kernel.name=kMaternARD5
mParameters.kernel.hp_mean=[1](1)
mParameters.kernel.hp_std=[1](10)
mParameters.mean.name=mConst
mParameters.mean.coef_mean=[1](1)
mParameters.mean.coef_std=[1](1000)
mParameters.crit_name=cEI
mParameters.crit_params=[0]()
mY=[200](7.668084251,16.53922014,-26.12914749,6.270267512,1702.157287,437.3158796,27.93170582,-6.39321499,-3.139424602,-9.426974912,498.0837642,-15.48445407,-22.35304099,-28.03450524,29.65097731,-11.76488318,3.455456294,-12.5710368,226.9962693,-20.65168415,-26.95641824,-27.12043871,37.47461473,3350.410745,108.1817669,30.98078039,516.0907634,15.73489221,-16.98359798,-24.74710361,441.1425513,45.59205845,-29.25261262,485.6966595,54.76470482,53.83367195,1401.755226,274.1078512,-8.860852571,-31.8844259,337.8727803,0.302761405,21.02414551,15.98189314,-13.60924468,-4.000227916,34.88332108,-24.34665907,2660.221697,-7.437783887,-31.79039326,123.5976181,15.78126282,-25.69586172,-7.418983113,43.24893335,31.02264323,-11.26391213,1238.020499,-17.25964249,3.765697183,-0.2346990207,48.61861724,-9.014860916,-27.9294592,29.98908776,35.91464905,159.544663,8.890002745,10.24487978,-4.235492282,10.01450369,7.037723218,29.83982991,-21.09457065,222.8521232,63.03558462,3882.624792,32.445099,6.652575406,-1.055827846,45.55040181,40.18265207,26.40652216,0.3858504007,1123.289982,-7.609173636,56.51697915,12.67419472,15.97381266,-3.28651284,-5.927777397,-32.81011618,33.81174255,-25.97338625,98.24571379,30.34484228,-31.85257066,1200.211718,41.44082746,-27.72190442,-27.54383884,-28.68809794,-24.72581164,-30.7738203,-22.62375037,-30.42144797,-29.6250081,-21.60999265,-28.15157526,-27.96991563,-32.69712998,-20.17105256,-28.43093547,-25.09656962,-30.86170224,-26.46061679,-22.13406908,-27.04863245,-33.00046521,-30.24832863,-28.15185698,-30.34974033,-12.87927891,-25.92265589,-3.96007478,-32.89105524,-16.4890885,-28.33423724,-25.34038775,-29.61041674,5.702491828,-24.27651253,-31.56746047,-12.63900418,-24.8367809,-32.10618586,-14.10145356,-22.44557229,-31.60885584,-10.62726338,-26.65444725,-26.37255418,-31.88397247,-3.965105829,-13.9144377,-27.28042086,-19.89281883,-12.92653238,-28.40152801,-23.85059834,-19.53864645,4.403097798,-2.384818373,-21.71929585,-28.8960192,-26.01056531,-34.01580587,-32.89253681,-23.24448273,-25.94416688,-26.32315425,-33.59515054,-32.55656763,-26.37834743,-23.05885682,7.649093454,-21.06247295,-22.50494629,-36.33946318,-2.388756821,-32.01934458,-29.54922452,-14.50783893,-24.35986332,-21.90547516,-28.9562363,-13.26360386,-17.65122055,-13.35739366,-34.22721554,-27.30442558,-13.52898827,-25.86928222,-29.84449795,-10.18409042,-32.59671599,-30.83440641,-27.63936657,-32.82656046,-18.10729166,-23.76720563,-12.27097857,-34.61127964,-26.21424695,-29.47335808,-14.63684578,-25.55370131,-32.17484192,-27.22884769)
mX=[200,3](0.5912017275,0.8191944884,0.0410545116,0.668636,0.934143368,0.1611661444,0.3692189567,0.6378723746,0.4033423099,0.3356789344,0.7512573662,0.706285033,0.6710824838,0.1230565579,0.1206842392,0.2397486078,0.1735409035,0.2406017553,0.09601771558,0.9701772064,0.3445284209,0.8044859139,0.8022121802,0.4122673272,0.1266882251,0.09019978582,0.7560103061,0.8266883123,0.3012243844,0.698925411,0.5772277169,0.1599663032,0.2396459694,0.9408219689,0.69878597,0.5791323767,0.1574760586,0.36208567,0.4391286239,0.2813181694,0.3127976787,0.5352192245,0.04243842629,0.4578365184,0.9473388999,0.4179892275,0.2689485446,0.4618257004,0.777756166,0.1106185313,0.6416787559,0.3763710282,0.5679489843,0.1856734416,0.1916558786,0.9153108155,0.02596585435,0.2005244506,0.4702991409,0.6528225623,0.984297156,0.4693981314,0.4548030927,0.1620489344,0.5876719222,0.2199944459,0.4442856739,0.9449497184,0.7228152043,0.8193895662,0.04228569075,0.03727930147,0.4259596971,0.4346410316,0.1375948307,0.08512390485,0.9817513144,0.2584046104,0.9637943912,0.1482720657,0.2805843783,0.463432092,0.4938879913,0.8798214844,0.6030698514,0.2728491342,0.490114241,0.8541704871,0.5372054637,0.5948706962,0.9908388389,0.3417318128,0.1176861789,0.8624330774,0.8478599858,0.9524914174,0.5534147003,0.6280622234,0.4271062228,0.03970538164,0.07226202891,0.3118805561,0.02806677262,0.08513791632,0.4822558889,0.5830453079,0.2509008877,0.3522622188,0.06964060722,0.2999090485,0.08444973822,0.926504953,0.5935098967,0.01964626229,0.1393355651,0.6757392715,0.608873898,0.01771302979,0.4244045708,0.5144177904,0.8983079769,0.2138598457,0.2672367003,0.3849350195,0.8346776151,0.2936905689,0.5296389636,0.1358416426,0.9252127347,0.7994818746,0.7353074251,0.8163003902,0.5198291992,0.223057253,0.5254897856,0.1785984753,0.5719827061,0.732651824,0.1096798593,0.9937045738,0.5052518652,0.1823155338,0.6517870427,0.4441020239,0.8493192,0.008165430306,0.1097203479,0.5421346855,0.5120730851,0.7457976963,0.5613901597,0.4079377386,0.5560296285,0.4341572213,0.1930167926,0.3261738762,0.6510965601,0.6002768503,0.8658526434,0.2909212854,0.2419835443,0.5685870024,0.497887889,0.7863782578,0.3989176963,0.8865741082,0.8871716891,0.909811166,0.3520416209,0.9215133422,0.09083540086,0.7660063803,0.7923138884,0.3386088538,0.6916497363,0.05272695692,0.2094076446,0.6418231657,0.3308159486,0.6829776772,0.001193136636,0.5076583623,0.794154303,0.7816941639,0.2381088861,0.7864912691,0.2161919746,0.8644864912,0.9310418153,0.9509597841,0.483398674,0.7194985011,0.1480590443,0.5450717017,0.2749848142,0.7368848571,0.7625832235,0.8899811031,0.7006684557,0.8735113669,0.06815464912,0.5044416245,0.2038677954,0.3093414035,0.918091697,0.6164162234,0.157477322,0.3093364461,0.7052051706,0.7657015372,0.254852348,0.4169601229,0.7743052299,0.3254454001,0.03972583293,0.8512908703,0.7209705522,0.02675956461,0.8283859537,0.6324880793,0.3258812734,0.9696968383,0.05459826442,0.3511691396,0.6612908522,0.4043174648,0.382582914,0.1440598788,0.6110559551,0.3735498719,0.2246101576,0.2251844161,0.8973367583,3.103654599e-05,0.7141229908,0.3976853635,0.9799365233,0.1158060042,0.8298923509,0.5812279709,0.9799390718,0.7452403539,0.672911229,0.8364861667,0.9564941159,0.8425898202,0.5327011481,0.9037069448,0.8365982517,0.07076590946,0.5529602433,0.9122217365,0.3143055495,0.4450252019,0.8015721346,0.7482844493,0.2835569258,0.07132816317,0.9381489586,0.7122172385,0.6310068413,0.2418705768,0.8573281553,0.9814690593,0.4700228639,0.01623191068,0.6150177449,0.6821760426,0.1870234203,0.8936524576,0.2752537213,0.7798932844,0.5465931558,0.3924078426,0.727755538,0.6265952749,0.874683389,0.5208396854,0.3839399047,0.9096250383,0.1697459412,0.990653865,0.2628303639,0.6803015615,0.3735718744,0.7590265134,0.0637730217,0.4720368691,0.6207397257,0.9675929825,0.1990963211,0.4847310779,0.6486357108,0.3654838995,0.3479016852,0.1071744497,0.1746902045,0.4586306316,0.6680527004,0.0538366396,0.9999781081,0.6797921727,0.2458999984,0.9999780886,0.6778877301,0.24659042,0.9999778466,0.675010623,0.2473923738,0.9999781032,0.6722536948,0.2484772918,0.2061461047,0.5572538434,0.3110664866,0.9999791236,0.6987606695,0.2371734204,0.9947120716,0.5419932828,0.3141207436,9.708935463e-05,0.4869344878,0.3641440395,0.9999887075,0.7121725755,0.2313474708,8.508282998e-05,0.6686585393,0.2657020271,0.9999853993,0.5567507384,0.3087551972,9.69797099e-05,0.4583298378,0.3984713532,0.9999781256,0.4487325588,0.4235520302,9.719926991e-05,0.5102810881,0.5168784206,0.4350790214,0.6935621485,0.2397630815,9.047210155e-05,0.6536634199,0.2707039025,9.701404695e-05,0.4950427832,0.3539469671,0.9999782084,0.4540037248,0.5344176797,0.999973934,0.7232650725,0.2230604061,0.9999809312,0.5893258036,0.278898698,8.986306964e-05,0.4436109834,0.4354068542,0.999977978,0.4940056939,0.3562281826,0.9995042135,0.6869447051,0.2067023607,0.9999781377,0.3671248347,0.6002443283,9.668822656e-05,0.512524186,0.5618269348,9.686900125e-05,0.2561939721,0.7754936887,0.99753946,0.6107949636,0.2521831142,0.9999086729,0.7657635093,0.223783423,0.9999780312,0.5590355459,0.4965549015,9.838639984e-05,0.6871888195,0.2520109043,0.02400865661,0.5445839627,0.3176009836,0.9999782857,0.3215993714,0.8265330546,0.000103168001,0.2952078425,0.6243047529,9.833177397e-05,0.4430860652,0.449401691,0.999969887,0.4300714931,0.4148513449,9.695399837e-05,0.5868971587,0.5125354887,0.9972166204,0.6058015093,0.2446033554,0.9994437721,0.7472788429,0.2150062138,9.685485059e-05,0.4752829505,0.6098686267,0.2971765821,0.5769291849,0.2889934379,0.9999848238,0.3475441417,0.5964068714,9.709663429e-05,0.4591851599,0.3771027804,0.9999781296,0.6083761936,0.5027021289,9.677603185e-05,0.398245056,0.5007394112,0.999014961,0.7924369836,0.2352223796,9.688117904e-05,0.2250923405,0.6839108461,0.6804787017,0.515553857,0.3272331236,0.9999782064,0.5113883297,0.6408468058,0.9999781065,0.4008078599,0.4852669037,0.9975993138,0.6527201417,0.2129765919,9.722132315e-05,0.618365919,0.4914871712,9.705780819e-05,0.5312847408,0.6234014103,9.702379714e-05,0.2822429675,0.8367915082,0.9999783491,0.2226940236,0.7235824808,0.0001069665117,0.6998683174,0.2307966335,9.680194419e-05,0.3404034994,0.576588823,0.4972344752,0.6806201062,0.2105317641,0.4955187789,0.4774960423,0.3591475472,9.692989986e-05,0.522065034,0.4469825938,0.999978202,0.6694206503,0.4938676797,0.9999779437,0.5056185732,0.5546750274,8.679060405e-05,0.6579367971,0.3116070626,0.9999793919,0.5814755774,0.3575111263,0.2502538489,0.5332029419,0.2918738888,9.673702807e-05,0.3951496948,0.4413933998,9.690806577e-05,0.5798107807,0.5499674203,0.9999790803,0.3597273198,0.8404980478,0.9999778916,0.693220223,0.190676707,0.000104877388,0.2713394454,0.6165515902,0.7107530608,0.5056808696,0.4478199111,0.999978245,0.2759318386,0.6131280569,9.692897445e-05,0.3961159196,0.5344207572,9.688173579e-05,0.5847794934,0.4038719377,0.9999761835,0.5428393984,0.676451114,0.399504495,0.6916475613,0.2061702215,0.2252538591,0.698054065,0.2154334314,0.7457439582,0.4464649386,0.3770190109,0.9999780365,0.3912578021,0.5008455836,9.687792277e-05,0.4006340745,0.6884677526,9.83301425e-05,0.7118677984,0.4796892931,0.9999762893,0.5713084803,0.2601267584,0.9999780249,0.6633440332,0.3360939963,8.97801551e-05,0.5801925878,0.6516133459,9.80992921e-05,0.5227396709,0.3180937544,0.6653672912,0.5495897463,0.5446617894,9.683584572e-05,0.2411068888,0.7292462657,9.728877998e-05,0.5091575637,0.4687373783,0.9999780115,0.5854178582,0.4277429992,9.715466987e-05,0.409309521,0.5756273949,0.4180478115,0.4350127583,0.3852149249,7.815460947e-05,0.7716625609,0.2510592469,9.729857682e-05,0.6609185383,0.3417044589,0.9999780668,0.740354868,0.4949275423,0.4891196301,0.5087561661,0.4838538504,0.7755188926,0.6841718639,0.1920446945,0.58755171,0.586252923,0.2498011279,0.9999782097,0.410373462,0.6575799909,0.7341602378,0.6988148981,0.1913822765,0.5714649617,0.575155327,0.2610760634,9.686819539e-05,0.3566113765,0.483116)
