mCurrentIter=100
mCounterStuck=1
mYPrev=-50.65464747
mParameters.n_iterations=100
mParameters.n_inner_iterations=1000
mParameters.n_init_samples=100
mParameters.n_iter_relearn=1
mParameters.init_method=1
mParameters.surr_name=sGaussianProcessML
mParameters.sigma_s=1
mParameters.noise=1
mParameters.alpha=1
mParameters.beta=1
mParameters.sc_type=SC_MTL
mParameters.l_type=L_EMPIRICAL
mParameters.l_all=0
mParameters.epsilon=0
mParameters.force_jump=5
mParameters.kernel.name=kMaternARD5
mParameters.kernel.hp_mean=[1](1)
mParameters.kernel.hp_std=[1](10)
mParameters.mean.name=mConst
mParameters.mean.coef_mean=[1](1)
mParameters.mean.coef_std=[1](1000)
mParameters.crit_name=cEI
mParameters.crit_params=[0]()
mY=[200](-27.32413679,1.180661422,-42.12349615,-43.81502576,-43.47902466,20.16213572,1385.4607,-13.74093334,-25.71767049,56.6115392,142.8158558,-42.0443988,9.819768982,18.54016432,-6.946531375,-30.94752911,532.2998264,-5.420679162,134.6564233,-34.55888218,49.08683411,-40.21587531,-18.42533027,-9.631956382,55.56592561,14.73685826,-36.51725873,-51.3931531,5.106523097,1606.542855,-22.92186341,10.49205268,-49.42756514,-23.17022347,31.68513941,1947.788441,-44.35162091,62.48078222,-17.91820493,1119.874235,-11.02463845,-15.90399843,-45.56361637,-24.8843377,55.16274634,-45.25722451,-16.01682815,383.3976182,258.8490199,-6.920554934,46.41216527,74.97728827,-30.74299075,33.67519866,-5.264140608,28.75470173,8.599649686,-45.26522188,-28.56019124,-55.96363249,-28.75231162,-36.32217775,-31.96217224,-52.91182311,2763.514852,33.60037057,-24.07505371,19.38758874,-46.62352487,-52.13321699,-47.07684582,4.51473587,-39.8243402,-24.09023686,-0.7799312361,34.95145002,-7.057151487,1773.302987,1678.169315,24.54899377,-49.01221333,-15.67546163,-38.1171385,-23.13245552,6.636542806,-56.25666478,-16.23948446,18.44853748,28.47846943,-4.047284805,-35.85800373,33.01026072,14.5940546,11.40145697,19.11818107,168.7527342,17.10076093,-46.62137529,190.4822903,-5.816020683,-46.81442049,-51.20984744,-49.55546015,-44.5387829,-50.61897588,-46.63414243,-55.95379758,-48.2863819,-35.63820164,-39.03320928,-47.43606461,-48.95903877,-32.41770759,-51.94664189,-51.59410409,-38.18831609,-43.6222973,-55.58318847,-47.6094431,-53.63686462,-33.91294005,-44.34211812,-50.40725701,-50.37999563,-52.38145072,-54.3177479,-36.90608261,-56.05659747,-38.89794094,-42.64067886,-41.59360004,-41.46254716,-51.27628537,-43.17069946,-48.02081728,-54.29880679,-52.24786704,-36.6429912,-50.00132781,-55.37142141,-46.23929806,-51.22270721,-51.37941602,-25.83986637,-22.55446957,-35.55868703,-54.81894214,-46.72052027,-47.43264764,-44.85759638,-50.25753615,-51.69726281,-48.20545251,-55.49534359,-48.50825288,-41.17083977,-34.40857382,-52.05576314,-55.40630543,-43.79794587,-49.67592567,-39.56994054,-53.74526904,-51.01728164,-39.48795564,-55.36215222,-56.61864016,-43.70738677,-47.05830846,-51.32548236,-48.36186034,-44.19164311,-51.62802437,-49.74068875,-38.013256,-56.66846107,-41.04157127,-32.40444544,-48.11864224,-50.72869264,-49.48887695,-52.46391563,-57.00220685,-35.68602365,-30.95622073,-47.59558803,-55.32982288,-52.80065564,-32.75278352,-51.93098808,-55.05169571,-53.0021336,-44.25097236,-27.50488785,-45.03364659,-30.99467808,-48.71482892,-54.35689501,-50.24097066,-50.65464747)
mX=[200,3](0.187365123,0.7545665476,0.2261489351,0.5845523578,0.1192925137,0.8871823266,0.9420966767,0.3467874518,0.4993944712,0.7007986729,0.2726233014,0.5782278646,0.1716728541,0.6363575476,0.2549316042,0.1480276575,0.3687965762,0.2351061511,0.1189320298,0.02494590666,0.1899841742,0.2616339642,0.3183147342,0.8178440382,0.009423672492,0.1007361514,0.7504425962,0.5367945321,0.4214180699,0.1472751233,0.1645114172,0.4899499868,0.05693037327,0.2056633906,0.3884355844,0.6405904679,0.933291018,0.1572729416,0.9311661204,0.6648995386,0.9086839516,0.7114188353,0.104182294,0.5976677496,0.7773837689,0.3402726445,0.2496371409,0.7235884195,0.513571878,0.2852283209,0.1146507891,0.4691555137,0.6232427012,0.7862147747,0.1305384325,0.5881701303,0.03387993126,0.2452992066,0.5286851638,0.2012144568,0.6891509045,0.9443294545,0.9633826615,0.1974767844,0.6571337601,0.3102352249,0.3363368049,0.006054119775,0.6068582584,0.6160051573,0.1444954159,0.8262494539,0.2531690177,0.9364680717,0.9805489312,0.9231514115,0.2687471486,0.3554656852,0.4009239659,0.1723408814,0.4759843431,0.2331667124,0.3013198217,0.5832465086,0.9538956902,0.4753543843,0.8942239577,0.3555040087,0.0622450035,0.1564894823,0.7816036151,0.8011642259,0.2675499176,0.8663246643,0.2155473471,0.4132950194,0.02247396902,0.3573185497,0.3932018236,0.05396393513,0.4098427572,0.7469988581,0.3234607544,0.7269553167,0.9548162405,0.9975933833,0.1909325674,0.06889759162,0.8726133952,0.5304484122,0.5566405352,0.7980549052,0.9779484045,0.04539896975,0.6734507498,0.1356883742,0.767944016,0.8376413761,0.4503463983,0.008919907343,0.559747378,0.8455154858,0.2411272862,0.6498636123,0.2343300832,0.3683165116,0.8595259822,0.5504606339,0.5266312502,0.7564345853,0.7912027883,0.1755199186,0.8053944413,0.985958376,0.07178928724,0.4929228406,0.2023315754,0.5941162178,0.503602651,0.7606508715,0.5482074098,0.04203945436,0.504963207,0.01894676111,0.9045251233,0.3378461805,0.135883132,0.985682932,0.0895179806,0.8399366166,0.09339234704,0.8132974237,0.9985935384,0.8113825069,0.4345436005,0.1297765364,0.7706539902,0.7351215905,0.3319851716,0.2261411463,0.9180400831,0.8407365314,0.8986773898,0.09783768601,0.8500321868,0.1269329889,0.8917403787,0.8063771081,0.4119886245,0.8648155263,0.6780664741,0.5676642913,0.2995345307,0.6147924575,0.600042388,0.7158893276,0.1697206859,0.07648293975,0.3238556107,0.5028004747,0.3992322372,0.6154483431,0.6341566674,0.6900172012,0.7038937314,0.2954459465,0.7298669221,0.1871325065,0.6281390176,0.5422587147,0.4977755902,0.4310262789,0.3610590809,0.03258166351,0.08445280772,0.2945763478,0.8201272849,0.9248921879,0.5203869708,0.169260994,0.738842486,0.4835628817,0.9635439797,0.5169956795,0.7350203813,0.6000114464,0.3876163928,0.8484288649,0.4430762193,0.4236494464,0.4755835282,0.5623418594,0.4542663644,0.03420221973,0.8770732944,0.5347132016,0.8861372693,0.6690154251,0.3274948035,0.7601147803,0.07345329772,0.6678119664,0.4227640477,0.3793058282,0.8772573334,0.3797137465,0.8576673443,0.9079475671,0.7479238484,0.7835130383,0.6565426176,0.4596743776,0.1257638951,0.10611434,0.4345985601,0.2570477527,0.02719097085,0.4421615959,0.9917819925,0.5642852016,0.3028538757,0.4603234951,0.3427843246,0.7140005882,0.5193874204,0.196460149,0.9659322318,0.6886495936,0.09125715135,0.9747086477,0.7735998007,0.2747078106,0.2773678858,0.8383217955,0.6857541813,0.3812469423,0.4144328925,0.4659393694,0.912825949,0.691390344,0.6904086456,0.6263630802,0.6715833581,0.9158419498,0.2111719439,0.05866425188,0.4459592494,0.283669561,0.7457626789,0.7012888989,0.08893665334,0.3982051073,0.3029263965,0.1526749227,0.8802942721,0.8699919274,0.06537272691,0.953091877,0.4090870424,0.5917543844,0.9278017384,0.2824939942,0.01281465145,0.04965703869,0.9797567119,0.3146823358,0.2296588452,0.2156002845,0.6352604304,0.5426841084,0.9441534987,0.5726913554,0.5753261409,0.4822034138,0.8210874375,0.01504855039,0.3763138725,0.657330728,0.6404975484,0.790404491,0.2179947914,0.5330491242,0.2767319821,0.9999860361,0.5266778739,0.284719225,0.8775818392,0.5325329627,0.2786443988,8.376917865e-05,0.556460438,0.2590565826,0.9080970882,0.4855542525,0.3279795847,9.709876681e-05,0.5006368884,0.3262134552,9.695513342e-05,0.3848847131,0.4562574064,0.9999780895,0.4683569179,0.3494658937,8.45772882e-05,0.6020338277,0.2227713356,0.9999781111,0.3571400575,0.4745476553,9.701384266e-05,0.4700606986,0.3678033309,0,0.4285188033,0.5462459681,0.9999781187,0.4196139875,0.6624161011,0.9999814181,0.5859481111,0.2397828797,0.9999801797,0.5815268282,0.2418213976,0.0001069249096,0.5901189893,0.2301836017,0.9999779953,0.4410221354,0.3805475753,9.697935425e-05,0.3047074141,0.5044867608,9.088546297e-05,0.5167577963,0.2939646138,9.713673015e-05,0.4131834522,0.4237607177,0.999978115,0.3089883298,0.5166291309,0,0.4797302958,0.5727435389,0.884197575,0.5592606781,0.2533083164,0.66687929,0.5093271635,0.2885526409,0.0001065376603,0.4326559482,0.4079220242,9.695128742e-05,0.2482566125,0.5389693755,9.686875116e-05,0.6540575468,0.4473662847,9.704574411e-05,0.3707256356,0.4763647452,8.725565766e-05,0.6364593385,0.2021555637,9.038960289e-05,0.5096679063,0.305976911,0.999977304,0.407733219,0.4270526668,0.9999780339,0.4073771973,0.5646708192,9.663343576e-05,0.462667723,0.5066704812,9.665452974e-05,0.2833195145,0.6469092135,0.9037961289,0.614333125,0.2204360035,0.8360329584,0.5129929503,0.2886340628,9.685724271e-05,0.270925981,0.5235573938,9.691982455e-05,0.4958977902,0.6266236248,9.719684959e-05,0.4706440323,0.3808508464,9.709534045e-05,0.3477410983,0.460226773,0.8948294487,0.6154810429,0.2189529899,0.8700521251,0.4888067086,0.31585375,9.697430252e-05,0.3711546181,0.5480820879,0.9999781146,0.3375856684,0.712283722,0.9999780256,0.238914363,0.5372671042,9.696626284e-05,0.6090704173,0.5367091322,0.6112835573,0.405792296,0.4125865187,9.684995516e-05,0.5518668231,0.3796572274,0.9999779904,0.4451916285,0.4898610563,0.5041653015,0.5427733696,0.2549265265,9.694997521e-05,0.4535127302,0.4784642579,0.6217684888,0.452470551,0.352340731,9.677952722e-05,0.2095435896,0.6007295109,9.731622927e-05,0.335957618,0.4608027107,9.700601223e-05,0.3687020372,0.5737399191,0.0001049158075,0.6378538668,0.199346178,0.9999847269,0.6925709302,0.453278671,0.9999781308,0.5285170835,0.3797351605,0.568091797,0.379131402,0.4347921195,0.1982273492,0.5299450533,0.2632727898,9.691082685e-05,0.4982118767,0.4530177282,0.9999782624,0.4879986939,0.6104176847,0.6166731242,0.3956091684,0.5153758322,0.3600690863,0.4366848284,0.3661813975,9.69702365e-05,0.28397059,0.6660930382,9.685057095e-05,0.2890737361,0.5075856702,0.5808981089,0.3636097871,0.4502460247,0.9999879163,0.6234359793,0.2182148039,0.9999831314,0.523312967,0.2784331203,9.699479404e-05,0.4288399179,0.5230857952,0.9999781319,0.5081909909,0.4479289663,9.6962091e-05,0.5938382328,0.3726338305,9.705039473e-05,0.4101812623,0.4014684452,9.138507734e-05,0.2087555093,0.557076289,0.9999780079,0.3435243113,0.5858675777,0.432690904,0.327292447,0.4771576896,0.3149203343,0.5375344975,0.2534915138,0.0001851903372,0.6594117141,0.1878141424,0.5044060227,0.4862358926,0.3052987757,9.696336342e-05,0.3507023206,0.562768869,9.688287826e-05,0.5041277173,0.4899070211,0.6779916116,0.4274846364,0.3930355909,0.1777407731,0.3307652189,0.472404057,0.9999780189,0.6376848534,0.5463074621,9.060537647e-05,0.4801881295,0.6674878205,0.9999780131,0.5593043621,0.3555962566,0.6608402478,0.4307696642,0.5021018461,9.702411746e-05,0.4733712146,0.4334714299,9.69343145e-05,0.6015114707,0.5678191991,9.687795191e-05,0.3401714395,0.5419148816,0.5937432476,0.3852435402,0.4335129933,0.649931142,0.4345202425,0.5130245231,0.4589550056,0.5488787272,0.2445746095,0.9999780555,0.2572155156,0.6662760027,0.3495783221,0.4724601841,0.3200789044,9.707485977e-05,0.7030767309,0.4224646952,1,0.5453541352,0.427384174,9.700092966e-05,0.3532254361,0.4508417715,9.061444064e-05,0.2081180012,0.5599667058,0.6225782375,0.2931863415,0.502774444)
