mCurrentIter=50
mCounterStuck=0
mYPrev=-7.382832799e+10
mParameters.n_iterations=50
mParameters.n_inner_iterations=1000
mParameters.n_init_samples=50
mParameters.n_iter_relearn=1
mParameters.init_method=1
mParameters.surr_name=sGaussianProcessML
mParameters.sigma_s=1
mParameters.noise=1
mParameters.alpha=1
mParameters.beta=1
mParameters.sc_type=SC_MTL
mParameters.l_type=L_EMPIRICAL
mParameters.l_all=0
mParameters.epsilon=0
mParameters.force_jump=5
mParameters.kernel.name=kMaternARD5
mParameters.kernel.hp_mean=[1](1)
mParameters.kernel.hp_std=[1](10)
mParameters.mean.name=mConst
mParameters.mean.coef_mean=[1](1)
mParameters.mean.coef_std=[1](1000)
mParameters.crit_name=cEI
mParameters.crit_params=[0]()
mY=[100](-4.128252771e+12,-2.582474939e+13,-7.607121762e+11,-457570857.9,-3.255550794e+13,-77040.52926,-2.63726623e+14,-177516.0735,-172252.5014,-9.66665902e+10,-1.396298029e+15,-1.726934934e+10,-9.785969971e+12,-3.634936218e+12,-5.513083945e+13,-107374109.8,-3.487289265e+12,-2.565068618e+10,-1.661081708e+15,-0.002605257632,-1.016621771e+14,-1.127712049e+15,-31237885.75,-2.054652417e+13,-1138470422,-7.697919972e+10,-3.337599199e+11,-7.418196947e+10,-2.733156169e+14,-2.302918056e+14,-37645411.33,-4.833412393e+15,-8.946070732e+12,-0.002149727621,-9.172825091e+11,-3.35207952e+14,-1.183686917e-13,-8.471168778e+13,-4.78551424e+12,-6.80320965e+12,-220894470.4,-1.603942842e+14,-6.742319156e+14,-1.039015006e+11,-1.31628952e+14,-6.509497815e+13,-1.869189939e+10,-2.776165074e+11,-2.356109078e+13,-1.234967326e+11,-8.798512781e+13,-1.514298148e+14,-2.049708544e+13,-1.164706995e+13,-1.950041653e+15,-1.969624541e+14,-5.688050855e+13,-3.56906e+15,-3.053071418e+15,-9.718073435e+14,-1.040918399e+15,-2.5262959e+14,-4.162345824e+14,-2.924251811e+14,-2.988580358e+15,-3.825407196e+15,-4.38668061e+14,-5.8721388e+13,-5.573089218e-48,-2.672169651e-44,-2.462253817e-34,-7.812775643e+12,-1.759150788e-40,-4.547044415e-07,-3.220878879e-46,-5.66345664e-46,-3.82668961e-05,-1.173709087e+11,-5.498933905e+10,-8.318457674e+10,-1.208932019e-31,-10323848.94,-9.937269857e-06,-1.472642688e+10,-9.709268355e-25,-5.058494375e+10,-1.078895455e-34,-20707.5048,-346829568.5,-6.854117086e+14,-0.2796593894,-2.005311386e+12,-1.218138978e+14,-2.499478019e+12,-2.908390706e+12,-2.362667343e+13,-2.102804465e+13,-2.140815933e+15,-6.627270135e+11,-7.382832799e+10)
mX=[100,3](0.2041759732,0.8652717612,0.1643559875,0.1881974445,0.4883280682,0.8252817495,0.8774736864,0.8143462476,0.1987619475,0.08043848973,0.4247335452,0.27719021,0.6377435098,0.1933010197,0.6480479573,0.4631989427,0.01007889485,0.3999339968,0.5510431939,0.6229555986,0.9476355618,0.2476056678,0.3585289651,0.2882042079,0.05875686711,0.7091462452,0.02045519451,0.3225405704,0.02568524583,0.6971981227,0.4212016073,0.2835087792,0.6777216989,0.1385116463,0.7932424741,0.4020667676,0.6830588428,0.1475268166,0.8627750868,0.9751260755,0.960746333,0.5403236295,0.6150003751,0.05545810647,0.7005432325,0.4451432609,0.4482903978,0.3148509493,0.7292830711,0.5850999933,0.2152935713,0.9973363779,0.8433738187,0.00408982038,0.4194058886,0.5056657458,0.76418122,0.1464861274,0.4188293059,0.1569746962,0.6655259652,0.9825094824,0.2547569523,0.1144260261,0.09531473018,0.7310319595,0.3027775687,0.7474884888,0.09859742713,0.06741553725,0.07898641356,0.904774577,0.8325603311,0.1314859227,0.6159633986,0.7918838233,0.5537597734,0.2380844921,0.8140177849,0.6893754308,0.3474813326,0.6498684003,0.6636332513,0.3382155274,0.2368160591,0.7336519165,0.9283987976,0.5914261328,0.6111933832,0.5123224665,0.9523343333,0.27890205,0.5220028812,0.5051218259,0.4750603221,0.8850153324,0.3810320079,0.2592495514,0.5611432925,0.3713460446,0.3302607597,0.136474447,0.485001283,0.9253337575,0.9777298393,0.7020252067,0.3647999565,0.7427084185,0.7756345848,0.2393157864,0.05518913694,0.5362358878,0.6491496494,0.4500300498,0.02487391245,0.9028497005,0.3726340043,0.9060478116,0.8361970338,0.06802693386,0.340385237,0.1049613064,0.4890071817,0.8513908037,0.5388248833,0.79792921,0.5778464731,0.5641062586,0.4695192093,0.9202041899,0.381634397,0.5964407595,0.2831179918,0.1764703483,0.9927317982,0.1706571479,0.7756095762,0.810170226,0.2797097431,0.310112409,0.4226209686,0.01293378673,0.2059418142,0.6217133398,0.7457257738,0.883908904,0.8528719829,0.8963896785,0.9421824433,0.1027909943,0.5017556273,0.4293790809,0.9724488074,0.487687446,0.4497872429,0.8611679798,0.5846841009,0.949860942,0.8842290236,0.5187253097,0.4811714585,0.5838855296,0.5912642792,0.4798195154,0.8870185634,0.01808692739,0.3684259283,0.8838111652,0.4261842807,0.4726319474,0.884704106,0.5217227128,0.477246983,0.8846225245,0.5195301462,0.4679153967,0.8885575765,0.5190157229,0.51654603,0.8813636127,0.5149745417,0.4656750777,0.8791622168,0.514696126,0.4875104797,0.8873936393,0.5245983723,0.4745764336,0.8884589374,0.5234710288,0.4724280452,0.883940149,0.5009224647,0.4767252161,0.885338855,0.5441448993,0.4759461348,0.8850266841,0.5525506721,0.4760017894,0.8833888409,0.536410521,0.476642914,0.885914124,1,2.568266243e-21,1.971560431e-33,1,2.718526411e-20,4.33680869e-19,0.6438592083,1.734723476e-18,0.02431682654,0.5041439699,0.975114513,0.8854512188,1,2.791863133e-18,2.91433544e-16,0.9418984291,0.4193294459,0.001820617383,2.775557562e-17,0.008140135416,0,1.387778781e-17,1.387778781e-17,3.740737046e-18,4.163336342e-17,0.6039648944,8.614628994e-17,1,1,1,1,1,1,1,0.7034143014,1,1,0.2229031648,3.469446952e-17,0,1,2.220446049e-16,0.9428513189,0.3797585065,2.428612866e-17,0,1,1,0.007676491005,0.2129105492,0.03350295986,6.938893904e-18,1,6.938893904e-18,0,0,4.537211398e-18,6.938893904e-18,1,9.079382094e-21,6.938893904e-18,1,0,0.48828669,0.4766050188,0.8834406944,0.008935197056,0.4840129233,0.01423432653,6.938893904e-18,0.6897125367,1,0.5049850248,0,0.886871795,0.506463228,0,0.8871399154,1.387778781e-17,0.6480090645,1,0.5040933031,0,0.8859704037,0.5042083983,0,0.8867023487,0.510167576,0.251047802,0.8866993959,0.5352053798,1,0.01023998931,1,0.4737018763,0.8854048423)
