mCurrentIter=100
mCounterStuck=0
mYPrev=-44.34582554
mParameters.n_iterations=100
mParameters.n_inner_iterations=1000
mParameters.n_init_samples=100
mParameters.n_iter_relearn=1
mParameters.init_method=1
mParameters.surr_name=sGaussianProcessML
mParameters.sigma_s=1
mParameters.noise=1
mParameters.alpha=1
mParameters.beta=1
mParameters.sc_type=SC_MTL
mParameters.l_type=L_EMPIRICAL
mParameters.l_all=0
mParameters.epsilon=0
mParameters.force_jump=5
mParameters.kernel.name=kMaternARD5
mParameters.kernel.hp_mean=[1](1)
mParameters.kernel.hp_std=[1](10)
mParameters.mean.name=mConst
mParameters.mean.coef_mean=[1](1)
mParameters.mean.coef_std=[1](1000)
mParameters.crit_name=cEI
mParameters.crit_params=[0]()
mY=[200](22.3505332,-44.32103051,12.91406341,-5.238710917,1533.658916,-33.4359767,-23.30889736,112.8810596,32.3503358,22.52187535,460.6083362,1944.842507,-8.899950585,-46.1194787,-29.9341847,-39.00467443,35.07951575,1.92969346,48.36229209,55.42313013,-26.3696028,2762.107389,499.425496,-13.85898401,-30.81857638,2.514398066,-27.59922527,-51.3681553,-8.677517314,-47.09625791,18.22844697,-9.542037987,-17.41800753,7.846942141,7.182191342,-33.79694209,1046.327208,-2.797011998,-14.93340932,-36.68878651,48.32867634,-22.52803637,185.1033993,52.30791753,-0.535532091,-27.6554925,-3.445961217,23.81060384,-4.342109362,-39.98917958,145.8369769,-16.28333211,12.32571447,-40.09132911,47.49276679,-29.92729757,-38.40642889,36.68380668,-32.27399194,-19.9615145,23.37984999,2031.638755,-22.90734175,13.56136462,-15.46171121,-13.04048646,-5.95122398,676.9910739,3.316385714,22.32574635,-27.3433795,-7.183405383,-44.62017987,1515.403872,71.80833438,764.9241712,-0.6686164117,18.09592323,-42.06562164,30.06710675,8.591632275,12.17316996,1.46805735,1612.966782,23.9730084,-45.34756608,-28.2035518,65.33063984,-0.110994842,16.28178432,47.78554172,-18.89239814,-45.24066134,16.81352138,-48.82643784,-14.56346182,-33.17003356,-11.89312996,-31.36273345,246.8522182,-44.68365532,-39.21083903,-50.84029499,-46.88914679,-48.75596754,-47.5896487,-48.69128573,-35.28540246,-48.13420554,-46.55411491,-44.69349983,-42.83121963,-41.01173602,-41.90758843,-45.45741801,-51.31099904,-42.03928878,-40.90548732,-43.44262187,-47.38761654,-31.64577413,-40.62799482,-46.88852061,-48.6638204,-44.33454893,-43.61212416,-44.50546745,-44.14919319,-40.59885826,-48.96657516,-36.37699709,-41.55112942,-35.40554895,-37.49102225,-50.72785837,-43.74448435,-38.85233951,-27.13982206,-44.40957659,-45.6197045,-38.32939626,-50.65116129,-47.29470878,-52.91861482,-37.9472915,-50.63705674,-47.07969669,-33.97168586,-36.57187181,-41.34164416,-44.91261801,-47.75970255,-47.12086203,-24.43958523,-41.33349055,-49.73558836,-50.93066093,-49.17762563,-43.80105737,-44.33885244,-48.53943615,-32.68954126,-27.9338304,-50.2139763,-43.55411343,-48.08062974,-47.48706886,-43.31929295,-51.78607505,-29.6431703,-41.09160295,-50.8738966,-51.34031473,-46.17599922,-50.70866688,-46.27744254,-42.52499083,-44.45498352,-47.77724004,-36.88371611,-37.20634814,-23.9777121,-51.41006229,-47.68828871,-42.17755489,-41.80623971,-39.69551134,-45.67417791,-47.11094525,-52.64015867,-44.98608155,-35.0892525,-49.7373317,-34.29076579,-50.46331771,-50.18310418,-42.18016876,-49.6547541,-39.3065987,-44.34582554)
mX=[200,3](0.6230462842,0.4947106367,0.9664691782,0.5188307732,0.2828929316,0.4555201872,0.6658657807,0.3825983998,0.9361916983,0.8023605472,0.6576287272,0.7744237355,0.2956150147,0.2713870312,0.01895067503,0.1382024613,0.6204747929,0.5092708161,0.7132826159,0.7748474166,0.1683757162,0.6006135354,0.4308603667,0.1163868882,0.1587973953,0.6313770927,0.9727437462,0.3090439017,0.9653817927,0.4931828235,0.9434194246,0.2948616296,0.1254045106,0.3921076529,0.1590422445,0.07075390584,0.3666976589,0.2441543887,0.8270989427,0.8330684845,0.5470743718,0.1863670894,0.9190745879,0.3363441206,0.3895531837,0.7349226021,0.3239947349,0.3948370544,0.2416869885,0.5875615928,0.9979329408,0.3518122588,0.7455677227,0.7338620223,0.4924831623,0.9898456934,0.8737368859,0.8509435207,0.7337182351,0.03085923777,0.7898055178,0.1314190844,0.6948361342,0.9666414041,0.1605440141,0.009814286663,0.4289625452,0.007363000154,0.2763733165,0.06030768813,0.227069752,0.3735659428,0.5512713403,0.7143828876,0.333234622,0.4320426929,0.6763942137,0.790213196,0.7288582854,0.2656777813,0.7173420539,0.6412316668,0.5138646233,0.4875725993,0.05816689007,0.7659953001,0.5721861709,0.1865137737,0.3750326852,0.4399453117,0.7711095492,0.05247232313,0.4762056269,0.6551045158,0.8221115391,0.3665468668,0.02723405042,0.3698041044,0.2977048798,0.4556854403,0.9138775417,0.319081286,0.344622796,0.6182740095,0.8460763893,0.8881914365,0.4602161253,0.266681088,0.7942114919,0.09201653913,0.1712900844,0.6153490813,0.7957411817,0.659522795,0.8138970269,0.5568564288,0.7583313865,0.4756424795,0.5645790249,0.2091249543,0.312247046,0.9590645921,0.8944218004,0.6768396937,0.7272066418,0.5524492063,0.3822581681,0.8676715614,0.02505156524,0.2853150221,0.5043043098,0.09782015393,0.3742281941,0.4559957933,0.8518637695,0.4838756034,0.5972569424,0.626021921,0.5919845089,0.8116635632,0.6040058968,0.7037714746,0.7883573273,0.8836167417,0.1687818685,0.8399125324,0.2491150703,0.0002635493991,0.1901869179,0.5825329988,0.4158923548,0.1833415888,0.2821403826,0.9821855364,0.8011844386,0.2501443404,0.09205662818,0.906570753,0.06787901457,0.8418445491,0.474597707,0.6145296798,0.3282168474,0.01390670214,0.4453980941,0.5609122639,0.3429562372,0.7012220328,0.8981123938,0.4132209101,0.6317930023,0.2038714332,0.8964780067,0.8659404287,0.6910649214,0.235104051,0.4633417804,0.3345669731,0.0410316601,0.5635673607,0.08055575862,0.8801227631,0.7467495475,0.2730792973,0.127308781,0.08476402332,0.03869918111,0.7546920413,0.3258637098,0.7505984364,0.2077085831,0.9453165767,0.7607218293,0.6826369021,0.6821346771,0.9296798702,0.1032414148,0.5367422436,0.2131509473,0.6685758459,0.7286759747,0.01163226937,0.3511709937,0.04840136404,0.2338030522,0.6461127916,0.8156406931,0.4096942127,0.6938735466,0.9031897144,0.2644779233,0.07288744638,0.6759250165,0.8770467931,0.176062539,0.8381665761,0.9706427243,0.4266737289,0.408233808,0.4467794236,0.1437704809,0.1032367822,0.1286934663,0.03144292008,0.4145555573,0.2224980928,0.06540545174,0.2137464846,0.1486780962,0.8587185658,0.1320830396,0.6804653599,0.8497423488,0.7840826562,0.5075863021,0.5772312424,0.2264953526,0.5323153075,0.9799142548,0.1514443448,0.8260948394,0.9229719989,0.3467250809,0.5722358161,0.930574969,0.1967681746,0.1076504056,0.3971396417,0.2392604369,0.04637418844,0.02706880324,0.1486961908,0.9545780589,0.4026480458,0.9886994982,0.07449068933,0.4430469728,0.511562304,0.1158617355,0.6004744094,0.5958678909,0.1921825683,0.9972072213,0.05417522247,0.8649034371,0.8794399366,0.428903955,0.2528975267,0.5314568268,0.9113154851,0.583700917,0.9430604672,0.9288147706,0.7406533184,0.313979797,0.7691210427,0.4696551988,0.3028942048,0.529221435,0.5207203236,0.2175311588,0.9595409392,0.1755181723,0.4826755832,0.3538807814,0.9979411085,0.7029951479,0.6653546112,0.9012332293,0.5242070243,0.6493495077,0.5422955206,0.1123418619,0.8095078878,0.9301698533,0.2552207567,0.5412523685,0.6344566978,0.08836330297,0.3066406456,0.4967923512,0.5566044664,0.3240832745,9.086157432e-05,0.5600925776,0.3112528863,0.9999781161,0.5446464026,0.3389894859,9.700413246e-05,0.4742958002,0.3882806375,0.9999863669,0.6107441438,0.2678659599,0.9999781281,0.5042080098,0.3761972492,9.694910635e-05,0.3383570323,0.5081709791,9.962462318e-05,0.6273293154,0.2411779114,9.784045059e-05,0.4431265342,0.4001059986,0.9999781215,0.5989971933,0.419184542,1,0.4107892464,0.480734129,8.862620652e-05,0.5533274874,0.2976475403,9.776700172e-05,0.2910972761,0.601045318,0.9999853438,0.5786067923,0.2810995253,0.9830485963,0.4741882864,0.3551484138,8.974725108e-05,0.3758294267,0.4436106209,9.688432805e-05,0.2407494992,0.5071782633,9.725795962e-05,0.5796904376,0.4090728266,1,0.3816032697,0.5165024264,0.1286759635,0.5027393492,0.3259683964,0.9999781429,0.2463428704,0.6059812133,9.68898913e-05,0.406724951,0.5870069575,9.700253299e-05,0.4124027696,0.4169514853,1,0.5246777456,0.4780017994,0.9999792585,0.6479081511,0.2308772357,0.999982555,0.5330233468,0.3057961903,0.9918867769,0.4270638448,0.4089295988,9.701125483e-05,0.2966021608,0.4755720142,0.9999780034,0.6555660947,0.4244075904,9.694105512e-05,0.4926156572,0.4684167247,0.1042268304,0.6484172832,0.222346909,0.2100793953,0.5511106748,0.2897252606,9.685647165e-05,0.2440239669,0.6446486875,0.9999781232,0.3389526463,0.4798738477,0.4505043047,0.4587708615,0.3667037091,0.9999850431,0.5222625678,0.5246538293,9.696970034e-05,0.6244111821,0.3918362153,9.161537894e-05,0.4299862179,0.6872551042,9.695065595e-05,0.4278715974,0.5258480235,1,0.6317135771,0.2651904865,0.0001063440602,0.2177842746,0.5194590363,0.5332151396,0.4676192086,0.36410337,0.0001001365528,0.3821220966,0.4283061115,0.999977812,0.5414819045,0.3003444243,0.9999850924,0.3369967843,0.580179891,0.9999779241,0.4990415995,0.4220986231,0.9999780082,0.6342638508,0.3369859827,8.716514264e-05,0.6515029788,0.2185443355,8.925913544e-05,0.5342217283,0.2991392136,0.9999780123,0.6210718514,0.4959334341,9.726122622e-05,0.5147365475,0.4533052218,0.8589654919,0.3966337837,0.4403281146,0.9129252068,0.4922839455,0.3358855073,0.9999780067,0.2384224476,0.5042792054,9.097721168e-05,0.4877743836,0.5584735033,9.698113823e-05,0.339369267,0.4558162506,0.9999961666,0.5727384219,0.2593111651,0.2270436086,0.4419829526,0.3812153676,0.9999780042,0.4514202056,0.5296875686,9.62096996e-05,0.3382514533,0.5779035277,0.6064864939,0.5408365528,0.4020890309,9.688430048e-05,0.2193303628,0.6578177492,9.098323438e-05,0.6847840213,0.444135362,0.4545322346,0.4349868153,0.4543670513,0.9999776717,0.656955959,0.2116755481,0.9999763894,0.6409677219,0.3267705814,0.389440662,0.5571923823,0.2718737314,9.69408482e-05,0.3111672138,0.4685513623,0.5782841162,0.4903255252,0.3349987609,0.9999838513,0.2148766856,0.6207697375,0.9993178157,0.5722918526,0.5374413859,0.5620658545,0.5001217136,0.4253027433,0.5661319568,0.4097541395,0.3972826594,0.9995105721,0.546613473,0.2810853439,0.4149453485,0.3896889228,0.5201243301,0.9999780096,0.5784647191,0.3815330175,9.692436466e-05,0.5306746849,0.519289248,9.698723977e-05,0.4995681006,0.3522647828,0.7821503647,0.371050776,0.448149147,8.888307454e-05,0.201999106,0.5358971057,9.783772767e-05,0.3741713881,0.6268125229,0.99997815,0.4201907462,0.7274649692,0.4705118127,0.4616518456,0.4554793925,0.9999779854,0.4640999885,0.3548931647,1,0.4077628814,0.5645765718,0.9999728127,0.6506961725,0.2180398328,0.1517489973,0.6344884255,0.2920148474,9.7014694e-05,0.395456141,0.4083819545,9.699305688e-05,0.351478995,0.5200743813,0.9966186876,0.5435665068,0.2828238341,0.454109364,0.5598724599,0.3722820096,0.9995075663,0.6905444172,0.4520000689,0.9999779832,0.5000472444,0.4509089668,9.785120236e-05,0.5027360218,0.6088555834,0.7333916926,0.3246119276,0.458694281,0.3812912702,0.4325148771,0.4781841973,0.4268260666,0.5629429835,0.2598559726,0.5523149922,0.4379459524,0.3734313418,0.9999780034,0.679100336,0.2923271061,9.698562898e-05,0.2624335362,0.4798509467)
