mCurrentIter=50
mCounterStuck=0
mYPrev=-8.503796516e+20
mParameters.n_iterations=50
mParameters.n_inner_iterations=1000
mParameters.n_init_samples=50
mParameters.n_iter_relearn=1
mParameters.init_method=1
mParameters.surr_name=sGaussianProcessML
mParameters.sigma_s=1
mParameters.noise=1
mParameters.alpha=1
mParameters.beta=1
mParameters.sc_type=SC_MTL
mParameters.l_type=L_EMPIRICAL
mParameters.l_all=0
mParameters.epsilon=0
mParameters.force_jump=5
mParameters.kernel.name=kMaternARD5
mParameters.kernel.hp_mean=[1](1)
mParameters.kernel.hp_std=[1](10)
mParameters.mean.name=mConst
mParameters.mean.coef_mean=[1](1)
mParameters.mean.coef_std=[1](1000)
mParameters.crit_name=cEI
mParameters.crit_params=[0]()
mY=[100](-1.32587587e+23,-2.635857251e+21,-4.628927006e+21,-9.334814098e+22,-7.250248314e+22,-3.526766887e+22,-8.650664853e+21,-8.566784657e+21,-5.203315293e+22,-2.90708699e+22,-1.218034016e+22,-5.525971773e+22,-2.216487386e+23,-3.742771258e+22,-4.732934324e+22,-1.069561451e+23,-6.46188533e+21,-1.8034744e+23,-3.017552677e+20,-1.621775996e+22,-7.169509412e+22,-2.426140188e+22,-6.503119313e+21,-3.772871461e+22,-9.202824935e+22,-2.607443184e+22,-7.535506783e+22,-2.268689353e+21,-1.207669332e+23,-1.68511652e+22,-3.59616668e+22,-1.213062623e+21,-7.082853982e+20,-8.262846882e+22,-2.496987496e+21,-2.005666468e+21,-1.230674381e+22,-4.816637827e+21,-1.303041552e+22,-5.156957423e+21,-9.09560022e+22,-6.736900655e+22,-2.110771151e+22,-9.188804796e+22,-8.34310728e+22,-2.000267482e+23,-2.630005615e+22,-8.09882697e+22,-8.296319649e+22,-4.125802368e+22,-8.11680249e+21,-2.44312777e+22,-1.034094109e+22,-1.799718808e+22,-9.908987998e+20,-3.445571692e+22,-1.08084068e+22,-2.536114186e+22,-1.096284245e+21,-1.731281593e+23,-9.303390282e+22,-2.131925805e+22,-3.18269952e+21,-9.628532183e+21,-5.252593747e+21,-1.047633271e+23,-5.12421257e+22,-1.293909577e+23,-1.949951633e+23,-3.054622358e+23,-2.465012198e+22,-1.201285437e+22,-4.125098992e+20,-4.709125674e+21,-6.781961991e+22,-1.977334083e+23,-6.556492534e+21,-1.429877336e+22,-3.518410962e+21,-7.531641666e+22,-8.661442645e+22,-2.75752708e+22,-3.940697911e+21,-3.355633734e+22,-3.846845862e+21,-3.371251528e+21,-1.63661023e+21,-3.649875976e+20,-3.124754911e+22,-1.527658401e+22,-1.024306889e+23,-1.684391062e+22,-2.010746303e+23,-1.515189727e+23,-1.04517426e+23,-1.722721725e+22,-6.063933192e+22,-1.238559426e+22,-1.563316647e+21,-8.503796516e+20)
mX=[100,3](0.4212512874,0.3131883477,0.04986779464,0.3758247181,0.2510284917,0.9966571319,0.2819612491,0.175800199,0.9134156954,0.7551734166,0.6882049912,0.3568873565,0.1059910039,0.02392068968,0.2625933327,0.9538302213,0.2211722158,0.7448207888,0.454841849,0.526908813,0.8479311015,0.243244188,0.6533777427,0.1969590432,0.5471188939,0.1976137598,0.2054028216,0.9940557796,0.4795433162,0.5986292576,0.1331240926,0.5077313192,0.1183943013,0.4920329797,0.2956350251,0.7992358812,0.5371881914,0.08511124428,0.2971039864,0.6956433919,0.6309884514,0.7082486416,0.8746947272,0.7497836155,0.4424115465,0.3833489254,0.3514529954,0.3751112522,0.1942485526,0.5731802527,0.5145054896,0.6772181451,0.4065013033,0.2301285705,0.09942248919,0.9932659664,0.9351212753,0.4743651287,0.5454378027,0.5669048407,0.6576578874,0.7042642211,0.007604607241,0.3442201697,0.06966827095,0.7701693659,0.9167004639,0.9550482949,0.330353683,0.3145477919,0.2061071232,0.1461783559,0.6170751965,0.7302438299,0.3831103848,0.8494542545,0.1297456509,0.170736931,0.7350288014,0.3332606136,0.5340458828,0.2256568998,0.6636276227,0.8120304306,0.8854890793,0.4999659936,0.4945883389,0.7715923138,0.5926898065,0.8366863747,0.6369519222,0.2711355073,0.6813044759,0.7169869157,0.8857375257,0.9675797888,0.2075615906,0.863445345,0.9426858193,0.5828410286,0.9129977743,0.3080871155,0.9639769842,0.1421933043,0.4686350638,0.333283556,0.7635046412,0.8867633948,0.8291207833,0.967936096,0.6453508066,0.00425096801,0.8054370086,0.6683928098,0.0265208283,0.8255009675,0.404087729,0.4190721165,0.9236876983,0.2404860548,0.5057066813,0.1116585823,0.5499616879,0.1742806494,0.3832268852,0.7314783331,0.5779109386,0.01714343015,0.8674093802,0.2732409635,0.05414792915,0.4223049361,0.159549053,0.6148393909,0.07218284535,0.8166307791,0.4331134984,0.0212886116,0.9335952037,0.7916116479,0.09615372983,0.0465530414,0.4429204007,0.6351119249,0.06705291091,0.3641747336,0.1243880685,0.7972830844,0.859933894,0.6070314616,0.5724944037,0,0,0.9999780162,0.4446405499,9.66909379e-05,0.632902359,0.4373557924,9.758893801e-05,1.143763095e-15,2.712016069e-20,2.710507434e-20,1,0,0,7.755679659e-05,7.709686864e-05,0.6007814288,7.462181969e-15,1,3.662809426e-18,1,1,4.284094949e-32,1,1.686604022e-15,1,0.5817388374,0,0.3776672508,0.6135307551,9.18050734e-05,0.3619057115,0.4477823004,0,0.346622568,0.999986467,7.701736617e-05,0.3570869717,0.5592742049,0.999987667,8.361201585e-05,0,0,0,0.6412042219,0.3901849871,0.2861993362,0.4007066241,0,0,0.6409372715,0.3893237689,0.2890214098,0.6815247938,0,0.4767566539,0.7098155777,9.001905266e-05,0.3546363719,0.7426799192,9.257854418e-05,0.2793882803,1.67693056e-23,6.328030294e-22,1,1,1,1,0.757909474,7.971607734e-05,0.9999994,0.7562166476,7.240494482e-05,0,0.749702331,0.0001636127357,0.507715979,0.7793997942,0.9999834298,8.547769117e-05,0.7476922099,9.942744515e-05,0.5487535061,0.4350239427,0.999980549,0.5136489095,0,0,0.4047822662,0.3284067646,0.0002133062116,0.5069196153,0.7118318657,0.0002834813307,0,1,0.0004234976526,0.3859651222,0.5612613608,0,0.5117353384,0.3063828468,1,0,8.675653913e-19,1,1.132862597e-14,0.1666661673,1,0.4068305009,0.5348650096,1,1,0.6225686566,1,0.3411368334,1,1,0.7359987356,1,1,0.3251384213,1,1,0.009146549081,0.3645040047,3.469446952e-18,0.09908748687,0.3336863534,2.949029909e-17,0.2292317773,1.232595164e-32,3.555199687e-18,0.4231660701,0,1.540743956e-33,0.248787869,0.3545540623,5.811323645e-17,0.2629046383,0.9341870773,0.0003987670554,0,0.3844672397,0.3947046875,0.009779250362,1,1,1)
