mCurrentIter=50
mCounterStuck=0
mYPrev=-2.134047106e+20
mParameters.n_iterations=50
mParameters.n_inner_iterations=1000
mParameters.n_init_samples=50
mParameters.n_iter_relearn=1
mParameters.init_method=1
mParameters.surr_name=sGaussianProcessML
mParameters.sigma_s=1
mParameters.noise=1
mParameters.alpha=1
mParameters.beta=1
mParameters.sc_type=SC_MTL
mParameters.l_type=L_EMPIRICAL
mParameters.l_all=0
mParameters.epsilon=0
mParameters.force_jump=5
mParameters.kernel.name=kMaternARD5
mParameters.kernel.hp_mean=[1](1)
mParameters.kernel.hp_std=[1](10)
mParameters.mean.name=mConst
mParameters.mean.coef_mean=[1](1)
mParameters.mean.coef_std=[1](1000)
mParameters.crit_name=cEI
mParameters.crit_params=[0]()
mY=[100](-6.266262287e+14,-6.903371506e+18,-1.488224386e+20,-1.239533677e+20,-2.104219885e+19,-2.712851731e+19,-1.85746787e+21,-2.161393833e+20,-2.690638951e+20,-2.628963318e+20,-4.361411617e+19,-1.341015814e+20,-1.586999965e+20,-3.090379033e+20,-3.927654921e+20,-3.758629103e+18,-7.079942457e+19,-1.456971186e+18,-1.216204581e+20,-5.26201818e+17,-5.003350565e+20,-4.134750941e+20,-1.12714762e+20,-1.657317294e+16,-6.446867207e+19,-1.328954283e+17,-2.01716168e+20,-3.966398317e+18,-2.247356691e+19,-5.494485814e+19,-1.433447875e+19,-4.641241247e+18,-1.156062376e+21,-1.772784622e+21,-2.568461292e+21,-1.16276428e+20,-8.723440642e+16,-3.462981649e+18,-7.964658108e+18,-5.692462801e+20,-5.936124029e+20,-6.008326649e+19,-1.73596614e+20,-3.192435956e+19,-5.597480402e+18,-4.934954251e+20,-6.244854392e+20,-9.833269442e+19,-2.627316168e+17,-1.632211225e+20,-4.315276446e+19,-3.047600505e+19,-1.18930377e+20,-6.894461561e+20,-2.548731e+21,-4.275912875e+20,-2.95971787e+20,-2.337779705e+21,-5.804704831e+20,-1.217960627e+21,-2.64149518e+20,-1.014025439e+21,-2.623053699e+21,-1.687843149e+20,-2.239500873e+21,-1.353471682e+21,-6.087761231e+20,-7.279125794e+19,-6.68815974e+19,-1.058523372e+21,-1.940027299e+20,-2.369539364e+20,-1.397488774e+20,-1.002033158e+20,-1.260264489e+21,-1.687060436e+21,-1.237144927e+21,-6.173651982e+20,-2.817488063e+20,-3.912748185e+20,-1.748753962e+18,-8.208523642e+19,-5.467767407e+20,-8.894102466e+19,-9.913364465e+20,-2.669488737e+21,-1.052062009e+19,-8.120478966e+19,-2.019464221e+20,-4.783265299e+20,-2.002886656e+12,-1.388975425e+20,-4.377597182e+20,-138110559.5,-1.853884275e+18,-4.566162298e+15,-3.163289151e+19,-1.352841855e+17,-9.203925518e+19,-2.134047106e+20)
mX=[100,3](0.2750230314,0.06531818572,0.05722707726,0.3055316994,0.2180824045,0.2710465295,0.9092990612,0.5165568203,0.4488942354,0.5843594874,0.8202422435,0.5335895057,0.1288605592,0.2817526523,0.2351161764,0.4371603781,0.6739530762,0.3393939463,0.3456350179,0.362990216,0.5146417438,0.5262838459,0.393787772,0.5497333598,0.9937625653,0.7951415067,0.3938446277,0.3924954292,0.633640559,0.7224993797,0.04817801628,0.5521887677,0.4734840359,0.9541942852,0.8750524414,0.6261901749,0.3640146259,0.3267431798,0.7409213662,0.9276065558,0.4477154655,0.990630197,0.7334979416,0.1236447257,0.5900261543,0.8004387171,0.9685675729,0.9588848708,0.1077553074,0.6972657934,0.7823332117,0.001436214554,0.763050404,0.7098715363,0.7989941705,0.6567617021,0.6000614354,0.4795442906,0.2386450809,0.1942617431,0.8547478534,0.4709609045,0.9789262976,0.4433254322,0.5878147738,0.3727398891,0.4157964487,0.1918299585,0.9212421802,0.2125765514,0.4073712156,0.1102598175,0.8287438393,0.2431815503,0.4216935082,0.6474684253,0.1657171995,0.1242946397,0.0788023987,0.05021420083,0.6729862994,0.7767580766,0.4381215983,0.09385112657,0.541612179,0.00223638488,0.4981428331,0.3264266674,0.7548759223,0.8537743785,0.7199621412,0.1178602275,0.3497468757,0.1990470083,0.8190893499,0.8674660818,0.499457503,0.5362630489,0.5775789781,0.2844162513,0.02285614239,0.7755433447,0.879906037,0.3022503313,0.6813449509,0.2513194316,0.2791878645,0.9119459807,0.02610522638,0.09639116986,0.1509407989,0.1567375628,0.3539739475,0.2919418494,0.6310852304,0.7329045768,0.01016884794,0.6089673078,0.1467359065,0.8188403766,0.8871927384,0.8474411264,0.1785547396,0.6778163566,0.9981994016,0.4090007977,0.9740632406,0.9506801874,0.02172036419,0.5728047286,0.9282506735,0.2055565691,0.2288170293,0.7131257788,0.07157353109,0.6833018194,0.4826371732,0.8389518731,0.7461944895,0.6029443667,0.6451255021,0.1608315187,0.5722091529,0.8835081112,0.09649953669,0.8855200571,0.2533498155,0.5028740901,0.9017980196,0.3000170367,1,0,1,1,0,0.7195788344,0.921036629,0.3407019755,0.7035086912,0.9702341334,0.3030109035,0.6815110062,0.8593034987,0.3024399921,0.6809187055,0.8604855397,0.3017516536,0.6546847509,0.8530916716,0,0.6801066611,0.8568185082,0.3017365799,0.6826964811,0.8616719114,0.3002787499,0.6793984731,0.8612646786,0.3029607087,0.6818872608,0.826474246,0.3021185315,0.6822349472,0.8847131454,0.3024066162,0.6836419113,0.8779209035,0.3024312564,0.6803792138,0.8778816238,0.3027524439,0.6804390213,0.873339441,0.300693874,0.6826711534,0.8706762689,0.3016347935,0.6809276078,0.8913462321,0.3007898754,0.6817126084,0.8689483476,0.3045382083,0.6823058315,0.8765554536,0.8497980036,0.1703240198,0.8665474263,0.3012838928,0.6826598773,0.8869214496,0.8438948078,0.1867023526,0.701269128,0.487654321,0.8456790123,0.6800822912,0.6029386061,0.6454919006,0.45691961,0.5363366659,0.5773774556,0.5094033636,0.534574869,0.5832255296,0.5978503084,0.1419753121,0.833333316,0.6242286618,0.1419753068,0.8334418468,0.5252014087,0.5367691361,0.5943172879,0.5963236768,0.1397536256,0.8295841086,6.271613066e-15,2.080874775e-18,1,1,1,1,0.8919729835,0,1,0.6095281744,0.1430190997,0.818591682,8.941991226e-05,9.143656686e-05,0.5157714617,0.6289081772,0.1440604926,0.8436571023,0.6511730263,0.1409171397,0.847091915,9.306388907e-05,0.9999939327,0.6380390244,0.9899737275,0.3024894597,1,8.819110667e-05,0.2423424889,0.6656161978,0.6441386089,0.1409825856,0.8517300242,1,6.018531076e-36,0,4.365574577e-15,1.148496949e-15,1,9.846486094e-05,8.603632069e-05,0.7368973302,3.650587693e-21,1.694065895e-21,0,9.45685391e-05,8.178484059e-05,0.3632612898,2.743787723e-22,1,5.431884846e-16,0.9999756472,0.4627539416,5.933989191e-05,1,1.512418763e-05,0.3639441457,5.29395592e-23,0.332260142,0.7616664222,1,0,1)
