mCurrentIter=50
mCounterStuck=0
mYPrev=-4.975501899e+19
mParameters.n_iterations=50
mParameters.n_inner_iterations=1000
mParameters.n_init_samples=50
mParameters.n_iter_relearn=1
mParameters.init_method=1
mParameters.surr_name=sGaussianProcessML
mParameters.sigma_s=1
mParameters.noise=1
mParameters.alpha=1
mParameters.beta=1
mParameters.sc_type=SC_MTL
mParameters.l_type=L_EMPIRICAL
mParameters.l_all=0
mParameters.epsilon=0
mParameters.force_jump=5
mParameters.kernel.name=kMaternARD5
mParameters.kernel.hp_mean=[1](1)
mParameters.kernel.hp_std=[1](10)
mParameters.mean.name=mConst
mParameters.mean.coef_mean=[1](1)
mParameters.mean.coef_std=[1](1000)
mParameters.crit_name=cEI
mParameters.crit_params=[0]()
mY=[100](-8.287827217e+16,-7.410964505e+16,-1.177304251e+16,-5.244263167e+16,-5.310712022e+17,-5.78567345e+17,-2.988480629e+15,-7.733551619e+17,-1.041859976e+16,-4.076578189e+16,-2.29574692e+14,-7.244607941e+16,-2.132168108e+17,-4.122589107e+18,-4.951307516e+17,-3.398192635e+17,-8.259796609e+17,-1.843132437e+15,-1.035328679e+19,-5.639272517e+16,-8.126868558e+15,-3.27427825e+14,-3.601989626e+16,-2.405798328e+17,-2.924594766e+16,-1.571187281e+15,-6.703016788e+17,-3.748854715e+16,-4.063819749e+16,-6.058877798e+18,-1.043736421e+16,-9.861541339e+16,-8.940151155e+12,-3.59636956e+15,-1.048163695e+17,-4.779327066e+17,-6.12369757e+17,-6.404450224e+14,-6.210890386e+14,-1.199075231e+11,-3.069212379e+17,-5.06380501e+14,-3.587447003e+16,-2.918532835e+17,-3.756305433e+17,-4.809262289e+17,-6.589967743e+16,-3.951016334e+15,-1.195130956e+15,-3.122705684e+18,-5.476724998e+18,-1.263844804e+14,-1.355426697e+19,-3.442472819e+17,-1.620289323e+17,-2.873881111e+17,-9.204780986e+16,-2.538449701e+14,-2.620521355e+14,-1.768202574e+15,-1.351054343e+16,-5.735205686e+18,-7.253612862e+14,-3.852292473e+15,-1.928450568e+20,-2.929588851e+14,-2.787035056e+15,-1.956076487e+16,-6.165124396e+15,-8.934546295e+15,-9.587661508e+16,-2.008455583e+12,-2.909929576e+15,-9.945173409e+13,-7.65618272e+13,-6.72332984e+18,-1.031119073e+20,-3.447269661e+17,-8.353103692e+14,-2.074595619e+13,-3.226467713e+12,-9.907244254e+12,-8.781696211e+14,-2.303204293e+15,-3.920676018e+14,-2.265200253e+18,-8.849068276e+18,-2.714511735e+18,-1.629078727e+19,-1.015725044e+18,-1.654413027e+18,-8.80298014e+17,-8.371112666e+17,-3.44227106e+17,-1.897656286e+18,-5.171700875e+17,-2.849764394e+16,-1.529703697e+19,-1.057237679e+17,-4.975501899e+19)
mX=[100,3](0.8586492474,0.06125970185,0.572164785,0.1598335524,0.1026282602,0.7622010481,0.003391896398,0.7195320272,0.8415642538,0.3719566035,0.6790967837,0.9040690884,0.192090064,0.4532023979,0.4633517365,0.2195410387,0.5538342081,0.4966680782,0.3438621365,0.8129993899,0.7314684396,0.1625327704,0.6480908543,0.5341939027,0.7838676154,0.3887175403,0.3952586446,0.7281473938,0.8987482007,0.2805100239,0.5305549459,0.05552007144,0.0712501024,0.1122082626,0.4943142853,0.8337775187,0.5612590842,0.7422447087,0.08612081912,0.4305052294,0.771141731,0.02217733701,0.05078900785,0.3704353347,0.8728556047,0.6354866092,0.5103010576,0.337408017,0.08134646977,0.3077417541,0.4136153498,0.8852858902,0.3451808798,0.519040687,0.2559283238,0.2929329282,0.673219374,0.4412666526,0.8217742112,0.8120464098,0.7710835659,0.1641134872,0.1990928415,0.5495746847,0.09612634084,0.1485573722,0.4839917271,0.5737517976,0.925207207,0.8630566767,0.6068076727,0.4300055209,0.9821124844,0.8431851506,0.3513443447,0.9226855626,0.2108934289,0.6890916993,0.5030831705,0.5963718182,0.1318764223,0.4731299159,0.1547434634,0.4434553649,0.2380998869,0.4112520156,0.2275516082,0.07675140463,0.5352275549,0.6118838637,0.9572858305,0.9531383892,0.8884688536,0.6604695904,0.2240640793,0.2536743004,0.9752910551,0.6285172068,0.2112195271,0.1327289591,0.2548074536,0.9403773707,0.7506173187,0.3381907024,0.9807611059,0.6026904982,0.7981784114,0.005961329313,0.2907440707,0.9250052286,0.5495676688,0.7162145108,0.03095285635,0.5940500908,0.6980435464,0.9875166332,0.05979174152,0.8209236306,0.002134578112,0.7146138014,0.2786634831,0.8683077764,0.6490160591,0.9074913002,0.4771113632,0.1192928396,0.3935837781,0.9135270913,0.3738354097,0.4062492124,0.1304032936,0.7569089917,0.5913103127,0.4236580756,0.9731379737,0.3274047636,0.2683738256,0.3005688397,0.6455369935,0.1989301045,0.6335349894,0.3143978133,0.7262112182,0.1718848562,0.03868400607,0.9637657925,0.7939746486,0.8029664611,0.6939865666,0.2724233267,0.1678513626,0.2984311468,0.6486690312,1,0.2895627892,0.9999482808,0.04269629821,0.4035348282,0.6771388663,9.846603038e-05,0.438826535,0.6899012019,0.0003129932166,0.5447230035,0.6751488812,0.1697709971,0.3530819266,0.6765814255,0.03622031397,0.401680945,0.6765854478,1,1,1,0.04342482517,1,0.03244511713,1,1,1,1.734723476e-17,6.938893904e-18,1,0.0431659399,0.4032705013,0.6770433223,0.04139177713,0.9790817174,0.6812381138,0.0412723786,0.4039282068,0.9802453061,0.04195495742,0.4049193712,0.6772026825,0.7462015715,0.1559406122,0.1559422367,0.1685658809,0.1559406122,0.1559422367,0.1685658809,0.1559406122,0.1559422367,0.1685658809,0.1559406122,0.1559422367,0.1685658809,0.1559406122,0.1559422367,0.1380458132,0.9581371359,0.1670894616,0.9803446192,0.1666666667,0.9583333333,0.9869541868,0.9581371359,0.1670894616,0.1685658809,0.1559406122,0.05198074556,0.1685658809,0.1559406122,0.05198074556,0.5,0.5,0.5,0.5,0.5,0.5,0.1380458132,0.9581371359,0.1670894616,0.1380458132,0.9581371359,0.1670894616,0.9803446192,0.1666666667,0.9583333333,0.9642933669,0.1640668042,0.1461347826,0.9803446192,0.1666666667,0.9583333333,0.9803446192,0.9583333333,0.9583333333,0.1685658809,0.1559406122,0.05198074556,0.1659578327,0.05711772127,0.148716672,0.5,0.5,0.5,0.5,0.5,0.5,0.5,0.5,0.5,0.5,0.5,0.5,0.5,0.5,0.5,0.5,0.5,0.5,0.5,0.5,0.5,0.5,0.5,0.5,0.5,0.5,0.5,0.5,0.5,0.5,0.5,0.5,0.5,0.5,0.5,0.5,0.5,0.5,0.5,0.5,0.5,0.5,0.5,0.5,0.5)
