mCurrentIter=50
mCounterStuck=0
mYPrev=-3.773141213e+20
mParameters.n_iterations=50
mParameters.n_inner_iterations=1000
mParameters.n_init_samples=50
mParameters.n_iter_relearn=1
mParameters.init_method=1
mParameters.surr_name=sGaussianProcessML
mParameters.sigma_s=1
mParameters.noise=1
mParameters.alpha=1
mParameters.beta=1
mParameters.sc_type=SC_MTL
mParameters.l_type=L_EMPIRICAL
mParameters.l_all=0
mParameters.epsilon=0
mParameters.force_jump=5
mParameters.kernel.name=kMaternARD5
mParameters.kernel.hp_mean=[1](1)
mParameters.kernel.hp_std=[1](10)
mParameters.mean.name=mConst
mParameters.mean.coef_mean=[1](1)
mParameters.mean.coef_std=[1](1000)
mParameters.crit_name=cEI
mParameters.crit_params=[0]()
mY=[100](-2.29873589e+20,-1.639660615e+22,-2.111409019e+22,-1.865325076e+21,-3.706739869e+21,-1.376238851e+22,-5.359289149e+20,-2.223768002e+20,-1.436409546e+21,-4.450546136e+21,-1.766951405e+22,-7.750736561e+21,-4.417130839e+22,-7.913659965e+22,-8.860083723e+21,-6.515264221e+22,-1.726401215e+20,-6.919488748e+21,-3.393535951e+21,-4.258850687e+22,-6.282886327e+22,-2.964894183e+21,-3.967286563e+20,-7.536022478e+19,-6.066625072e+21,-2.498544521e+21,-3.759231286e+21,-2.353338642e+20,-1.809653437e+21,-9.339056735e+22,-1.672400615e+20,-6.255907031e+22,-4.641922417e+21,-1.735550315e+22,-4.121365132e+21,-1.094920379e+21,-5.188813155e+19,-6.362362801e+22,-4.494631254e+19,-1.7468723e+22,-9.420482378e+21,-1.945814779e+21,-1.352598905e+21,-8.592113807e+21,-4.52689674e+22,-4.578418597e+22,-1.63701824e+22,-2.57684608e+22,-4.952530654e+20,-1.259128035e+20,-4.409516994e+19,-9.954773077e+22,-8.066686895e+21,-9.594429042e+22,-1.646581127e+22,-7.748227269e+21,-6.714740142e+20,-6.81220055e+20,-2.112944818e+21,-5.984535358e+21,-2.123931593e+20,-6.133876717e+21,-1.796600112e+21,-4.618376863e+21,-5.525548707e+22,-2.789599672e+21,-5.798848774e+20,-8.094598345e+23,-1.53792628e+23,-5.547586539e+21,-2.633667185e+22,-1.905972251e+23,-3.57998408e+22,-3.057017912e+21,-1.441800077e+19,-7.010482646e+18,-1.033623009e+19,-2.046091595e+21,-1.607858012e+19,-1.452495625e+19,-1.796681555e+22,-3.05234318e+21,-5.614746529e+20,-2.796617447e+18,-4.257811038e+20,-2.300454666e+19,-1.302406951e+20,-1.225908082e+23,-3.292196365e+21,-4.613526257e+20,-5.799012585e+19,-2.994104022e+22,-1.406304502e+20,-7.619152905e+22,-1.371161058e+21,-1.562439187e+21,-3.193287579e+23,-1.357012937e+20,-6.128176038e+22,-3.773141213e+20)
mX=[100,3](0.1444668048,0.933769014,0.1148263181,0.2568981869,0.07799623395,0.7571376343,0.2317655637,0.4925274745,0.1862182516,0.8058125821,0.8245594688,0.566448374,0.1802985533,0.5075161025,0.4624498908,0.6250477521,0.4700041365,0.05366017188,0.4937094916,0.7542050942,0.761579464,0.004403845961,0.7624008055,0.2635855163,0.8714466957,0.6759740321,0.8119597364,0.4463735919,0.5781781188,0.1398020672,0.1128904995,0.5936357765,0.4310199889,0.3125233066,0.6019129779,0.6782397325,0.9885595672,0.04522030327,0.9843115871,0.7549269743,0.2617091928,0.7104525503,0.1285465305,0.3581703358,0.8309058179,0.5797625177,0.1775758982,0.6930139346,0.2029073527,0.9004559295,0.6138768816,0.4074228801,0.09403930619,0.01065376886,0.8932825866,0.8657102605,0.519395081,0.7113243951,0.3151661407,0.5350336382,0.2692409033,0.1070035079,0.3772122992,0.8207333906,0.4227228459,0.840360651,0.9682461406,0.8077914931,0.736699989,0.1603281765,0.8477780415,0.2993247926,0.3811020007,0.02383873828,0.5906320625,0.8536952675,0.9436910436,0.02280363231,0.4642378943,0.3623967685,0.09515351006,0.06985901025,0.556298936,0.8937101288,0.3454404542,0.1858904506,0.5412168682,0.782390329,0.2940217799,0.2210376685,0.09759767396,0.6920010833,0.3140188131,0.929810892,0.7151993344,0.07030610111,0.9527402374,0.6296812965,0.8664902983,0.4221837521,0.3854059025,0.6332767848,0.6702301183,0.6492708168,0.3426445506,0.5585009287,0.2359991709,0.9572911515,0.3741737358,0.9612821828,0.9217512679,0.5971489083,0.248627825,0.9024251471,0.02345286892,0.9909635866,0.3219135106,0.6111879728,0.1490381572,0.9738012108,0.5051061206,0.3300718884,0.2454344038,0.9166293748,0.7988226519,0.6430449773,0.7357936535,0.7375466333,0.150384447,0.7732567155,0.4557256199,0.4955953358,0.6402457308,0.4004571438,0.3943148263,0.6869239836,0.5318266758,0.1672970287,0.292485378,0.0007643082086,0.4452565237,0.3384045615,0.1290479263,0.4183956983,0.04227919226,0.2017833542,0.2059383745,0.524286473,0.8907927379,0.7892061752,1,1.355252721e-20,6.776263578e-21,0.7774266774,0.1372871972,0.3393382625,0.7497024327,0.09008518041,0.2218030558,0.9999852107,0.3381213603,5.29395592e-23,0.9999822848,0.2764790335,9.830572974e-05,0.9999881357,0.2114525319,0.6229335431,1,0,0,0.9999792142,0.5053691313,9.666959637e-05,1,1.515502852e-29,1,1,0.2600038566,0,0.6745012831,0,0,0.9999991686,0.3022855453,0.9999801424,2.117582368e-22,2.117582368e-22,1,1,0.3138958124,0.9999888938,0.7464941696,0.2230271395,0.3212424409,0.7725756196,0.2855969096,9.818508605e-05,1,0,0.5286401476,0.6925811872,8.884098082e-05,0.6699647966,0.6776572896,9.102974506e-05,0.6820342961,0.6934957884,0.000304315424,0.7213315579,0.9983072637,0,0.6669436294,0.7186499881,9.359720585e-07,0.6682512179,0.6888025825,0.002418294083,0.6692404555,0.5,1,0,0.625,1,1,9.107298249e-17,1,1,0.375,1,1,0.3958588232,1,2.081668171e-17,1,1,0.9397412811,0.75,1,1,0.6936248244,6.018844041e-05,0.9465900341,0.1685658809,0.1559406122,0.1559422367,0.05618862697,0.1559406122,0.1559422367,0.05618862697,0.1559406122,0.1559422367,0.5199542771,0.9583333333,0.1666666667,0.4559774282,0.9583333333,0.9583333333,0.1446553808,0.75,0.9583333333,0.4171936988,0.0001636073478,0.6706340248,0.6920773628,0.001889055969,0.9462218944,0.9869541868,0.9581371359,0.5008455898,0.1380458132,0.9581371359,0.5008455898,0.6948325924,0.0001060519876,0.9444237589,0.1380458132,0.9581371359,0.5008455898,0.9668229705,0.0005805199949,0.6700103628,0.9869541868,0.9581371359,0.5008455898,0.1446553808,0.1666666667,0.9583333333,0.6924783437,0.0005193889398,0.3945834263,0.5199542764,0.9999999999,0.4068305009,1,0.0005232796429,0.6696460258,0.6400452837,1,0.4415169555)
