mCurrentIter=100
mCounterStuck=0
mYPrev=-33.0334059
mParameters.n_iterations=100
mParameters.n_inner_iterations=1000
mParameters.n_init_samples=100
mParameters.n_iter_relearn=1
mParameters.init_method=1
mParameters.surr_name=sGaussianProcessML
mParameters.sigma_s=1
mParameters.noise=1
mParameters.alpha=1
mParameters.beta=1
mParameters.sc_type=SC_MTL
mParameters.l_type=L_EMPIRICAL
mParameters.l_all=0
mParameters.epsilon=0
mParameters.force_jump=5
mParameters.kernel.name=kMaternARD5
mParameters.kernel.hp_mean=[1](1)
mParameters.kernel.hp_std=[1](10)
mParameters.mean.name=mConst
mParameters.mean.coef_mean=[1](1)
mParameters.mean.coef_std=[1](1000)
mParameters.crit_name=cEI
mParameters.crit_params=[0]()
mY=[200](-50.64930446,12.38104753,-55.42887536,12.28553955,-57.70131495,-59.29104655,453.5704817,1584.379982,45.87180105,-52.41824225,-60.07389769,-38.23056937,-56.06698211,3283.874943,2888.3029,-66.08851452,-10.72908226,66.20939878,20.49292939,18.797623,-38.29128672,413.2195346,2.796664525,-69.21970187,-3.547172943,-35.39014124,-34.8002009,4.227287763,-56.65131945,-41.8371457,-35.64056482,-15.4062506,87.42974073,-61.42386262,1999.317907,37.7855465,4.030549674,-46.42583787,-66.55087487,-9.221828553,33.98263834,-23.54824629,-4.063607496,-62.54626441,17.59050978,39.91383891,-57.07055134,16.85901816,14.13860943,-6.157378615,-48.18324484,387.3223162,-28.48438398,1920.094806,-36.4737021,21.13218464,-62.25809151,-22.9421484,7.083522554,8.373760414,-15.96908613,8.62469893,-48.07887372,-8.671801766,-55.33503598,-38.85307219,-43.03693728,18.19114016,22.76692923,-53.78497768,-27.67395069,-15.99455595,7.084825386,1.109639808,-44.45680584,-17.72267358,453.051142,13.04432981,-46.73604442,-37.27497458,-26.25719497,5.387393245,1636.415094,-29.31692345,-27.30837168,14.90030802,13.07636641,2734.870463,-51.34654325,30.58693682,19.08858998,18.54244998,42.92171748,-13.95836584,-4.262191731,-36.61716784,251.0024235,297.1982269,55.02449481,-58.941918,-64.88011118,-62.07782391,-67.39558718,-57.88754439,-64.41313719,-61.87691872,-64.94729206,-47.58574246,-64.73912509,-62.80980892,-58.37826275,-66.60561624,-54.7779342,-54.73978292,-60.92204238,-69.63187088,-61.56491238,-56.9520902,-45.95042783,-67.96913994,-66.31590031,-57.08500577,-54.07235293,-16.44486816,-49.10826379,-58.46209771,-57.06116933,-67.25621084,-53.01253245,-65.80310425,-44.75114331,-31.44945422,-28.17339802,-54.9100279,-63.55580854,-56.51896942,-38.34901834,-66.80267719,-62.8860828,-58.66914012,-66.62731861,-67.02729404,-57.67926302,-51.31760573,-66.62009599,-57.40071213,-39.74036981,-62.06002414,-65.02255331,-56.10246633,-67.07558,-50.95937407,-52.66040594,-28.52187994,-68.58243209,-67.64422676,-60.41016481,-67.42047086,-66.59202215,-54.55736659,-53.54190648,-62.88489798,-53.49289486,-63.35185426,-55.84674142,-47.04108615,-58.14104747,-43.27162465,-54.3162005,-67.06149869,-67.25996204,-67.31582588,-57.56223066,-55.25490361,-40.01045412,-62.69530907,-42.50353255,-65.21867206,-65.97878382,-69.85242853,-53.14675963,-56.79179278,-62.71575141,-66.61466261,-68.40520944,-51.84492479,-66.29329588,-66.33816683,-58.04346941,-64.8545789,-64.91604048,-67.30250277,-56.37334216,-53.97883563,-47.05870635,-68.63941819,-62.22858524,-66.67773734,-65.32298259,-33.0334059)
mX=[200,3](0.518365869,0.2204068627,0.4484795517,0.5692266038,0.8544552056,0.7782267818,0.1376204772,0.4798083788,0.5502591313,0.4201841362,0.9669155393,0.36504854,0.9121338117,0.4863439162,0.2849267627,0.2579118276,0.252572136,0.5678627446,0.476939236,0.3188058159,0.07451819138,0.4380564488,0.1569310511,0.06565240188,0.0928610958,0.07300889933,0.3866633866,0.107386739,0.5890410244,0.1528446597,0.01801973111,0.5508590956,0.2558774731,0.6924969362,0.7273573635,0.2065167667,0.6270106304,0.6180217605,0.19528886,0.8370856397,0.161473897,0.0003502721852,0.2770455861,0.02846257915,0.05616172091,0.1695906253,0.5121129424,0.312216335,0.4417519632,0.6791842772,0.7468109672,0.2169331511,0.2383075243,0.2301975042,0.5459805588,0.09254242381,0.9866187848,0.8153768491,0.9746424527,0.59583458,0.3343799723,0.7023027505,0.420538799,0.02431151505,0.8824179186,0.01724739138,0.346397346,0.5914825362,0.0484317263,0.1298390844,0.4222079995,0.371784314,0.3768584931,0.714160569,0.7696644906,0.9473478432,0.3258404114,0.513595338,0.4083429268,0.451653757,0.7033024247,0.7862828009,0.8415462002,0.7256198268,0.8268805172,0.4059155679,0.473411288,0.3824565242,0.2614121108,0.6889089429,0.3187239121,0.1730955457,0.4128379742,0.3292508942,0.3880762368,0.819478198,0.1584473379,0.3089915768,0.1812693044,0.7984467742,0.5775372369,0.3079901564,0.3942080428,0.007875160349,0.1356816564,0.8578820622,0.7420008519,0.02740826734,0.8976075164,0.8798525344,0.6545188555,0.748721547,0.3950791226,0.61200713,0.7239583102,0.4101887519,0.4073271486,0.9917854227,0.8215492237,0.6054648498,0.5063487318,0.04754780761,0.5046534021,0.9078248377,0.3640468858,0.7323267494,0.551205132,0.0383576172,0.8469298408,0.5299857028,0.4615857975,0.4858484914,0.4858227114,0.1447243366,0.9739160699,0.2807838328,0.9167704336,0.9157217368,0.6467404269,0.6281675912,0.09025791484,0.8024055916,0.9546586773,0.6201587614,0.938037731,0.1350949713,0.9538308257,0.9538937649,0.1120052799,0.8318219006,0.9704382834,0.5051348944,0.531449439,0.2974476995,0.2495460046,0.1459885819,0.8722259432,0.7844093854,0.1286346848,0.1413192607,0.1246155738,0.08525227023,0.05679799183,0.2769141444,0.7157213375,0.4668557763,0.9906910092,0.5267792023,0.06612120203,0.5338695866,0.3352718991,0.1152114875,0.2865119589,0.7861706615,0.0747158556,0.640161769,0.8584589241,0.2382464059,0.3372800517,0.9331827564,0.7349388583,0.7525755663,0.6454027236,0.658999213,0.8908031231,0.666329111,0.7068895525,0.5467870146,0.1168602798,0.3677925174,0.8315377749,0.57410044,0.249683979,0.5690336066,0.4559468982,0.8465237841,0.3538515355,0.3528368004,0.3550993891,0.3768632645,0.6767907087,0.7547740543,0.8179693353,0.8619755511,0.5845331849,0.1090990169,0.9977157352,0.1783199349,0.4976828802,0.2128745802,0.5313266558,0.7688195202,0.2292371015,0.6658755392,0.5292492039,0.7907698317,0.7649044547,0.7961416464,0.8047907718,0.1921777625,0.06712767834,0.8907093725,0.6785646139,0.657009805,0.4635996469,0.774261652,0.7764606303,0.5864069245,0.08697580725,0.2030338943,0.1687595029,0.4903377777,0.6961499806,0.8855154706,0.8678966452,0.6801143876,0.2440353466,0.228672335,0.2115916089,0.3459995729,0.5724682179,0.4392358745,0.7544797561,0.183479936,0.9204031485,0.2943749594,0.9229990093,0.01944387574,0.1725550841,0.04038456434,0.6399689821,0.6355822148,0.6373037809,0.8041376739,0.2708447117,0.9813222931,0.6671463848,0.9202623128,0.005881372814,0.9494772992,0.49479526,0.9677969705,0.08753464845,0.03559020118,0.4103259804,0.6079500143,0.4313986397,0.613666623,0.9077696809,0.8713078004,0.6805309579,0.1881461025,0.3918294756,0.6087986453,0.7312499275,0.9094586085,0.7114850331,0.9338061694,0.9472409049,0.2007422417,0.2946460319,0.8289528873,0.8889459751,0.8696064974,0.5424187354,0.301388812,0.194739367,0.6977756664,0.5939165477,0.3480407221,0.1073233143,0.458140893,0.05578640338,0.3291236013,0.265597909,0.981591406,0.9645819966,0.03147101099,0.4453186651,0.2623105896,9.689477941e-05,0.3620683173,0.3475150305,9.690191549e-05,0.3770525813,0.3302384696,9.596258942e-05,0.3165897604,0.4276652604,9.707823054e-05,0.410710348,0.2947205291,9.682506471e-05,0.311204976,0.437378029,9.701409494e-05,0.4187719064,0.2891892289,9.68490571e-05,0.3348169728,0.3893292329,9.691895961e-05,0.5027595754,0.2359757818,9.683604512e-05,0.2736504611,0.5013294117,9.69191648e-05,0.3678022346,0.3414039045,0.9999781046,0.5473286204,0.2392104476,9.658535262e-05,0.2976828451,0.4764766543,0.9882872197,0.4409704377,0.3126123506,9.724391785e-05,0.6134823488,0.2464399807,9.692008987e-05,0.4161423843,0.2890652093,0.000105627578,0.3300216368,0.3917782784,9.67712723e-05,0.3548908324,0.5431938744,0.0001015934279,0.2124834953,0.5399646601,0.9999780267,0.6723696976,0.336692321,0.0001053066254,0.3289500475,0.3943591059,9.690467569e-05,0.4586883485,0.4107435854,0.9999778983,0.5695108965,0.221689691,9.692771172e-05,0.4620592085,0.2527884866,0.9999781397,0.2510608303,0.5506119193,9.690773936e-05,0.6604486326,0.3159919897,9.703192786e-05,0.3754235555,0.3265330502,0.9999781144,0.4945848227,0.3698693418,9.676762839e-05,0.3799743503,0.4714732324,8.86175665e-05,0.5708237084,0.2109993965,5.31183283e-05,0.291333838,0.4289734637,9.685284854e-05,0.5289024803,0.5959716949,0.9359493182,0.3452222607,0.4103076649,0.9999780137,0.7723219543,0.4022427138,0.9999781433,0.596225307,0.2218374308,0.0001050698813,0.4284969401,0.2800669487,9.695744026e-05,0.3654484468,0.5733435538,0.9999781465,0.5799619031,0.5968844197,9.683578397e-05,0.4876692725,0.4064693234,9.688083615e-05,0.357968232,0.345310732,0.6681459326,0.4742678028,0.2621170903,9.697008548e-05,0.2626054857,0.4663046456,9.622738516e-05,0.4203976589,0.4685874584,9.693848445e-05,0.5852005584,0.3336024111,9.264270467e-05,0.5297893617,0.2179283434,1.793389323e-05,0.3263307126,0.3860682831,0.9999780594,0.5494701253,0.3800957382,9.716061333e-05,0.6464035453,0.5178231507,9.81140122e-05,0.4079087843,0.3087341662,9.16707117e-05,0.2568505203,0.4779598893,9.597807668e-05,0.401986763,0.5667200642,9.669651435e-05,0.44985063,0.4033412032,9.665947459e-05,0.6292852,0.214562079,0.9999780225,0.6163015068,0.2756053126,9.696108867e-05,0.7506476495,0.3875693341,0.6490903558,0.4283503614,0.3064572551,0.000100934519,0.3125916393,0.4079723643,9.698423057e-05,0.5024469756,0.4759097934,9.697373765e-05,0.4777565941,0.3354658108,9.686936697e-05,0.3594983513,0.4692930203,9.686488783e-05,0.2051828567,0.581853447,9.700269224e-05,0.4581744453,0.2554767812,9.688944833e-05,0.3529462777,0.3477915866,0.9999847859,0.5325960168,0.4532176089,9.692631508e-05,0.2604186613,0.4707202679,0.0004011942511,0.3109368684,0.5816728953,0.8536496412,0.3382699753,0.4547058018,9.68738058e-05,0.5493968524,0.366246824,9.724111374e-05,0.4797863699,0.6277237438,0.9999779608,0.6130787948,0.1964812171,0.6671665546,0.4226525487,0.3289360318,9.697107856e-05,0.4009513619,0.4214192727,0.687117841,0.5074775356,0.2452475085,9.641393473e-05,0.3781315848,0.316457485,0.999984475,0.6168180831,0.3316980182,0.9999781151,0.4127944582,0.5664008693,8.890374398e-05,0.3007678033,0.4090690743,0.9999780385,0.6240614122,0.5245183522,9.666729677e-05,0.3865132941,0.4932397653,0.5705843275,0.5152838184,0.2422867362,0.6177908349,0.4573070653,0.3687286421,9.70865644e-05,0.633894655,0.2726867439,9.698653258e-05,0.5222747607,0.4926179717,9.695985832e-05,0.2390400643,0.4902263186,9.694049288e-05,0.47408519,0.3370029308,9.689379115e-05,0.393127719,0.4108118648,9.699104108e-05,0.3179478837,0.610952257,0.6684763143,0.5244698438,0.2945824924,9.695581391e-05,0.334860716,0.4936905733,9.689981824e-05,0.4246873757,0.2735966268,9.752943055e-05,0.3313013235,0.3680642648,0.7903943946,0.4622605441,0.4160507558,0.6265506222,0.3956566809,0.3340727403,9.697359596e-05,0.5753905305,0.3960059497,0.999977992,0.624002248,0.1946724532,8.797689818e-05,0.5481027918,0.2062286027,9.67136311e-05,0.4109810647,0.396190268,9.674903066e-05,0.4388625815,0.5051934173,9.834330825e-05,0.2841739226,0.4338137874,0.6218499591,0.5341609865,0.3071401004,0.9999780094,0.5522159847,0.6576464253)
