mCurrentIter=50
mCounterStuck=0
mYPrev=-5.027319859e+10
mParameters.n_iterations=50
mParameters.n_inner_iterations=1000
mParameters.n_init_samples=50
mParameters.n_iter_relearn=1
mParameters.init_method=1
mParameters.surr_name=sGaussianProcessML
mParameters.sigma_s=1
mParameters.noise=1
mParameters.alpha=1
mParameters.beta=1
mParameters.sc_type=SC_MTL
mParameters.l_type=L_EMPIRICAL
mParameters.l_all=0
mParameters.epsilon=0
mParameters.force_jump=5
mParameters.kernel.name=kMaternARD5
mParameters.kernel.hp_mean=[1](1)
mParameters.kernel.hp_std=[1](10)
mParameters.mean.name=mConst
mParameters.mean.coef_mean=[1](1)
mParameters.mean.coef_std=[1](1000)
mParameters.crit_name=cEI
mParameters.crit_params=[0]()
mY=[100](-1.387274399e+10,-1.155799916e+11,-1.368877158e+11,-3.170442834e+11,-3.53664559e+11,-4.285819325e+10,-5.331265043e+10,-1361952117,-1.402477677e+10,-4.394411508e+10,-9.122625362e+11,-6.171916877e+11,-4.713970598e+12,-7734123614,-5.136855691e+12,-1.158001475e+11,-8036941081,-7.402862409e+11,-1.257340472e+11,-3.930987087e+11,-2.245632416e+12,-1.732355535e+11,-4.613984329e+11,-4.382354516e+10,-9.974203698e+11,-4.811587217e+10,-2.043536785e+10,-2.201009189e+11,-1.340076255e+11,-3.171847283e+11,-7.354265937e+10,-5.186216565e+11,-1.834896911e+10,-3.217861386e+11,-2.90352199e+12,-2.0916852e+12,-2.556235533e+12,-3.403328829e+10,-1.797471198e+12,-5.381365898e+10,-1.277583603e+12,-4.852015707e+11,-3.112275743e+11,-1.297922714e+11,-2.031955817e+10,-4.605613599e+11,-6.094486517e+11,-1.203553019e+10,-9.241795865e+11,-5.999988004e+10,-8.970769672e+10,-6.957550985e+11,-2.070720248e+11,-160181923.3,-2.553784281e+11,-1.04144378e+11,-5.86833216e+11,-1.937309299e+10,-3.5376916e+10,-5.454512235e+10,-3.190534332e+11,-1.664223766e+10,-8.394853582e+11,-2.394314973e+12,-1455721.58,-1.486080924e+10,-6.491978228e+10,-2.276668313e+11,-67337.0477,-4857541165,-3.726170938e+10,-1.046335085e+11,-2.361991413e+11,-3.618465591e+11,-166504.0132,-224139.9923,-1.152718444e+11,-2.698999445e+11,-4.296348173e+11,-9.611467475e+10,-7.092447061e+10,-1.353948912e+11,-5982270067,-3.123189302e+10,-2.066971368e+10,-2422518204,-3.028922565e+10,-6.066978218e+10,-8.565005855e+11,-5012029874,-5.875728729e+10,-2.152789887e+10,-3.194720879e+11,-3.135099949e+11,-4.871717118e+11,-445491730.4,-3.09343703e+11,-1.905417876e+11,-2959589.939,-5.027319859e+10)
mX=[100,3](0.5425345507,0.8294914386,0.1017488534,0.1388925623,0.3373337907,0.7345175523,0.1088715618,0.7837814704,0.3110367968,0.3122017168,0.7666988609,0.606664192,0.703388078,0.3487759812,0.7984825215,0.2122968647,0.9794829922,0.652797496,0.477280348,0.6725071805,0.6368062318,0.7425884957,0.02613708431,0.06981893719,0.5903102918,0.2311767057,0.03622787095,0.3676882409,0.9291374327,0.6996509115,0.4099144743,0.4877365177,0.6602614736,0.2316287145,0.685210042,0.9036828934,0.699167425,0.4259196205,0.7147958454,0.9564926018,0.2494877215,0.8163368757,0.7674615824,0.3073814206,0.8717565728,0.09069317748,0.7278500425,0.4012901126,0.8734329026,0.09313948447,0.7687062105,0.4470328679,0.3701992893,0.2736092765,0.2433983398,0.1313062544,0.5162999391,0.0552869683,0.4591690775,0.8582601744,0.574743096,0.6287663882,0.2536375161,0.389666201,0.06641082002,0.5774551551,0.9309012581,0.5104985888,0.3809139955,0.3518445886,0.01182764375,0.555663063,0.5159427764,0.7538518522,0.2949388254,0.1677939767,0.6167793347,0.4235099046,0.2789260288,0.9563419231,0.749022247,0.1975113052,0.2999510722,0.8867517515,0.7357253167,0.2755011666,0.2314620239,0.289346927,0.5389997364,0.2007843803,0.9152938351,0.4750144284,0.9488002655,0.492439619,0.1169145298,0.3763626462,0.1552240387,0.8466939988,0.9736084415,0.7950987213,0.5819159153,0.5254068404,0.6623603641,0.4190035035,0.4499290619,0.6084017697,0.6436405025,0.3427551157,0.5292310098,0.9870374667,0.01352704432,0.4300993221,0.145569046,0.09916664055,0.8111466459,0.5482094663,0.4603648475,0.8249286569,0.8760262823,0.8223152353,0.630516,0.570660416,0.05371644917,0.06397721227,0.1617923506,0.5981734772,0.8527137186,0.1941187201,0.9874833217,0.8819453548,0.8892426043,0.1739469774,0.3217268228,0.2030176656,0.3315491564,0.6596889399,0.05070138229,0.9259946397,0.9891528013,0.8154069637,0.1873147492,0.009365022946,0.9181907398,0.1455124207,0.03440809822,0.3954785006,0.4936552839,0.9658215054,0.7145083283,0.1399592807,0.6482492132,0.5588939966,0.9999740553,0.8134879262,0.3091780815,0.9971303078,0.70352668,0.4276860402,0.3344792131,0.9999992482,0,0.8721643339,0.7237349049,0.3264221523,0.8753965105,0.7673298041,0.3028483525,0.810061829,0.7674532046,0.3076486556,0.8711480487,0.6042614397,0.9583379331,0.9928099635,0.5732335765,1,1,1,0.3075929228,0.8729348151,0.539436297,0.1491579839,1,0,0,1,1,1,0,1,1,0,5.204170428e-18,1.471035796e-17,0.0150722231,0.1457246987,0.3986302938,6.245004514e-17,1,1,0,0.6781447915,0.9985109479,0.007410960904,1,3.081487911e-33,1.387778781e-17,1,0.3946669825,0,1,1,1,0.7680143479,0,0.8730258209,0.5,0.5,0.9861111111,0.4470032427,1,0.01161867109,1,1.085653913e-14,1.238984349e-33,1,2.465190329e-32,0.03858416978,1,0.6098083129,0,0.7670410282,0,0.8735343597,0.7677260125,0.8086912446,0.8715865924,0.5,0.5,0.05555555556,1,1,1,1,1,1,1,1,1,0.6769094007,1,1,0,2.775557562e-17,1,6.938893904e-18,0.9424655004,1,0,1,0.08812510426,0,3.23197013e-17,1,0.3923035292,6.524451925e-23,1,0,0.5985281433,1,0.3553509937,2.837623799e-17,1,1,0.3078953012,0.8735747719,0.5955046435,0,0.8714818801,0.5,0.5,0.9861111111,0.730045723,1,3.671230765e-28,3.469446952e-18,0,0,0,1,0,0.2424946202,1,1.387778781e-17,1,6.938671448e-18,0.03860967366,1,0.5634766946,0.04953250139)
