mCurrentIter=50
mCounterStuck=0
mYPrev=-5.206424471e+20
mParameters.n_iterations=50
mParameters.n_inner_iterations=1000
mParameters.n_init_samples=50
mParameters.n_iter_relearn=1
mParameters.init_method=1
mParameters.surr_name=sGaussianProcessML
mParameters.sigma_s=1
mParameters.noise=1
mParameters.alpha=1
mParameters.beta=1
mParameters.sc_type=SC_MTL
mParameters.l_type=L_EMPIRICAL
mParameters.l_all=0
mParameters.epsilon=0
mParameters.force_jump=5
mParameters.kernel.name=kMaternARD5
mParameters.kernel.hp_mean=[1](1)
mParameters.kernel.hp_std=[1](10)
mParameters.mean.name=mConst
mParameters.mean.coef_mean=[1](1)
mParameters.mean.coef_std=[1](1000)
mParameters.crit_name=cEI
mParameters.crit_params=[0]()
mY=[100](-7.111538337e+22,-4.476851724e+22,-1.573359965e+19,-7.731173794e+22,-3.20790544e+21,-2.265907868e+22,-6.56740715e+23,-3.335313739e+22,-4.852933311e+23,-6.954192051e+23,-1.471969455e+24,-2.264859121e+23,-4.401846867e+22,-3.500884822e+20,-2.921712522e+23,-4.227691837e+24,-2.120768114e+23,-1.498082926e+24,-1.445403403e+24,-2.392516756e+22,-3.873605889e+22,-6.115513138e+23,-1.005345447e+23,-3.509246987e+24,-4.635516097e+19,-1.436732662e+21,-3.669405023e+20,-1.420254724e+23,-3.493754165e+22,-5.222835068e+21,-6.914846523e+22,-7.637962616e+23,-2.339534617e+23,-1.014061655e+21,-1.19716046e+22,-4.240575762e+23,-1.727508045e+23,-2.611418201e+24,-1.292058132e+23,-7.227332421e+21,-6.218534012e+21,-1.186952367e+22,-4.500634465e+23,-4.885814769e+21,-5.760007106e+23,-5.631440479e+22,-2.938464612e+22,-6.972856687e+18,-8.268085117e+23,-6.537329676e+24,-5.220495083e+21,-5.770338312e+23,-1.59048562e+24,-4.836406456e+23,-1.54214546e+23,-7.909662298e+23,-4.721549907e+21,-2.305078733e+21,-9.226616891e+23,-7.738943442e+22,-5.106213837e+13,-3.393374034e+19,-3.237341187e+15,-8.534295157e+21,-4.069840477e+19,-1.195128366e+21,-4.786891282e+16,-4.897679936e+21,-1.357088385e+23,-2.148377206e+10,-1.478840725e+22,-2.965174085e+20,-1.203438726e+24,-1.084330788e+19,-1.001753183e+19,-3.712291647e+20,-9.315296859e+21,-4.801816067e+22,-3.423369813e+23,-1.332160563e+24,-6.883298928e+19,-3.647537576e+22,-3.383334886e+22,-1.540551845e+22,-1.445351641e+24,-3.753102643e+21,-1.894590204e+23,-2.731995068e+22,-1.577975953e+21,-2.439019245e+24,-1.202976981e+20,-3.245252211e+22,-2.752564897e+19,-1.059348824e+22,-6.326548794e+19,-6.448390209e+22,-2.834105921e+21,-1.103444431e+23,-2.741662694e+18,-5.206424471e+20)
mX=[100,3](0.7552188273,0.2528161377,0.1685432937,0.2992098115,0.2052941931,0.05430851973,0.09251008699,0.6616818118,0.09631003841,0.3296557042,0.6136160501,0.4510641407,0.4679151344,0.8686065462,0.7811110591,0.7104864633,0.03980908349,0.5493881215,0.9007776332,0.5693472074,0.3657067585,0.1664484632,0.6874896153,0.5862827578,0.5908818341,0.6435439353,0.2399582221,0.5302227376,0.1042584613,0.9572542133,0.6992479449,0.2965254938,0.6639893632,0.2275543315,0.5899938809,0.4375743948,0.6685570756,0.8479141123,0.4971579191,0.395865333,0.9573136505,0.868230994,0.8375820025,0.8895827353,0.1211786274,0.2010525275,0.4316099352,0.4078154859,0.03747353551,0.08160356441,0.8876326787,0.5645414158,0.3451782387,0.7036301502,0.2494859194,0.5276030015,0.5605357928,0.9893903838,0.9791971511,0.1875386134,0.1191620484,0.7603271241,0.4718929287,0.4406785825,0.6206982668,0.7362133058,0.8669765171,0.5033956682,0.9233339408,0.5197419854,0.1843879765,0.6266675059,0.6178785062,0.1729903354,0.32608617,0.06447551373,0.8380306433,0.01163410555,0.1801319789,0.7467018358,0.9965251798,0.6503016233,0.7321681673,0.8440355918,0.1419349033,0.3346053109,0.3090187315,0.4310187729,0.9265699431,0.6424819297,0.6258367845,0.005609528767,0.7415560337,0.5596194884,0.1564367212,0.5042191408,0.4931926447,0.07768278089,0.2761881889,0.8909120066,0.1349847849,0.2870278702,0.3586189091,0.5543341391,0.3473297465,0.04856567692,0.7833067507,0.2173918196,0.7731570241,0.2686692292,0.03683195113,0.7919928977,0.2372460909,0.6958703637,0.9796002046,0.4530478129,0.8234017104,0.3787460029,0.8145607206,0.3924347958,0.8127468248,0.9987369917,0.1027056337,0.928485533,0.9048404251,0.9632974522,0.3018271303,0.4737132886,0.1413505728,0.8567342433,0.4951820732,0.602937939,0.001694319653,0.4064626749,0.8119412665,0.1205138664,0.3967682165,0.9182428433,0.9445682852,0.05299505195,0.7768280879,0.4184052622,0.3143904352,0.0670123866,0.2683682603,0.7087326392,0.2464395138,0.7266355379,0.3742616404,0.5210938803,1,0.3509821572,0.4993132127,0,0.3250816295,0.5316505569,0.5499387538,0.3959797631,0.4782345012,0.7368756009,0.3621306532,0.4663088096,0.8753083625,0.3835226339,0.5194983094,0.7255183521,0.3813002193,0.5231057984,1,0.5759101204,0,1,1.808596956e-15,1,1.3694892e-14,9.530708462e-36,1,0.0210753096,0.3443221424,1,1.221719519e-14,8.490639553e-19,1.61892753e-16,0.1014850412,3.122502257e-17,0.5215310038,1,3.330669074e-16,1.760304814e-15,1,0.9520600309,0,6.289614105e-14,1,1,2.775557562e-17,0.5833333333,1,1,4.930380658e-32,0.03860967483,1,0.5219943402,3.697785493e-32,0.004959062764,0.1974102125,1,0.07490764085,1.561251128e-17,3.469446952e-18,0.2621779097,2.320192649e-17,0.4463511403,1,1,0.5,0.7275531597,0.3732844382,1,0.09216720284,0.4370641838,0.03766477523,1,1,1,1,1,1,0.9797248367,0.6551028123,1,0.06765759473,0.03718523295,1,0.7226962839,0.2519803565,1,0.01768908037,0.2380408849,0.6173854871,0.9442071377,0,0.513691499,0.006874606299,0.2784262542,0.6725625581,1,1,0,1,1,0,0.3566789015,0.3744458859,0.4400568701,1,1,0.5,1,0.669169832,2.220446049e-16,1,1.084202172e-18,1,1,0.2795207241,1,1,0.4090039359,0.2134969799,1,1,1,0.9980337693,0.6705991316,0.9857924103,1,1,0,1,1,0.607477922,1,4.857225733e-17,0.2969703413,1,0.6475483589,0.4308869453,1.040834086e-17,0.4798106511,2.775557562e-17,0.001222273255,2.166559557e-17,0.6307439151,0.03977220121,1,1,1.110223025e-16,0.75,1)
