mCurrentIter=100
mCounterStuck=0
mYPrev=-13.83095007
mParameters.n_iterations=100
mParameters.n_inner_iterations=1000
mParameters.n_init_samples=100
mParameters.n_iter_relearn=1
mParameters.init_method=1
mParameters.surr_name=sGaussianProcessML
mParameters.sigma_s=1
mParameters.noise=1
mParameters.alpha=1
mParameters.beta=1
mParameters.sc_type=SC_MTL
mParameters.l_type=L_EMPIRICAL
mParameters.l_all=0
mParameters.epsilon=0
mParameters.force_jump=5
mParameters.kernel.name=kMaternARD5
mParameters.kernel.hp_mean=[1](1)
mParameters.kernel.hp_std=[1](10)
mParameters.mean.name=mConst
mParameters.mean.coef_mean=[1](1)
mParameters.mean.coef_std=[1](1000)
mParameters.crit_name=cEI
mParameters.crit_params=[0]()
mY=[200](-6.093500535,7.625013649,164.7431051,741.349669,44.7208479,16.53385657,-7.54522722,39.28778381,308.8024215,47.4794193,15.69504862,1862.795074,587.2841764,327.0394186,-0.4892098093,-26.05534817,90.4677582,-20.86349139,-27.82893701,53.21886049,548.6605548,-24.09232086,8.068518622,-29.90013312,37.0286061,-17.50565337,-10.19631241,-23.41509447,1618.441869,291.458825,-30.19373374,35.07596206,-18.08785184,26.16771302,61.81259497,31.93456329,25.85896853,1081.728372,68.68815835,-11.02823748,-17.76487989,32.29037266,1647.550175,144.4519675,-20.92218023,-12.97391455,3418.051985,23.10037246,63.26398469,134.4679492,3.536984624,-32.07295516,-17.42615209,-3.000298286,-0.1900729739,30.31741343,36.40923135,-24.71003412,-13.31815977,19.13259578,110.3597808,3.248186929,-13.50234957,-26.24937717,-25.64586581,29.43461796,61.44539671,526.8106367,34.34332449,25.08095874,44.45222651,16.17227774,2954.058506,1400.981293,208.3119329,-0.9254518792,-3.100894222,-16.85431788,-32.04384166,2958.578846,11.79434769,-8.333245155,87.24988144,-7.672927995,52.35051152,-23.08479228,14.95847928,39.01682268,23.35315987,40.33680728,58.41011214,44.68269253,225.888059,276.7348961,10.32745733,-2.66341275,-14.73280276,54.94038554,41.50702003,-2.619419282,-26.06202053,-25.32754129,-19.63447668,-25.69836185,-27.14276225,-30.30615618,-26.81321438,-22.5167673,-18.3853681,-24.53460216,-20.02664921,-17.37512383,-30.93319989,-26.83418565,9.315341126,-7.457835694,-19.8411947,-31.52480747,-9.876380249,-24.43811352,-26.67923951,-30.85082173,-22.07971438,-29.10919948,-26.10739272,-20.46715032,-21.6079365,-22.73386883,-22.54161451,-32.72551938,-17.49101556,-15.56628375,8.604605473,-8.646392368,3.760037711,-27.96024618,-25.38189627,-18.10103542,-25.93521013,-25.38957283,-30.30565464,-20.78082985,-21.48771217,-19.93006455,-7.119634756,-28.4321381,-19.61981741,-12.46188964,-25.72377028,-19.56245183,-7.491832194,-21.95531939,-30.22941845,-28.20236055,4.373175741,31.39067118,-24.27285103,-14.09364304,-22.33641036,-29.85345827,-9.776764402,-22.93335894,-20.69868754,-31.38490162,-19.62650238,-29.97673017,-27.26322522,-13.22716912,-13.82489058,-31.7565623,-23.55614539,-13.92318055,-23.77825215,-20.39904579,-26.93985312,-16.55160247,-25.0099397,-27.95928815,-29.26069009,-15.3678172,-26.91891161,7.19123054,-21.50659871,-17.32597514,-19.46786816,-19.66072616,5.299937337,-30.52846533,-20.32407889,-30.67496455,-11.13815739,-18.76622958,-17.67527334,-29.55916601,-26.27570236,-24.58646819,-16.78647288,-28.81443437,-28.3553478,-13.83095007)
mX=[200,3](0.1186547451,0.3439245634,0.7727179797,0.5441933519,0.8738811432,0.4449837928,0.5032702477,0.8068332509,0.02731738504,0.4230515891,0.370233554,0.06725471376,0.2360305761,0.9462043307,0.8218117523,0.3381641416,0.1331323236,0.7536393231,0.6356718596,0.4428080614,0.7149157376,0.4680191389,0.00945425753,0.9587474505,0.3635760827,0.1807529901,0.273326489,0.2474732693,0.8359503837,0.9489041629,0.06863036035,0.294210759,0.8999902617,0.6724692176,0.4049164882,0.005418268689,0.7764360076,0.2529924673,0.2287094962,0.4385405721,0.3037140079,0.2002951198,0.5965861832,0.3183314239,0.4829079778,0.1031281691,0.5895652307,0.2351137857,0.4819194506,0.4594781722,0.1851627743,0.7353540745,0.7493824878,0.2820673233,0.6403851701,0.6083378774,0.3687842813,0.5619819084,0.3214083929,0.3106224198,0.7171744968,0.080149355,0.3907242047,0.3096868365,0.356606294,0.6155078327,0.02429853279,0.8688626734,0.426756543,0.3995471709,0.6688797082,0.3372961073,0.8032498022,0.7769323368,0.9327427415,0.2671421218,0.5768708374,0.645563867,0.1325540972,0.5064517664,0.7205855108,0.7244594207,0.6789338115,0.1541670599,0.4711496967,0.2115419747,0.1050158132,0.5153266051,0.1455614948,0.3556213127,0.2035055664,0.383313719,0.5170276995,0.8119527984,0.5962038088,0.07674516215,0.457119351,0.7333268185,0.2545772104,0.3883398083,0.1568570894,0.5687976836,0.2918485489,0.2307217269,0.3819436775,0.9044548545,0.1611235726,0.7987607342,0.8825999908,0.3355627375,0.5995135792,0.499903143,0.4163716402,0.01846267908,0.01582542735,0.0560100829,0.624896468,0.9362274803,0.6454281763,0.1939489917,0.3295763712,0.5605358505,0.6557178718,0.8216613612,0.8475685695,0.8634491428,0.2898561829,0.2665770553,0.03065491859,0.3527788204,0.4258812969,0.1441765551,0.6676688984,0.7201313884,0.1779918058,0.2746376009,0.620666524,0.2102103427,0.9851286807,0.06132969313,0.09557132672,0.004058173376,0.8114495475,0.0560660717,0.08681290284,0.9760495154,0.9619924822,0.3444425657,0.1973502939,0.3480098598,0.7013167355,0.4871464509,0.7837196359,0.653973957,0.5288022378,0.4796537079,0.8526338104,0.7169612142,0.4663783806,0.9416001269,0.5154288719,0.4177776598,0.223705379,0.4321692198,0.8114430597,0.5800481705,0.1123763111,0.808823305,0.1244636777,0.1025092363,0.6077691576,0.5329282704,0.5517143281,0.5864555545,0.5734761899,0.3931977591,0.6823315107,0.8332553256,0.9067740403,0.6393351854,0.8987053407,0.2478543874,0.5009504858,0.4089670726,0.7531039917,0.6772306646,0.6028382958,0.6139474204,0.6606725431,0.25725399,0.7028140318,0.1124013601,0.07677012522,0.6321319792,0.454048527,0.6211670212,0.9646063685,0.5543523838,0.1898180671,0.9252160675,0.9819577126,0.7960083399,0.2276273493,0.2646306571,0.7470522208,0.126963703,0.9168286977,0.848396952,0.2876661824,0.8337289541,0.8739245484,0.9380644499,0.8728993906,0.170669124,0.4730017026,0.8847369955,0.7550717408,0.2095838327,0.04424737175,0.1986922436,0.01967887386,0.2918475203,0.9675504318,0.02897318845,0.5342098557,0.1407434377,0.8533975827,0.1636658679,0.6814854986,0.7928744654,0.5434305035,0.8682054096,0.654931852,0.5280154149,0.418700503,0.4624890459,0.4093275537,0.3746396818,0.09580784909,0.08906619773,0.5263734644,0.8950199565,0.3079282704,0.09739329257,0.272697043,0.7601418562,0.3177608267,0.3697500451,0.2478575574,0.1674116861,0.1763035748,0.6933153136,0.05576004466,0.9836641469,0.8496844137,0.9220244425,0.6815192339,0.3201747692,0.03036163349,0.0787705909,0.7492101441,0.1535624793,0.7695459625,0.9248752232,0.7813301232,0.5346314624,0.9022115907,0.611868326,0.9124909367,0.8558570851,0.6926508496,0.9571170205,0.970390182,0.9512967318,0.03872548621,0.7391437071,0.9107153,0.4968091335,0.1365027088,0.7600274416,0.04495775772,0.4953215937,0.9778019194,0.8891843631,0.3798477355,0.998294029,0.5455994094,0.4393994836,0.4446905227,0.6968596161,0.1252565608,0.04897586324,0.8245167573,0.9939894285,0.210104306,0.9937792043,0.7092764765,0.559862821,0.7831107873,0.5722606809,8.960250793e-05,0.5111693156,0.3231905769,8.951675222e-05,0.5149220945,0.3213838424,0.09407192039,0.5301267493,0.3110160859,9.703659202e-05,0.4574736585,0.3669780702,0.0001073252313,0.6050786855,0.2696601143,0.7053168166,0.544587704,0.3025614126,9.703236866e-05,0.4398015724,0.3852405909,0.0001031968339,0.6375593494,0.2526522136,0.7434587672,0.5368445376,0.3082379525,9.730969841e-05,0.4316221691,0.3971847786,0.0001050593782,0.6605505351,0.2416425077,0.6618742665,0.5032741783,0.3285047678,9.686330459e-05,0.4239985833,0.438905253,9.77774889e-05,0.6651841229,0.2370997939,9.707786958e-05,0.6964759869,0.7727223506,0.9999698986,0.6130629869,0.2718144612,8.97940195e-05,0.488083479,0.3359975759,9.687999153e-05,0.482611168,0.5329231621,0.6456501009,0.4459088467,0.3730871829,0,0.614950828,0.5248776122,9.700498935e-05,0.6991678375,0.2225505762,9.623583322e-05,0.4320361087,0.5682391611,0.0001071717077,0.5654853825,0.2836779993,0.0001013970993,0.4179809636,0.4304058145,9.688595948e-05,0.6588130868,0.3968128875,0.8807719402,0.649826917,0.250991029,8.98463512e-05,0.5506070632,0.2916471377,0.0001055135685,0.3305544782,0.6620332706,9.700285198e-05,0.4444206405,0.3748202539,9.05821723e-05,0.4882796905,0.5123302408,9.025525164e-05,0.7180926442,0.2136794673,9.678502744e-05,0.6712836077,0.5691676819,0.999978045,0.6876264105,0.7544461705,0.7358852264,0.4821043961,0.3495110879,0.999978069,0.4974987551,0.5613424253,9.696779667e-05,0.4077357438,0.4560625217,9.664773215e-05,0.6611041816,0.418134274,0.9054734138,0.7034966522,0.2285473905,9.612321941e-05,0.4226904054,0.624702374,0.0001004611744,0.5807740472,0.2714121763,9.6985819e-05,0.541124024,0.4627417668,9.702806081e-05,0.4739412017,0.3452298823,9.098335601e-05,0.6998899263,0.2138168348,9.694432304e-05,0.3072368278,0.6832499497,9.676256444e-05,0.6936498219,0.6193664441,9.61240141e-05,0.4086878049,0.5005758887,0.0001036418609,0.6898652382,0.3393654796,0.710975168,0.4297018304,0.4023113013,9.664562783e-05,0.4990107976,0.5914886289,9.723506066e-05,0.680457671,0.4919141893,0.8291532137,0.6013893513,0.2703064038,0.0001005894919,0.5717785469,0.2724418339,9.692960989e-05,0.5378084729,0.424437997,9.687732214e-05,0.5472148575,0.5326701827,9.674900819e-05,0.6219858042,0.7706016542,0.9999730445,0.3059937358,0.7049632871,9.700836259e-05,0.4241084701,0.3878849385,0.9999780024,0.6922213529,0.4125639661,0.4873429057,0.6300490349,0.2460895859,9.663158216e-05,0.3757979891,0.56929833,0.9999780707,0.6255282365,0.5734244367,0.0001008667662,0.5064505781,0.3211336505,9.669354201e-05,0.4704612369,0.653824388,9.821119086e-05,0.4183492114,0.4678494248,0.02162696237,0.7239914902,0.2054291714,9.686088682e-05,0.5466298639,0.4892481425,9.727632867e-05,0.5710724482,0.3815951629,0.8044263082,0.462974623,0.4900497433,0.9624658288,0.7434892901,0.2123191712,0.5558076161,0.5773861169,0.2770783772,0.5610847627,0.5033369554,0.3295262616,9.702883383e-05,0.7188037131,0.4933060177,9.666607501e-05,0.5396452119,0.5781534592,9.707748883e-05,0.4097610732,0.4049989861,0.3575904232,0.637477777,0.2360779833,9.727558598e-05,0.7200580006,0.3340926156,9.586761316e-05,0.3277346463,0.6231915249,9.006164171e-05,0.4116897808,0.5359906973,9.708203159e-05,0.5439557088,0.4471505932,9.66874217e-05,0.4182250689,0.7052948037,0.4762523995,0.6119370062,0.2526668347,9.695865589e-05,0.761275675,0.7062034521,9.719457847e-05,0.5854084228,0.566142088,0.4488699386,0.5294530564,0.3061287822,0.8488153116,0.6699536403,0.4478309654,9.709221133e-05,0.4477599829,0.3586952238,0.9999779837,0.49704855,0.629940833,9.484043361e-06,0.4729734511,0.4869845215,9.028059201e-05,0.6911047358,0.2050356042,9.719677543e-05,0.5819706617,0.3815309631,0.65251746,0.4281360494,0.4089782355,0.6667123802,0.7175181137,0.2132665853,9.698102367e-05,0.2853541033,0.707215218,0.0001004988421,0.4348111001,0.5887144918,9.697237887e-05,0.5886352345,0.499511757,0.4179928633,0.6025369502,0.2594257254,9.790729353e-05,0.7240917814,0.4109687649,0.6912770664,0.6318016049,0.3472241711,0.6467521111,0.5877264128,0.4986381533,9.647201222e-05,0.5330203461,0.6836691496)
