mCurrentIter=100
mCounterStuck=0
mYPrev=-39.8134631
mParameters.n_iterations=100
mParameters.n_inner_iterations=1000
mParameters.n_init_samples=100
mParameters.n_iter_relearn=1
mParameters.init_method=1
mParameters.surr_name=sGaussianProcessML
mParameters.sigma_s=1
mParameters.noise=1
mParameters.alpha=1
mParameters.beta=1
mParameters.sc_type=SC_MTL
mParameters.l_type=L_EMPIRICAL
mParameters.l_all=0
mParameters.epsilon=0
mParameters.force_jump=5
mParameters.kernel.name=kMaternARD5
mParameters.kernel.hp_mean=[1](1)
mParameters.kernel.hp_std=[1](10)
mParameters.mean.name=mConst
mParameters.mean.coef_mean=[1](1)
mParameters.mean.coef_std=[1](1000)
mParameters.crit_name=cEI
mParameters.crit_params=[0]()
mY=[200](-37.00149494,-18.77642334,10.95368258,-38.02345053,1828.637555,-50.64696655,319.5215651,-38.47989345,-45.99832935,-33.77159656,1130.009485,-35.14825645,-15.14289293,-30.69284556,69.38738571,1186.255488,87.89727813,-37.16788473,-28.48126633,14.4748658,-41.551998,-11.3935474,-1.545830798,6.583552477,-0.5731212623,-47.02905662,-43.98442018,-28.98708247,-51.29833531,-52.48920099,-39.36926495,9.901046908,-38.57688589,721.1113611,23.03798448,-22.71905193,574.8074702,5.615705846,-32.10324486,71.30400029,-20.28016587,-32.82421226,9.059237106,20.53505758,2.322090405,-20.78390472,432.5747826,14.71247791,305.241045,13.4880384,-1.957924654,-22.49361698,8.124822384,96.53317436,-9.716173901,5.338455841,32.30852111,3447.07843,4.44917476,-11.65335892,1651.213417,2872.692476,3.015946484,-26.52771434,17.29124657,18.54682253,4.517198423,-48.648319,429.7115294,-21.96167821,-45.94330001,-1.639103232,-31.52024474,-18.46843511,-30.56463803,138.6815853,105.3532417,21.03267145,38.74449636,-17.75002276,-15.22824181,21.45004486,-18.83236369,-41.36021673,450.9031519,54.26883592,-9.261158003,-12.69256197,-32.9162031,-1.982591335,12.0641402,45.37651513,-53.65597467,-3.960524454,30.7658444,25.17808825,-2.623263747,6.041865451,-8.571122939,20.4531692,-46.89988768,-50.23718027,-54.90758041,-50.92833596,-48.73548638,-47.1812741,-49.56920958,-51.19542922,-50.30901576,-49.24816219,-51.36696203,-50.5617382,-30.84210267,-50.31690378,-50.49025476,-49.04347974,-51.10940344,-48.33796847,-29.22662385,-40.87131719,-37.89502806,-38.94313144,-50.50361737,-49.58432166,-47.77963288,-9.473575403,-50.54799087,-49.25905382,-42.50615565,-44.40736859,-45.69223583,-40.92506668,-51.54310267,-49.59430838,-48.02860936,-47.20322301,-39.26140474,-50.86094274,-34.76818656,-24.04597139,-28.27051327,-50.40481785,-40.95595095,-49.77881411,-50.10978358,-46.72260573,-44.85299587,-54.30079968,-49.49896825,-45.34487224,-29.48337249,-48.02384536,-49.53631866,-49.6451771,-28.90323983,-46.16915917,-9.334166323,-46.30418921,-45.2666068,-41.91751335,-49.21040239,-46.47151116,-47.26104097,-51.82219327,-51.32162219,-41.38262419,-52.43977735,-49.85751393,-36.46288487,-27.32798774,-49.01065357,-53.20935983,-47.01514165,-55.04173064,-46.9242724,-54.89447109,-47.17053323,-33.37072725,-46.45402834,-22.78146208,-53.59170626,-43.34997149,-47.8504348,-50.18437968,-52.36065367,-50.64452302,-40.58121571,-40.26218184,-40.0450586,-48.22920351,-40.60160002,-38.76208517,-54.3992767,-28.83916021,-51.91853314,-47.98861368,-39.61259397,-46.57420665,-51.14757874,-39.8134631)
mX=[200,3](0.8393580074,0.7375116209,0.3656519568,0.7495703251,0.7821859761,0.05892296439,0.5354292097,0.8892116869,0.7466248722,0.1515140031,0.4051869249,0.6601589297,0.8696238352,0.314220292,0.01922703878,0.7899211213,0.4902025192,0.3011218137,0.3770911462,0.2186038713,0.2241315443,0.1805513867,0.6678192666,0.4593865935,0.1707370823,0.2913106725,0.5454262576,0.04429797633,0.1807142576,0.6140476063,0.05252761033,0.01627812325,0.262601083,0.3966155476,0.4178880473,0.6856519231,0.72998176,0.5665538126,0.7847619143,0.4634323199,0.7674244033,0.2551531863,0.6456141702,0.3717281887,0.1946216686,0.689789134,0.328985652,0.04223980941,0.1916166062,0.2551462628,0.2914609795,0.3803019368,0.7169353901,0.46688318,0.1022641033,0.4407884204,0.7248674858,0.3188487335,0.03612502353,0.6290912757,0.3272142922,0.3386937714,0.6346432549,0.2906773164,0.8504507904,0.5170557928,0.91546061,0.1545318443,0.7082455399,0.6195553577,0.5979876543,0.9051789799,0.5934421766,0.305381623,0.8774547739,0.9366489757,0.6235190402,0.3417515123,0.2887493218,0.6790569721,0.1525198535,0.2530409966,0.2311852649,0.4953181384,0.9012394421,0.5448753502,0.288051329,0.5249178956,0.6344010861,0.2463119345,0.5083800699,0.5006180017,0.6412138848,0.4955384238,0.911685488,0.6974551922,0.5472902845,0.7032930233,0.131433005,0.1659847866,0.6035781564,0.009010247581,0.135944906,0.6538273133,0.9575682091,0.209347083,0.1378547114,0.5816366339,0.1299537433,0.1902996413,0.2045691887,0.2707948624,0.4818340899,0.912214652,0.2380707569,0.2647287647,0.4348552716,0.8252280671,0.1445075345,0.5051155319,0.5170409729,0.817697212,0.4282007071,0.764316871,0.3884711618,0.4128448322,0.7038476708,0.2453137064,0.4490274235,0.6637989888,0.4564132569,0.1404375821,0.6252960141,0.939933011,0.4044872943,0.9538070178,0.5851944529,0.717113561,0.8756448199,0.04321693858,0.3789083044,0.92688966,0.6472519177,0.9300625055,0.4760226443,0.08630878977,0.3540033559,0.01756877528,0.2084854848,0.9700575682,0.1407383477,0.2225504957,0.890908127,0.5721422006,0.7510969227,0.595364315,0.8086157453,0.822233972,0.8113965313,0.6576989529,0.4728117413,0.08849129605,0.3648171034,0.7202012451,0.7388575951,0.002559650599,0.9260385626,0.5298458184,0.5801705247,0.9457759558,0.07101315596,0.4061725888,0.1047604187,0.02334510144,0.7751484635,0.3635205374,0.3145580885,0.9455060328,0.8720186839,0.3259261188,0.9864173954,0.006525280136,0.231456855,0.3368737909,0.02618404109,0.1039933055,0.3515123846,0.1714797364,0.476922683,0.4573603738,0.7417569075,0.5508084957,0.8877745106,0.9865332784,0.5338782347,0.9738959124,0.9780591894,0.679564111,0.7950447669,0.161572474,0.88378927,0.8178614644,0.5560053373,0.2121253177,0.7515583239,0.4346055858,0.0635059348,0.06609221541,0.7793425762,0.3957633225,0.6991505608,0.393839351,0.4887920965,0.6077966579,0.9003307416,0.1174280494,0.4251952672,0.7934497247,0.1876585324,0.09745383058,0.5372616952,0.7642449112,0.03244926022,0.5743133863,0.1612555959,0.7389227066,0.3539463153,0.1767855203,0.6753849284,0.4203616359,0.1280305618,0.5694548918,0.05913368088,0.9905406949,0.0754649582,0.8972350193,0.9478081233,0.1106279267,0.8344153694,0.382287632,0.4141469192,0.4666620615,0.8047686152,0.6323812298,0.8604167481,0.8655804549,0.4459874624,0.8447402457,0.09975170103,0.3438403158,0.2729851037,0.576550612,0.3065490654,0.1208288916,0.2724319873,0.5597613282,0.6815078602,0.03092413757,0.08374615558,0.1151622164,0.8396816581,0.02083975913,0.6177948922,0.7560320693,0.9997716548,0.5136603773,0.6044162832,0.962887695,0.346527855,0.8451735982,0.264008338,0.2840689527,0.9623899099,0.8975822744,0.9568983826,0.9870517744,0.7165737989,0.5250846823,0.331736591,0.2456842759,0.06964294448,0.6509897217,0.4364849993,0.9679001395,0.8242882834,0.483515627,0.8098987233,0.9204801011,0.8520006787,0.09578734497,0.7751882804,0.2211101126,0.6937405641,0.8542571824,0.2151390804,0.07796616369,0.7918156707,0.8479622497,0.9970209641,0.5682037278,8.84510354e-05,0.5065577928,0.3087199894,9.012245631e-05,0.5176402632,0.2991876096,0.4815418766,0.5596207302,0.2681228415,9.702124909e-05,0.4479633878,0.3805161269,0.7259789158,0.5900049223,0.2488184053,0.5023937743,0.5606640791,0.2614449089,9.701109227e-05,0.4413046063,0.391037169,0.6807388008,0.5722563828,0.2514087039,0.280095971,0.4718699687,0.3272898359,9.69611765e-05,0.4474377354,0.4818216933,0.9073257048,0.6458979352,0.22925473,0.2375241793,0.5298708804,0.2780483585,0.99997797,0.4714420045,0.3652666795,0.09235941653,0.6175494691,0.2528061836,9.698768923e-05,0.4140806382,0.413281898,0.7780381454,0.5470258473,0.2619292755,9.713531011e-05,0.4408914189,0.5220248307,0.732944217,0.5434906294,0.2629208675,9.707609917e-05,0.271967366,0.7219854449,9.062901422e-05,0.4578068205,0.3368057396,0.9999780037,0.5194934567,0.4756757913,0.9999844044,0.6855255644,0.2212255363,9.715113123e-05,0.3759748326,0.5078240419,0.4959221053,0.4682043839,0.3210330409,0.0001042849636,0.6486262431,0.2550773876,0.9999703275,0.3248570509,0.6178341962,0.8399835934,0.5679080464,0.2453888878,9.703249034e-05,0.4024431785,0.398993324,9.704213286e-05,0.5661231647,0.55449972,0.9999849454,0.6893763686,0.2201542459,0.2359295049,0.5333042737,0.2680799222,0.736606349,0.4496394534,0.3542855581,9.690843415e-05,0.3664522056,0.5326023158,9.727093002e-05,0.5681208216,0.4029707744,9.699814886e-05,0.384291502,0.4248686744,0.2470764112,0.5341608506,0.2698348113,0.9999781982,0.5855626067,0.504056532,0.814852509,0.6270891875,0.2239115016,9.685828721e-05,0.6119268692,0.5991169281,0.9755466192,0.4079780234,0.5102066621,9.698528058e-05,0.274099185,0.7276849854,0.8490290392,0.5903013873,0.2346655965,9.720480727e-05,0.6861449511,0.2425389965,0.5944121407,0.4914762141,0.2953326025,9.725085292e-05,0.5408262804,0.4528573449,9.680431052e-05,0.3741379257,0.5736206158,9.67113194e-05,0.4680425298,0.3166130844,0.7562107643,0.5576672305,0.2462860886,9.686384557e-05,0.3825507099,0.4459775249,0.9999778798,0.5965316908,0.3951913058,0.9999847025,0.7268312518,0.2095746826,0.6155382237,0.4400244586,0.3624535476,9.707634402e-05,0.6227803843,0.3371817326,0.163574481,0.5458035733,0.2568441241,0.9999780373,0.6803589887,0.6119626381,9.050538713e-05,0.4877548718,0.5567550713,0.9999779874,0.3018077954,0.7161479742,0.8293835174,0.5416816908,0.2608542602,9.711878242e-05,0.4320232792,0.3572254417,0.0001008216991,0.3124667108,0.6035679859,9.706866398e-05,0.5521774452,0.4748391712,0.6961330354,0.4290868188,0.4382541605,0.9999825478,0.6399577488,0.2207264798,9.693449032e-05,0.3649929207,0.4839854781,0.2408341077,0.5234496209,0.2686422778,0.06163406583,0.6950933524,0.2400374214,0.4389156926,0.5900656873,0.374566218,0.6473794544,0.4894936238,0.2975598527,0.9999850621,0.6717812683,0.4920597562,9.690991728e-05,0.6631513379,0.626453418,0.6586579205,0.4416578838,0.5469921263,0.7601181926,0.5702855599,0.2447103591,9.700760738e-05,0.3949452737,0.4155437261,0.2069986966,0.5643874094,0.2443154823,9.724080758e-05,0.5478537887,0.5052557283,0.6207072912,0.4955218205,0.4217912689,9.674823763e-05,0.3564661178,0.5645729744,0.999988089,0.7389587455,0.2070059735,0.4581651365,0.4804265718,0.2988563045,9.697246015e-05,0.2798323039,0.7642499342,0.3383875937,0.5977198307,0.2302789186,9.031578063e-05,0.4755092493,0.595428027,0.8147043292,0.6593953222,0.3215984532,9.698974562e-05,0.3719147228,0.478743396,9.70361887e-05,0.582443979,0.3892755169,0.4626071831,0.4850379965,0.2987157513,9.764864128e-05,0.399649403,0.3594796461,0.07933730265,0.6812429718,0.3234478674,9.706920738e-05,0.6391917192,0.5037704847,0.3367372994,0.5934363369,0.2300943492,0.8991107558,0.5525008579,0.5511697922,0.9999781893,0.6758395345,0.4198554198,0.5029922567,0.4794189357,0.4469861581,0.8429875345,0.3556482352,0.5329621014,0.8180028172,0.522041239,0.2686147568,0.5623994287,0.4624177318,0.3010124297,0.9999780856,0.6970056765,0.2965922494,0.5543441149,0.3926862034,0.3894302577,9.696941954e-05,0.4877294447,0.4835704594,9.586939558e-05,0.2609229678,0.6436720437)
