mCurrentIter=50
mCounterStuck=0
mYPrev=-1.826785274e+21
mParameters.n_iterations=50
mParameters.n_inner_iterations=1000
mParameters.n_init_samples=50
mParameters.n_iter_relearn=1
mParameters.init_method=1
mParameters.surr_name=sGaussianProcessML
mParameters.sigma_s=1
mParameters.noise=1
mParameters.alpha=1
mParameters.beta=1
mParameters.sc_type=SC_MTL
mParameters.l_type=L_EMPIRICAL
mParameters.l_all=0
mParameters.epsilon=0
mParameters.force_jump=5
mParameters.kernel.name=kMaternARD5
mParameters.kernel.hp_mean=[1](1)
mParameters.kernel.hp_std=[1](10)
mParameters.mean.name=mConst
mParameters.mean.coef_mean=[1](1)
mParameters.mean.coef_std=[1](1000)
mParameters.crit_name=cEI
mParameters.crit_params=[0]()
mY=[100](-8.665709578e+22,-1.004703167e+14,-3.055993711e+19,-1.614890603e+18,-2.358429221e+19,-1.551320429e+22,-1.842455021e+18,-3.100297149e+20,-1.479851985e+20,-2.17344573e+20,-1.160256452e+19,-1.261192511e+19,-2.621375265e+19,-1.194856311e+19,-7.525173068e+18,-3.938355972e+22,-4.229395369e+19,-3.282053749e+22,-4.497433038e+20,-7.288451766e+19,-1.817641846e+22,-3.171384261e+21,-4.264635408e+21,-2.480895388e+22,-4.982525799e+21,-1.2325544e+23,-1.357093599e+19,-8.116493351e+20,-1.982035969e+20,-4.664125201e+23,-1.11310477e+22,-1.918144184e+21,-2.334524241e+18,-4.683195162e+19,-3.321747718e+21,-2.587385654e+20,-6.381558081e+23,-8.947777659e+22,-3.279432863e+18,-2.394278433e+21,-7.14076353e+20,-2.17415086e+22,-1.034385714e+21,-271676064.6,-1.940015804e+18,-2.064615905e+20,-2.740480705e+18,-4.63255946e+18,-3.160854485e+22,-6.974532309e+22,-5.073223281e+22,-4.599566352e+22,-2.872606435e+22,-1.111306128e+23,-4.337153437e+19,-5.761992763e+18,-2.195681923e-06,-4.710121133e+17,-8.96741738e-05,-2.90304462e+17,-0.5553202004,-4.981875421e+22,-1.931715862e+20,-3.522098361e+22,-6.681338163e+19,-1.983281644e+22,-4.474058981e+22,-3.964918609e+21,-9.597536041e+12,-1.070876421e+19,-1.070441791e+21,-1.898698611e+18,-1.294858304e+22,-2.536569069e+17,-1.440501198e+18,-1.347315612e+21,-3.041369033e+18,-2.549949933e+19,-1.716953121e+18,-1.588171534e+20,-1.812116362e+13,-3.32750488e+18,-3.705660855e+22,-1.37304898e+17,-5.787622042e+21,-1.052322556e+21,-2.264424398e+17,-1.123971232e+19,-1.451429388e+17,-7.860750854e+13,-4.27636191e+14,-6.823131455e+12,-1.010790566e+21,-4.59843754e+17,-8.233044628e+17,-1.083154768e+22,-1.119842186e+18,-1.682556856e+21,-6.019719205e+18,-1.826785274e+21)
mX=[100,3](0.7053556619,0.6049111128,0.7019068223,0.5917577894,0.333703859,0.09777560197,0.1662140306,0.6318763535,0.2014934796,0.1122109075,0.9396328755,0.1750780639,0.7927446282,0.4165611948,0.1489628632,0.1948433159,0.4514826692,0.6877916846,0.816748564,0.0945639426,0.5041290863,0.5452498075,0.8875625768,0.3092526354,0.9443639155,0.1267507416,0.9430828913,0.3345501491,0.2773154332,0.4106346105,0.2745184934,0.7011353893,0.1128646335,0.01613741738,0.5884804886,0.4953422239,0.9656903155,0.314214953,0.7456925107,0.7236466246,0.0214901065,0.4337901524,0.06108301635,0.4384025196,0.1963558276,0.9000851064,0.281770752,0.7642752832,0.3765080569,0.5521654117,0.2380654166,0.4689416076,0.3773774011,0.8649820894,0.7462624348,0.6785678682,0.0336415108,0.2981764522,0.516679286,0.5984614731,0.8283695193,0.8343251694,0.6066080273,0.6527383996,0.6992792268,0.06030015565,0.9841332133,0.9613073586,0.287585695,0.6357618797,0.1560302745,0.6298274556,0.6889036448,0.192205974,0.5325833873,0.8862147641,0.6514502731,0.7223684508,0.9380225879,0.9911214862,0.9243684981,0.6012358254,0.07523728184,0.4600779758,0.03604144527,0.741227102,0.8983196832,0.6632503959,0.2480530595,0.6576217069,0.4952070051,0.3954664256,0.8128681041,0.8461223719,0.7994911982,0.9012517731,0.3870901883,0.4850226914,0.2687935278,0.4240870037,0.9405802896,0.9649237906,0.04819703938,0.5772034632,0.5756014377,0.09803470056,0.8520413651,0.4423810882,0.5166992472,0.1722419048,0.8278469559,0.4143147068,0.1036346863,0.9853357468,0.2012650686,0.8715537524,0.3824755318,0.3176073961,0.009850013969,0.6738644531,0.7612690389,0.5245145823,0.2585123324,0.5200098145,0.05145479832,0.7871594314,0.3432909893,0.7678331619,0.5423451844,0.1407979053,0.23965033,0.04705962309,0.1385118139,0.9129514996,0.0004040784249,0.5686971688,0.8096337378,0.3282339513,0.8689836388,0.3409118252,0.3416102207,0.2426193527,0.7230507793,0.1334926519,0.4474937536,0.472190086,0.3704682605,0.2215517948,0.2162697831,0.8467867203,0.5536558327,0.2091954672,0.8151960272,0.4003815151,0.16822509,0.8363774626,0.5131908981,0.1660322736,0.8504427739,0.5196753097,0.1681064156,0.8286008469,0.9983663471,0.9806529198,0.996312075,0.9978276192,0.9816500274,0.9963107934,0.9612040381,0.05908187608,1.700029006e-16,1.905909823e-18,1,1,1,0.107347216,2.081668171e-17,0.03161816052,1,1,0.9611873823,0.05910060735,0.0346648453,0.6014186385,0.06769607851,1,1,1,1,0.3392618639,1.387778781e-17,1,1,1,2.081668171e-17,0.3392397998,2.081668171e-17,1,0.5163375698,0.1729098266,0.8277078752,0.09930496964,0.02519300005,0.8283878293,0.7462015715,0.1559406122,0.1559422367,1,1,1,0.1689766209,0.1093426369,0.7984521217,1,1,0,0.1689766209,0.1093426369,0.7984521217,0.1284351582,0.7473223277,0.168246608,0.1284351582,0.7473223277,0.168246608,0.1689766209,0.1093426369,0.7984521217,0.426784778,1,1,1,0.1710297017,0.8286716514,0.590729738,1,1,0.5427675745,1,0.01039716783,0.5037984285,0.1559406122,0.1559422367,0.4881237762,1,1,0.1689766209,0.1093426369,0.7984521217,0.1284351582,0.7473223277,0.168246608,0.1689766209,0.1093426369,0.7984521217,0.8072417069,0.9581371359,0.1670894616,2.775557562e-17,1,1,0.6429779404,0.9694033183,1,0.5037984285,0.1559406122,0.1559422367,0.7462015715,0.1559406122,0.1559422367,0.7462015715,0.1559406122,0.1559422367,0.7462015715,0.1559406122,0.1559422367,0.9919050431,0.5395503755,0.9566097339,0.01656339898,1,1,1,1,0.02859547921,1,0.926501094,0.5202895152,0.01432374593,1,1,0.5496349985,1,0.6029222494,0.4707191479,0.9830282723,0.9594322904,0.5199542771,0.9583333333,0.1666666667)
