mCurrentIter=50
mCounterStuck=0
mYPrev=-106598949.1
mParameters.n_iterations=50
mParameters.n_inner_iterations=1000
mParameters.n_init_samples=50
mParameters.n_iter_relearn=1
mParameters.init_method=1
mParameters.surr_name=sGaussianProcessML
mParameters.sigma_s=1
mParameters.noise=1
mParameters.alpha=1
mParameters.beta=1
mParameters.sc_type=SC_MTL
mParameters.l_type=L_EMPIRICAL
mParameters.l_all=0
mParameters.epsilon=0
mParameters.force_jump=5
mParameters.kernel.name=kMaternARD5
mParameters.kernel.hp_mean=[1](1)
mParameters.kernel.hp_std=[1](10)
mParameters.mean.name=mConst
mParameters.mean.coef_mean=[1](1)
mParameters.mean.coef_std=[1](1000)
mParameters.crit_name=cEI
mParameters.crit_params=[0]()
mY=[100](-3.800330468e+12,-5.610926422e+13,-4.415693108e+13,-1.534601693e+13,-6.791457253e+13,-4.955013881e+13,-4.382440428e+13,-1.495377347e+14,-7.305317889e+12,-7.200739369e+12,-2.688683956e+12,-1.433915025e+14,-1.457515955e+11,-1.408630539e+13,-2.228836012e+11,-9.378969083e+12,-1.303456801e+14,-4.639477409e+13,-9.760068856e+11,-9.659381983e+13,-1001378412,-1.312668971e+14,-2.208599079e+14,-5.950239412e+11,-1.49687126e+13,-1.593008809e+13,-7.828564985e+13,-3.741585174e+10,-1.865057307e+14,-2.78879343e+13,-1.036936792e+14,-3.201158689e+12,-8.412156316e+12,-2.094167346e+13,-0.002932286279,-5.77571866e+13,-5.877791382e+12,-4.707011928e+14,-2.612870446e+14,-1.376204303e+15,-2971924.129,-3.927264046e+14,-7.793924172e+14,-5.563997794e+13,-3.040081102e+13,-1.846054936e+13,-4.586707658e+13,-1.911418477e+14,-1.05778456e+15,-2.087775054e+14,-3.362641245e+13,-7.710797676e+15,-5.702285346e+11,-3.887163594e+14,-3.321867185e+13,-1.314831452e+14,-2.055955739e+14,-2.825890194e+14,-5.730072165e+11,-1.273094418e+14,-4.055525034e+12,-4.042693089e+13,-1.505046707e+13,-3.98650876e+11,-4463064483,-1.611862392e+13,-1854053339,-6.762665194e+10,-1.048087326e+14,-4821460873,-6.681965149e+12,-1.818278237e+13,-7.660745119e+12,-662051238.7,-1170375.001,-2.373088029e+13,-2.858992529e+10,-1.060112835e+13,-2.461104555e+13,-9.406790481e+14,-4.321091507e+13,-2.942733886e+14,-1.860889197e+14,-2.359161166e+15,-2.798097427e+13,-2.992151393e+13,-1.849978174e+13,-2.958695288e+14,-5.733822858e+12,-1.743853323e+12,-1.171655425e+13,-4.528252713e+13,-2.097303994e+10,-5.352878583e+11,-2.94408503e+12,-1.074383651e+10,-4.296764655e+12,-1.725821376e+12,-2.973126547e+12,-106598949.1)
mX=[100,3](0.09558401247,0.5035534737,0.02339758915,0.5244406712,0.9483290721,0.3859064757,0.4357897198,0.2284625194,0.8927737579,0.6849331424,0.1863613656,0.4882375432,0.05295259455,0.8184708525,0.5164726324,0.02034667344,0.6190776813,0.193789448,0.5867203043,0.3757324641,0.2484514542,0.2195103992,0.2824146759,0.9370958611,0.8222065063,0.7517298834,0.766199682,0.2637055825,0.314173075,0.3375217587,0.1367169307,0.9174297817,0.9708555862,0.7761552394,0.8543261314,0.3578593884,0.9149839519,0.3237020101,0.9835968441,0.3932034483,0.07675334231,0.6846634704,0.0128063159,0.3802714128,0.1029556196,0.951083934,0.4424454348,0.8112312209,0.6095266584,0.7389361788,0.8571550062,0.9714247333,0.8729697897,0.8392148579,0.2979881682,0.1745871037,0.2858213187,0.923468928,0.9923469675,0.08837118669,0.8084549487,0.2615681347,0.01694622587,0.4630245503,0.7674368977,0.1292315404,0.3284825563,0.1251906754,0.5804363434,0.6245646605,0.4035371197,0.06906728967,0.1600598354,0.6865497171,0.4673091493,0.6697112024,0.1539087551,0.2781958882,0.3707901335,0.921232136,0.7218647648,0.2373230172,0.1169469197,0.1711507855,0.3407634645,0.62126655,0.7582219065,0.146475953,0.6450748126,0.7102095956,0.5042093947,0.09728527277,0.9558862549,0.7006936433,0.8288782718,0.4001499677,0.7457876751,0.2079415578,0.9033954829,0.8592430763,0.5339790181,0.3194910544,0.9829009461,0.04785542958,0.05581128517,0.8754411513,0.8970235779,0.4396713633,0.8928830949,0.4670947906,0.7920151368,0.486610632,0.9718016334,0.2394177197,0.6444169453,0.4399967839,0.6498356642,0.1173229226,0.5518451375,0.6761825195,0.791665711,0.007754780562,0.1523778045,0.3148916653,0.3498673028,0.2017477431,0.5582998585,0.5926389412,0.3719916606,0.7209303414,0.03430742164,0.4496223956,0.1818889926,0.7046610828,0.6042619846,0.4452344668,0.7867742779,0.8766956988,0.06031750992,0.6782804489,0.5411732542,0.4063290073,0.5611307946,0.5387207769,0.2432681688,0.4990926112,0.6240121863,0.5720944263,0.2550085585,0.5647662309,0.05838321383,0.5116194223,0.720829157,0.4602631602,0.5468382774,0.64667079,0.9728580634,0.5576872129,0.6442632597,0.465615571,0.5448864329,0.6333956611,0.4602600605,0.5460158866,0.6472322306,0.1446553808,0.1666666667,0.75,0.1380458132,0.7496076052,0.1670894616,0.1446553808,0.1666666667,0.75,0.1380458132,0.7496076052,0.1670894616,0.1446553808,0.1666666667,0.75,0.1380458132,0.7496076052,0.1670894616,0.1446553808,0.1666666667,0.75,0.9745668506,0.9205469637,1,0.9869541868,0.7496076052,0.1670894616,0.9803446192,0.1666666667,0.75,0.9869541868,0.7496076052,0.1670894616,0.1685658809,0.1559406122,0.1559422367,0.1685658809,0.1559406122,0.1559422367,0.1446553808,0.1666666667,0.9583333333,0.1685658809,0.1559406122,0.1559422367,0.1446553808,0.9583333333,0.9583333333,0.1380458132,0.9581371359,0.1670894616,0.1446553808,0.9583333333,0.9583333333,0.9803446192,0.1666666667,0.9583333333,0.9642933669,0.1640668042,0.1461347826,0.9869541868,0.9581371359,0.1670894616,0.1659578327,0.05711772127,0.148716672,0.1446553808,0.1666666667,0.9861111111,0.5,0.5,0.5,0.5,0.5,0.5,0.5,0.5,0.5,0.5,0.5,0.5,0.5,0.5,0.5,0.5,0.5,0.5,0.1446553808,0.75,0.9583333333,0.1446553808,0.5,0.9583333333,0.7737904889,0.7505847322,0.05534554447,0.4866559778,0.75,0.05555555556,0.7792808521,0.9830282723,0.9594322904,0.9642933669,0.4948002751,0.1461347826,0.6861627135,0.9583333333,0.957701309,0.1380458132,0.9581371359,0.1670894616,0.9803446192,0.1666666667,0.9583333333,0.9863473891,0.5093729943,0.148716672,0.04601527107,0.7496076052,0.1670894616,0.486224433,0.1559406122,0.05198074556,0.9931688679,0.7860697063,0.9591398199,0.7940225718,0.05555555556,0.9583333333,0.4866559778,0.9861111111,0.1666666667,0.7462015715,0.05198020405,0.1559422367)
