mCurrentIter=50
mCounterStuck=0
mYPrev=-1.178453373e+17
mParameters.n_iterations=50
mParameters.n_inner_iterations=1000
mParameters.n_init_samples=50
mParameters.n_iter_relearn=1
mParameters.init_method=1
mParameters.surr_name=sGaussianProcessML
mParameters.sigma_s=1
mParameters.noise=1
mParameters.alpha=1
mParameters.beta=1
mParameters.sc_type=SC_MTL
mParameters.l_type=L_EMPIRICAL
mParameters.l_all=0
mParameters.epsilon=0
mParameters.force_jump=5
mParameters.kernel.name=kMaternARD5
mParameters.kernel.hp_mean=[1](1)
mParameters.kernel.hp_std=[1](10)
mParameters.mean.name=mConst
mParameters.mean.coef_mean=[1](1)
mParameters.mean.coef_std=[1](1000)
mParameters.crit_name=cEI
mParameters.crit_params=[0]()
mY=[100](-1.285571539e+21,-7.388324346e+11,-1.211289383e+20,-4.422836298e+14,-3.972275292e+19,-2.451282062e+16,-7.534040642e+19,-1.177918561e+19,-1.946474596e+20,-3.204461751e+19,-4.076925048e+18,-7.206621366e+20,-1.659848192e+17,-1.001346141e+20,-1.615839449e+20,-2.69812432e+20,-7.475881039e+17,-2.940394523e+20,-2.829842071e+17,-363256.9084,-1.472379971e+21,-1.318081744e+20,-7.431950608e+16,-5.114376198e+17,-2.510298165e+19,-3.261290056e+20,-7.429625259e+10,-6.722410194e+20,-6.8485021e+19,-8.481647023e+18,-6.593694256e+20,-2.265297117e+21,-6.80818606e+14,-1.581461044e+19,-7.114132595e+18,-4.714011903e+17,-1.647006915e+21,-6.293596511e+19,-547155.582,-4.884792942e+19,-6.939805453e+18,-7.695004697e+18,-2.964716444e+19,-2.02105379e+18,-3.117246172e+19,-1.241885309e+20,-1.341544679e+17,-6.044999812e+21,-2.663448513e+18,-1.539445265e+21,-2.18819283e+22,-8.153725221e+18,-6.365816914e+21,-9.588921339e+19,-1.893520609e+21,-1.361414241e+20,-5.583798782e+20,-1.081197565e+20,-2.453932919e+16,-4.032169273e+17,-8.585930998e+19,-3.32062264e+20,-2.99341931e+20,-6.562714229e+19,-3.674560582e+20,-2.382816535e+19,-1.987700754e+15,-1.894201404e+16,-9.180004131e+14,-2.242537316e+17,-1.715609965e+21,-8.054858351e+15,-2.192039283e+14,-8.848531552e+19,-6.517144404e+12,-6.71032535e+17,-2.568561086e+18,-1.382512209e+15,-6.867013669e+17,-2.585328089e+19,-1.123173513e+17,-398520.3309,-1.041419771e+18,-1413366.817,-8.628771566e+17,-1.19380507e+20,-1.344696727e+19,-6.656914568e+19,-5.601141705e+21,-9.052063829e+19,-8.954322136e+19,-1.137342982e+17,-1.727870827e+20,-140976.897,-4.975560523e+16,-3.437151562e+19,-3.941236477e+18,-7.629239183e+17,-1.45594717e+15,-1.178453373e+17)
mX=[100,3](0.01869752431,0.01020307049,0.6098485015,0.9948654753,0.3820315175,0.1257284011,0.2105725715,0.5855454851,0.2813863957,0.7569062127,0.1301846469,0.07065366582,0.5462208886,0.6158795082,0.8856895896,0.8272402106,0.1856743813,0.3730670743,0.6421455471,0.5344754437,0.7242666479,0.2601453092,0.5042342135,0.9703580697,0.7832047271,0.7638715106,0.8147525546,0.3540576388,0.3058149465,0.3976337579,0.6803200108,0.8577705301,0.7491108443,0.5114322542,0.03593186274,0.5857499169,0.539554557,0.9476972936,0.9324917869,0.8713529214,0.9298337771,0.5009559209,0.6069007743,0.4055856069,0.485620255,0.2533241585,0.2103679638,0.8545541023,0.08752469971,0.1731847202,0.2318760802,0.2882018455,0.9963805377,0.300567701,0.1408072293,0.7800084629,0.9119733057,0.04948882742,0.0645847268,0.01062519796,0.1710141325,0.3770732346,0.3445008557,0.4805314285,0.7585112474,0.5519670769,0.7624714561,0.2676498771,0.1801658737,0.4264818906,0.09514530288,0.2658564818,0.334141409,0.8099650837,0.7768588542,0.9685172901,0.6391438506,0.2420003264,0.8004010173,0.320256057,0.1008878592,0.2367841894,0.1118013298,0.870143867,0.5921464041,0.8783098147,0.3269958575,0.939520513,0.2432201267,0.577160912,0.9131466511,0.7060130714,0.1688694721,0.311568128,0.05744558727,0.6895893094,0.1160447908,0.8955073892,0.04270071056,0.7080272597,0.4692109306,0.8289247072,0.02250765747,0.8367248752,0.4053638569,0.135579724,0.7345790228,0.9818148291,0.8979472298,0.430391723,0.6361019234,0.3607014468,0.568547545,0.4587037159,0.3949176839,0.2985060112,0.03278748777,0.4011321017,0.4479048807,0.5335752397,0.06332710642,0.9725360145,0.6495181206,0.7348392281,0.4822583851,0.1559831293,0.95548745,0.2399813119,0.7040358208,0.4742462307,0.6415304747,0.09219059985,0.4463641333,0.9174333632,0.4656251667,0.6799613254,0.3510882901,0.670153091,0.8526820999,0.6664780421,0.2028855112,0.5757742463,0.5462123723,0.4385760188,0.6271282867,0.6812950499,0.9496023129,0.1843145061,0.1450459669,0.7996936949,0.5732507963,0.4068517161,0.4646186949,0.5721164994,0.3517461664,0.9995794942,0.5730284902,0.3599430369,0.4756876237,0.5723771234,0.6389537667,0.4651302537,0.5726690628,0.4252705185,0.4128222278,0.5726882069,0.4231927668,0.4577640273,0.572420978,0.4066818202,0.460913956,0.5734045061,0.4062314379,0.4652974637,0.1380458132,0.7496076052,0.1670894616,0.1380458132,0.7496076052,0.1670894616,0.1446553808,0.1666666667,0.75,0.1380458132,0.7496076052,0.1670894616,0.1446553808,0.1666666667,0.75,0.1380458132,0.7496076052,0.1670894616,0.1446553808,0.1666666667,0.75,0.1380458132,0.7496076052,0.1670894616,1,1,1,1,1,1,1,1,1.734723476e-18,0.9803446192,0.1666666667,0.75,1,1,1.734723476e-18,0.9803446192,0.1666666667,0.75,0.1685658809,0.1559406122,0.1559422367,0.1446553808,0.1666666667,0.9583333333,0.1685658809,0.1559406122,0.1559422367,0.1640469305,0.9962071059,0.7475855773,0.9997083678,1,0.5607089434,0.1685658809,0.1559406122,0.1559422367,0.1640469305,0.9962071059,0.7475855773,0.1616780974,0.161293554,0.4920564105,0.9803446192,0.1666666667,0.9583333333,0.9693389763,0.1603241627,0.1565183596,0.1380458132,0.9581371359,0.5008455898,0.1685658809,0.1559406122,0.05198074556,0.985987625,0.1467331437,0.75,0.1666666667,0.1666666667,0.4920564105,0.5,0.5,0.5,0.5,0.5,0.5,0.5,0.5,0.5,0.9869541868,0.9581371359,0.5008455898,0.1446553808,0.1666666667,0.9583333333,0.1446553808,0.9583333333,0.9583333333,0.1380458132,0.9581371359,0.1670894616,0.9642933669,0.1640668042,0.1461347826,0.9803446192,0.1666666667,0.9583333333,0.9869541868,0.9581371359,0.1670894616,0.1380458132,0.7496076052,0.05569648719,0.1380458132,0.7496076052,0.05569648719,0.8072417069,0.7496076052,0.01856549573,0.1446553808,0.75,0.9861111111)
