mCurrentIter=50
mCounterStuck=0
mYPrev=-1.206922373e+18
mParameters.n_iterations=50
mParameters.n_inner_iterations=1000
mParameters.n_init_samples=50
mParameters.n_iter_relearn=1
mParameters.init_method=1
mParameters.surr_name=sGaussianProcessML
mParameters.sigma_s=1
mParameters.noise=1
mParameters.alpha=1
mParameters.beta=1
mParameters.sc_type=SC_MTL
mParameters.l_type=L_EMPIRICAL
mParameters.l_all=0
mParameters.epsilon=0
mParameters.force_jump=5
mParameters.kernel.name=kMaternARD5
mParameters.kernel.hp_mean=[1](1)
mParameters.kernel.hp_std=[1](10)
mParameters.mean.name=mConst
mParameters.mean.coef_mean=[1](1)
mParameters.mean.coef_std=[1](1000)
mParameters.crit_name=cEI
mParameters.crit_params=[0]()
mY=[100](-2.792086933e+17,-1.267806399e+19,-3.864246394e+17,-3.603938146e+20,-6.588169487e+17,-8.25044232e+16,-11730.74907,-2.252659974e+19,-9.67199203e+15,-4.704983347e+18,-89.22996694,-6.159740446e+18,-7.377291111e+16,-1.195067704e+19,-2.865694334e+17,-2.440607997e+16,-4.049908405e+15,-4.129879983e+19,-8.039632503e+18,-7.804918932e+17,-2.110569759e+19,-2.811136171e+17,-1.270616689e+20,-4.08471458e+18,-7628851909,-3.023852736e+19,-6.514567388e+19,-1.277322249e+13,-2.216908005e+19,-9.665840431e+19,-2.217231022e+19,-9.949842091e+15,-2.533647834e+20,-1.223424777e+19,-1.012593576e+21,-84249313.23,-4.760343414e+20,-7.065012619e+15,-1.952716064e+20,-8.093954849e+17,-511142294.4,-0.001898503797,-2.221840021e+20,-3.793090899e+12,-4.099278973e+20,-2.108918166e+20,-1.130521682e+16,-3.131804211e+16,-1.886013971e+18,-1013.490769,-6.835651141e+19,-3.780844004e+19,-2.973124897e+16,-6.459117691e+17,-4.430600826e+20,-4.939149259e+16,-1.511460879e+21,-2.032104768e+20,-2.211640957e-25,-0.6099198952,-1.37894778e+21,-1.780003067e+20,-6.392606339e+14,-7.869536175e+17,-4.647395136e+20,-1650582431,-3.557307627e+19,-2.183607283e+16,-8.432533339e+19,-5.53598636e+19,-1.867883662e+19,-9.47957632e+18,-1948302.591,-2.965761387e+16,-3.022182366e+18,-1.785244219e+19,-3.921140312e+13,-1.640772786e+11,-1.095175153e+10,-6.280497581e+20,-3.678284772e+17,-1.724663491e+19,-5.618198922e+20,-3.8891642e+20,-2.210287534e+16,-2.077582749e+18,-3.771480652e+18,-3.695939976e+17,-7.124471468e-35,-1737001.248,-2.102840883e+16,-3.946921151e+20,-3.946628066e+20,-1.608119822e+20,-1.003967625e+19,-1.97153424e+19,-1.405393851e+21,-3.693562587e+20,-1.753688933e+21,-1.206922373e+18)
mX=[100,3](0.4871483679,0.8580394135,0.2566937946,0.8117177481,0.8901350669,0.575263593,0.9627334639,0.2240490427,0.5341719981,0.4433432012,0.2117635279,0.7472043587,0.1519317271,0.8604244308,0.1449744903,0.3133873209,0.7461569162,0.1036773003,0.9318583041,0.1271009496,0.1996871674,0.617236227,0.7130090135,0.5500549223,0.3526754571,0.675584652,0.2689302747,0.7290886244,0.9694215809,0.7280347984,0.2487457825,0.3410250294,0.008628177908,0.1383354173,0.5049315161,0.8778719145,0.3621569318,0.4764769635,0.4331801187,0.3214382922,0.3357485638,0.6518056826,0.01720033952,0.6062403642,0.4185585727,0.1675846326,0.7974998135,0.164431528,0.9460741809,0.1156574203,0.4921985124,0.07327114097,0.3158041392,0.6763923732,0.9987286442,0.6546907369,0.9607511171,0.1985606244,0.720404919,0.3091132827,0.5907418299,0.5810405985,0.5105335327,0.6255545463,0.06933926156,0.6071979254,0.2100892049,0.02225938712,0.7735008605,0.08510651823,0.9101502487,0.6823979421,0.9114446047,0.08088362991,0.3849320282,0.2629844743,0.5590254405,0.5905832075,0.05184103132,0.4307606573,0.6245943176,0.7140288914,0.3770728844,0.2300047764,0.7587421094,0.6810031014,0.8060985716,0.4279907736,0.4576103116,0.9528736296,0.8803124602,0.8233973421,0.4610604391,0.5364213148,0.7714822173,0.05636389171,0.5062812595,0.2659718419,0.8559035798,0.3879309572,0.5232729113,0.9954511222,0.5770701361,0.3981080875,0.926295925,0.6845018392,0.2974345494,0.1234779384,0.4196264133,0.4091270621,0.8230221147,0.2297443991,0.935292634,0.7192659129,0.1023887395,0.2505567403,0.8950221794,0.6761838368,0.5779558518,0.3438999908,0.849855246,0.1444887765,0.2816961484,0.7609957349,0.1670259078,0.0335624167,0.8636581103,0.8153977878,0.3678747297,0.7991030651,0.01430004958,0.4593044866,0.8204166612,0.4935973334,0.7900536061,0.4750093542,0.04119880929,0.9162414327,0.5499722486,0.6355086166,0.06823089263,0.02779862105,0.9947701376,0.3392685643,0.2936838591,0.9490165894,0.2091202179,0.6583582116,0.1968330472,0.08857492368,0.8530260782,0.3471377522,0.9999768941,0.6297128401,0.3927060901,0.999977606,1,1,1,1,4.984180357e-15,1,0.9999784034,0.2510037887,0.8014359987,0.999979833,9.488084266e-05,0.7826752418,0.9999793481,0.3809681359,0.84521899,0.9999781288,0.3793190315,0.8550702527,5.568776196e-15,4.835918111e-32,1.059528331e-18,0,2.286122281e-24,0.2724178941,0.9994159142,0.504644527,0.7276121309,0.9999788311,0.4392718672,0.6795938119,0,1,1,1,1,0,1,0.6222213193,0.7149212481,1,0.5213014661,0,1,0.3382468095,0.7388687961,1,1,1,1,0.7671888565,0.7844968548,1,1,4.513097167e-24,0.9993472932,0,0.9442640408,1,0.4220814224,0.4028919457,0,0.5362009946,0,0,0.7512918208,1,0.09895733844,0.6138054133,0.7830458856,1,0.2287394741,1,5.34552942e-51,6.617440169e-24,0.5314355552,0.05203534703,0.1952041946,0.3169646364,1.179611964e-16,0.4415066347,0.2004118073,0.9583333333,0.5,0.8333333333,1,0.6148561554,0.2271765606,1,0.6274249464,1,1,0.5131120547,0.8572630181,0.9583333333,0.5,0.6111111111,0.08938873132,1,0.4446924553,1,1,0.2984684112,1,1,0.1874908188,1,0.7487720978,3.469446952e-18,1,9.61149149e-16,1.26656508e-15,0.9421184583,0.3902927179,0.007854861349,1,4.163336342e-17,0.6319980253,1,0.3946695095,0.8044645219,1,0.5970573916,0.6611726072,0.9996325807,0.1899355762,0.8454092146,0.9996623559,0.2877691279,1,0.9992324675,0.8752156046,0.823122635,0.9993865177,0.3919286868,0.6114676234,0.9985400615,0.3817721937,0.6077520431,0.9861111111,0.5,0.5,1,0.4999473179,0.3565842826)
