mCurrentIter=50
mCounterStuck=0
mYPrev=-2.930632585e+17
mParameters.n_iterations=50
mParameters.n_inner_iterations=1000
mParameters.n_init_samples=50
mParameters.n_iter_relearn=1
mParameters.init_method=1
mParameters.surr_name=sGaussianProcessML
mParameters.sigma_s=1
mParameters.noise=1
mParameters.alpha=1
mParameters.beta=1
mParameters.sc_type=SC_MTL
mParameters.l_type=L_EMPIRICAL
mParameters.l_all=0
mParameters.epsilon=0
mParameters.force_jump=5
mParameters.kernel.name=kMaternARD5
mParameters.kernel.hp_mean=[1](1)
mParameters.kernel.hp_std=[1](10)
mParameters.mean.name=mConst
mParameters.mean.coef_mean=[1](1)
mParameters.mean.coef_std=[1](1000)
mParameters.crit_name=cEI
mParameters.crit_params=[0]()
mY=[100](-7.58448926e+21,-1.804085269e+20,-9.446598938e+20,-1.313992034e+19,-8.459249071e+20,-1.504457196e+21,-7.557841361e+18,-7.696835594e+19,-3.505101564e+20,-1.765631091e+19,-6.230986124e+19,-1.000536014e+20,-7.927432386e+20,-1.790618847e+21,-9.793429544e+17,-5.436112406e+20,-3.204409417e+21,-4.966294925e+21,-7.617827393e+19,-1.374215253e+20,-5.393430721e+20,-9.668672155e+18,-4.654195238e+20,-1.783053884e+21,-1.022825354e+20,-4.040533369e+18,-1.179744256e+20,-1.005059309e+22,-2.357805303e+12,-4.471857773e+19,-7.246461948e+20,-7.821249513e+17,-3.036880445e+21,-1.468445964e+22,-4.916794348e+21,-3.603544316e+18,-3.66652709e+19,-1.065528701e+21,-8.808193924e+15,-1.753642406e+19,-1.586461446e+22,-4.608362449e+20,-3.486938877e+21,-1.310370108e+21,-1.35344401e+21,-1.119683141e+19,-3.411309416e+21,-3.630652937e+21,-5.176252532e+19,-1.942048526e+12,-3.265429001e+21,-7.167183403e+19,-3.590607268e+20,-6.261563764e+21,-6.797031702e+20,-6.215910532e+20,-1.154010437e+21,-1.93873046e+18,-1.263954002e+18,-1.226178964e+19,-4.203131974e+16,-5.734343972e+17,-1.18822568e+18,-2.460245007e+21,-2.62075738e+19,-194818832.4,-9.893163275e+19,-132403755.7,-5.048161288e+19,-2.002118709e+18,-3.446566547e+20,-1.900752907e+19,-2.230256388e+20,-4.622854822e+21,-4.661197689e+11,-1.493647793e+18,-1.920757358e+16,-6.681856219e+15,-3.080290277e+17,-5.744236548e+16,-1.016550158e+19,-5.160127367e+19,-6.944293161e+19,-4.974524896e+12,-2.045678775e+12,-1.124395478e+19,-1.133439273e+17,-3.041863462e+20,-5.801742649e+17,-1.456031786e+20,-2.416291526e+19,-3.878403824e+18,-5.886574409e+17,-2.047662451e+16,-3.323547497e+21,-5.436082794e+20,-1.294359197e+20,-1.154748431e+18,-1.313559401e+18,-2.930632585e+17)
mX=[100,3](0.6963070262,0.6779827385,0.5427760115,0.1446232149,0.2986405297,0.8530667876,0.7608889432,0.1958737596,0.880215153,0.4142720057,0.06648244189,0.3662615181,0.8311636295,0.1720922795,0.5860784722,0.6531067099,0.4045278125,0.5193209975,0.5247477663,0.5618591204,0.01788480625,0.3545361996,0.144839143,0.242829235,0.0642716244,0.6215553872,0.6882228013,0.3985881695,0.9274258198,0.8184484627,0.5809789387,0.9591752435,0.5744234553,0.8636637053,0.3183188911,0.2617913125,0.1990050152,0.9793794462,0.4289037766,0.2548407461,0.4390163459,0.7048541333,0.6012879038,0.2211696332,0.185185697,0.9006653813,0.8913436232,0.6443174652,0.6686655321,0.5257723093,0.2198634808,0.4674388778,0.4770275054,0.6695522971,0.01292107078,0.01223971984,0.7719070294,0.4943604702,0.8344730518,0.3149758944,0.5728341769,0.2105260389,0.8640750115,0.3675166251,0.8055514597,0.7835289245,0.8527812096,0.5019174253,0.1083219953,0.2115749624,0.3925189068,0.9294098353,0.1100197058,0.8626817361,0.3290300215,0.7050786205,0.9869988623,0.948643585,0.03650158284,0.6593028302,0.7268530744,0.7224607069,0.336796435,0.63581804,0.4574137462,0.02645994099,0.0501931073,0.9336439177,0.594574736,0.0730135174,0.638473155,0.6836926819,0.4963613977,0.96985702,0.4571671904,0.2999363422,0.5409447313,0.7054951073,0.3924675511,0.7851082922,0.6135007717,0.5279747144,0.3142876996,0.754485699,0.4111117106,0.4312054689,0.9179949288,0.9803985967,0.8865902181,0.2621103736,0.7567444859,0.3238106154,0.7313904642,0.4750520171,0.1250696126,0.3703390153,0.08698630101,0.9828928971,0.2532159043,0.9705376001,0.9451780295,0.8474830372,0.147562267,0.1772236987,0.7726275084,0.3536975915,0.2239978479,0.1121943988,0.9051081875,0.2752362747,0.09309988037,0.8296247381,0.09686184775,0.1377735931,0.6123548521,0.04343768567,0.7870151976,0.2258062324,0.2871675236,0.3436462839,0.4517522823,0.5046286961,0.4854858342,0.1208496969,0.7454899463,0.5570150663,0.1661989687,0.8157660643,0.04112014107,0.03062486185,0.9945759672,0.8747991896,0.1434868337,1,1,0,0.943588003,0.7827786733,0.1560307756,0.9331962552,0.8390337648,0.1503902403,0.9567346189,0.8521419247,0.221887943,0.7803292642,0.6214029416,0.5303357116,0.9477156059,0.8469865805,0.1491020244,1,1,1,1,9.216419563e-19,1,1,0.5731158487,1,1,3.469446952e-18,0.4513578459,1,1,1,1,2.770431842e-18,1,0.9440721456,0.8476667373,0.1484032217,1,0.5705452389,1,1,1.387778781e-17,1.856542576e-15,0.9468129328,1,0.04337629971,1,0,0,0.945766003,1,0.04290455319,1,3.035766083e-18,0.6201991807,1,1,0.5000000011,1,0.5613416382,1,0.9464584279,0.9553547523,0,0.9861111111,0.5,0.5,8.310527031e-53,2.300896027e-15,8.114216026e-18,3.171291355e-18,5.06539255e-16,0.452382519,1.72211402e-15,1,6.829624173e-19,0,1,5.551115123e-17,0,1,1,1.549024614e-17,0.5922994673,0,0,0.583358222,1,1.734723476e-18,0.4146212551,0.4984146251,1,0.3737972062,0.5780449512,0,5.551115123e-17,5.637851297e-17,6.0399577e-18,0.000909345005,6.938893904e-18,5.005812162e-17,0.6039002528,9.714451465e-17,0.006589997358,0.9750201427,1,4.083081427e-14,1.387778781e-17,1,0.05510881719,0.03901719779,0.3889401287,0.03139620951,2.775557562e-17,0.9655846413,0,0.4583333333,1,6.938893904e-18,1,4.433292038e-24,6.938893904e-18,1,5.81080454e-19,0.01290794702,0.3709443871,1.110223025e-16,0.9455718208,0.8444118153,0.1460923543,3.469446952e-18,0.4435618131,0.4684260466,1,1,0.625,0.9715719851,0.9982753904,0.9947569449,1,0.0008779576712,1,1,0.0001204844696,1)
