mCurrentIter=50
mCounterStuck=0
mYPrev=-172441.8289
mParameters.n_iterations=50
mParameters.n_inner_iterations=1000
mParameters.n_init_samples=50
mParameters.n_iter_relearn=1
mParameters.init_method=1
mParameters.surr_name=sGaussianProcessML
mParameters.sigma_s=1
mParameters.noise=1
mParameters.alpha=1
mParameters.beta=1
mParameters.sc_type=SC_MTL
mParameters.l_type=L_EMPIRICAL
mParameters.l_all=0
mParameters.epsilon=0
mParameters.force_jump=5
mParameters.kernel.name=kMaternARD5
mParameters.kernel.hp_mean=[1](1)
mParameters.kernel.hp_std=[1](10)
mParameters.mean.name=mConst
mParameters.mean.coef_mean=[1](1)
mParameters.mean.coef_std=[1](1000)
mParameters.crit_name=cEI
mParameters.crit_params=[0]()
mY=[100](-1282954.991,-2967042.65,-31.22648392,-2711854.688,-1027069.824,-72109.77096,-377080.3593,-5214686.251,-467211.1506,-123147.6446,-180030.0686,-857815.1224,-243774.5906,-183867.1864,-34309.95208,-2570839.144,-8.969992358,-14951859.94,-3708535.028,-527850.3865,-1306591.992,-6924.578225,-1144085.277,-799626.0695,-13903671.18,-33680879.01,-2358339.847,-83102.25171,-522017.1818,-1487191.39,-0.006620070796,-66167.67958,-573123.4934,-144.0258867,-29232.12545,-1009219.732,-136576.0384,-3983.653741,-101211.2331,-23812821.6,-1219543.798,-39808351.69,-2789598.305,-177680.7534,-505612.4369,-98274.60132,-356360.2014,-675738.661,-7166293.637,-2857184.479,-1617938.267,-526002.7747,-2337179.113,-19654104.6,-4654712.626,-4559964.988,-78463798.49,-4256883.503,-78325.19136,-1026104.859,-8686750.729,-7114006.484,-3521372.503,-5971.809157,-897441.7451,-11424.36093,-0.1580574731,-276264.9671,-194040.9807,-2.928255861,-0.2108328864,-0.9338278441,-4024.862872,-12881.82566,-917390.0309,-56975.34162,-3121523.608,-8069.169108,-16807.3125,-41906.10849,-5802.560666,-10971.97425,-335732.2601,-671750.5339,-1880548.577,-2048279.517,-21539.11681,-105340.2096,-1878921.688,-2033844.037,-786613.3248,-771142.8816,-1459531.736,-13023913.37,-96687.37894,-21004549.01,-526366.2013,-251274.7571,-661503.1381,-172441.8289)
mX=[100,3](0.1899118776,0.07178543119,0.7314998652,0.3432055712,0.7118489088,0.6339710026,0.3038530744,0.3714565678,0.006616957122,0.6152961171,0.5403884437,0.335185444,0.4071946713,0.74673584,0.03231596507,0.2071018127,0.7671053555,0.8980757436,0.3341121547,0.5880051085,0.9472564896,0.9182099715,0.3877676419,0.2235470314,0.7629673862,0.7268517379,0.1468933451,0.5803681233,0.9167308782,0.7672027961,0.3686198038,0.2271025608,0.430201956,0.4853285971,0.199680336,0.4493741244,0.0376815664,0.6513544696,0.6956089953,0.6788856478,0.9325180287,0.4102793697,0.1770354572,0.1633929673,0.5891952338,0.6860818773,0.339962129,0.798997898,0.6487388018,0.1596352384,0.06201715238,0.717694032,0.4818807317,0.1879592368,0.07925969382,0.8125878015,0.5118578266,0.8039674438,0.604457137,0.2694102016,0.00200181352,0.287236328,0.6117498957,0.4546258791,0.08213386794,0.3046497213,0.5659428967,0.8248556402,0.2885418925,0.3931681386,0.5704786338,0.5556699101,0.7517963007,0.4084370072,0.1105685997,0.8907896027,0.6357131761,0.3933992901,0.1405330924,0.536045931,0.6605344826,0.9600236736,0.0224145477,0.4793146249,0.2349599306,0.5032647869,0.9097962612,0.4709244233,0.6675239139,0.2499421921,0.2962009175,0.01295454441,0.04506459287,0.1121037296,0.8958816307,0.7542606661,0.2677444572,0.1295336249,0.976314337,0.04158759312,0.05655699592,0.4843544208,0.9439359603,0.8455660762,0.8047382574,0.554353064,0.215012602,0.1708068076,0.1330024286,0.4741066779,0.920748824,0.7810371162,0.1151270039,0.2101621776,0.8276940784,0.6980818396,0.9920112985,0.2509386357,0.2445703841,0.835422858,0.5310462016,0.3437411942,0.3618024166,0.738991197,0.2761880356,0.5202357124,0.09660245372,0.4485043787,0.8522044063,0.9312763088,0.945215577,0.7096134998,0.8792521504,0.8779201959,0.3582434477,0.9995460471,0.7896108192,0.5734810001,0.4373992157,0.9929150145,0.1259792872,0.6259111051,0.9759078528,0.09054154694,0.8509828397,0.3119794319,0.6408265879,0.5099217733,0.420967787,0.8606190493,0.7326275033,0.2563312763,0.5824351896,0.8188190537,0.298947051,0.5163703801,0.7364212707,0,0.5207886713,0.7390562502,0.2774584643,0.5203963689,0.7373789721,0.2737490982,0.5187937154,0.7399984481,0.2755644474,0.5209421399,0.736959088,0.2771887656,0.520260439,0.7361252286,0.2776947503,0.5206198958,0,1,0.1371245154,1,6.776263578e-21,1,1,0.0008779576712,1,1,6.505213035e-19,1,1,5.421010862e-20,1,0.9771247941,1,1,1,0.5295207241,1,6.331740687e-17,1,0.04951936427,0.0307874125,0.01490160429,6.988111891e-18,0.03479040301,0.5236280388,0.01733243671,1,1,1.387778781e-17,0.9637598566,0.001860499202,0.03055233154,1,2.775557562e-16,5.551115123e-17,1,1.901274529e-17,0,1,0.487837609,0,0,0.499749261,6.938893904e-18,1,0.4681694991,1,0.1284351582,0.7473223277,0.168246608,1,1,1.387778781e-17,0,1,1,0.1380458132,0.9581371359,0.5008455898,0.9642933669,0.4841523038,0.1461347826,1,1,1,0.1380458132,0.9581371359,0.5008455898,1,1,0.650277794,0.73783,4.884822794e-05,0.5226043073,0.1659578327,0.5093729943,0.148716672,1,0.4681694991,1,0.7397838054,0.0007807400907,0.5207991769,0.1446553808,0.75,0.9583333333,0.1284351582,0.7473223277,0.168246608,0.1685658809,0.478547891,0.1559422367,0.9609530695,0.6742524549,0.957126122,0.9965648418,0.7473223277,0.168246608,0.1446553808,0.5,0.9583333333,0.9965648418,0.7473223277,0.168246608,0.1446553808,0.1666666667,0.75,0.9803446192,0.5,0.9583333333,0.9642933669,0.4948002751,0.1461347826,0.1446553808,0.1666666667,0.75,0.9893308169,0.2758300997,0.5209646633,0.7368065336,0.001261403589,0.5218425454)
