mCurrentIter=100
mCounterStuck=0
mYPrev=-48.10137293
mParameters.n_iterations=100
mParameters.n_inner_iterations=1000
mParameters.n_init_samples=100
mParameters.n_iter_relearn=1
mParameters.init_method=1
mParameters.surr_name=sGaussianProcessML
mParameters.sigma_s=1
mParameters.noise=1
mParameters.alpha=1
mParameters.beta=1
mParameters.sc_type=SC_MTL
mParameters.l_type=L_EMPIRICAL
mParameters.l_all=0
mParameters.epsilon=0
mParameters.force_jump=5
mParameters.kernel.name=kMaternARD5
mParameters.kernel.hp_mean=[1](1)
mParameters.kernel.hp_std=[1](10)
mParameters.mean.name=mConst
mParameters.mean.coef_mean=[1](1)
mParameters.mean.coef_std=[1](1000)
mParameters.crit_name=cEI
mParameters.crit_params=[0]()
mY=[200](-19.07896041,102.6700379,15.19059195,-3.594086209,5.346616535,0.002421206893,173.2284879,-43.87724289,7.502950445,13.06083106,44.35603497,263.6651502,-45.83361464,-32.06121877,-22.37213231,2172.635415,64.970559,49.70864134,16.5351799,1039.454697,-26.5540127,-48.33146774,-33.83120982,-22.11307591,2282.345588,-7.205569342,7.831265762,13.67227418,44.12451559,1.325196294,-29.29686334,-4.559521888,-1.55727581,-16.9666104,286.5096076,-17.89011553,-27.58460437,-45.47331209,12.59897641,3.031547691,-5.663843791,1466.827368,13.30978706,-37.80935244,231.2534169,-13.11745469,15.93077771,-9.601002182,-45.6310305,13.1193405,-44.97498594,-0.5703452622,279.770194,-9.535848599,42.58161703,985.6081856,-26.66153272,-48.64402142,28.641745,-19.80202369,-50.01254534,-20.40790754,18.60335426,25.98522267,38.09314898,-19.15695854,4.86654339,458.8266805,2814.580339,6.318304773,-10.50049579,424.3815814,24.24998692,-48.19665003,23.54541101,366.5339379,23.77201569,-8.638046679,18.31481927,-28.27846484,-33.74473201,34.03108801,384.4409409,17.77244205,-42.55246763,-16.01524777,-41.18392677,1032.307758,6.893944229,-17.31641832,-34.67121771,-28.6283241,-45.85178143,46.20380398,34.01851362,-36.5113617,42.20360053,14.38947567,-32.79235423,-19.03112711,-40.59533368,-38.81273481,-35.0891603,-43.416914,-39.60804214,-27.59682508,-37.34500269,-41.1314745,-42.91814766,-41.75204133,-34.88420953,-45.71903201,-43.33982037,-40.55982795,-28.73257059,-25.6729133,-34.51825881,-35.53303906,-40.28447326,-45.53002905,-34.6030113,-39.71718532,-40.21545058,-38.03342786,-17.74122948,-31.25078276,-42.07639904,-43.39697461,-41.02713286,-45.27099302,-37.8927103,-43.76689497,-40.6547489,-42.22872433,-29.30706768,-45.09282259,-39.05042197,-34.5458722,-28.16044492,-38.12367696,-33.5281879,-37.81410863,-45.75224319,-45.62298269,-40.47677453,-32.16414473,-31.59452425,-46.01126457,-28.12933045,-23.07061848,-45.1413355,-28.37378448,-39.87147144,-38.19614521,-39.71574208,-40.16996347,-48.47885893,-37.41206809,-42.93780508,-37.35417127,-46.32393004,-44.62910839,-30.51530647,-46.16321008,-39.87539288,-16.38971815,-41.32568171,-34.08368172,-42.77250963,-42.26760928,-29.677956,-33.27149196,-47.34322444,-39.37881624,-39.44346694,-33.23958406,-38.52495663,-45.08779457,-24.86777455,-44.0232406,-45.9171632,-39.63036699,-26.97936659,-42.2374841,-16.46242857,-44.91732039,-42.26537661,-38.98256453,-33.51381494,-36.5048879,-46.29174122,-40.41073317,-46.09476686,-41.34745186,-44.20383324,-45.35896859,-14.38260967,-36.01167913,-46.71737833,-48.10137293)
mX=[200,3](0.5350453015,0.3823147906,0.7754368349,0.01730748274,0.2885390368,0.2564217517,0.5757446818,0.006893336393,0.5524750723,0.2388243738,0.6618646424,0.09538874222,0.4962687724,0.8905613074,0.1193949776,0.2686550311,0.4076874266,0.2671768538,0.6671784019,0.04088928644,0.4059257136,0.8683798878,0.5409974758,0.3289318388,0.1439091187,0.9115915134,0.4626872958,0.7145832233,0.4108007712,0.9432031402,0.7978563146,0.9650648453,0.9191588053,0.3491490681,0.5285699857,0.04093129389,0.6102476573,0.5381649918,0.3508846723,0.2701203334,0.2108028765,0.7057845419,0.3335919538,0.7763514047,0.2323775515,0.9123983415,0.2279163211,0.02145033671,0.7411217649,0.10730554,0.4468708934,0.428831819,0.9418341829,0.05388528087,0.3748247917,0.07614966844,0.9638742625,0.00904751465,0.2460000227,0.08262001849,0.3833491038,0.5738184583,0.1780618864,0.1819903826,0.3712173818,0.5015838409,0.9433647777,0.7115412323,0.4114110896,0.7089095316,0.7890627886,0.2750988609,0.3039703616,0.2737654045,0.0049277743,0.4027940658,0.02586803235,0.8203114131,0.9525309773,0.6368781543,0.8791345609,0.6805099981,0.6757896855,0.8957681979,0.6498397998,0.8442023219,0.9990237942,0.1141718619,0.8737381037,0.2011265566,0.02811266928,0.345730034,0.7165981499,0.2551291529,0.7296614943,0.72256173,0.9954766793,0.5619190884,0.8441048855,0.9802371138,0.6964292443,0.07698914756,0.5012804414,0.4698198433,0.06543345085,0.8267196571,0.7657861976,0.5447505355,0.09440509728,0.6492689196,0.5613363335,0.217368814,0.4912254386,0.4836499546,0.2065769289,0.7952944424,0.7999092037,0.9361095005,0.6871612893,0.8373175195,0.06080756368,0.8001867043,0.5970834307,0.7272778018,0.1929484992,0.1029715817,0.8759201526,0.9511603971,0.3070671531,0.1796596996,0.1584790798,0.6375600157,0.2299644157,0.05290413018,0.3377718513,0.6934785537,0.01001604695,0.65964929,0.1652758651,0.9204537763,0.6273476548,0.2818866467,0.5816449139,0.7810538645,0.0497828921,0.3015789261,0.4905993361,0.9025091708,0.9357515446,0.5797381786,0.5660710217,0.3940254753,0.4363342295,0.2910702424,0.188733208,0.8857043953,0.9703332196,0.3267975435,0.1899659416,0.1339201094,0.4821206304,0.807306053,0.3990208479,0.9738096059,0.8610740212,0.8191746723,0.2053932781,0.1478796311,0.5529580517,0.7427369037,0.3726111708,0.3669056721,0.3586859383,0.5231464797,0.7676914988,0.9850478694,0.6947841916,0.5428750924,0.1277510352,0.5893085509,0.4378656313,0.4203043029,0.4743358617,0.4494603205,0.6276842186,0.6687182011,0.8898004577,0.7080337841,0.9202124368,0.1936152444,0.5083914201,0.9884361068,0.1069114499,0.88650669,0.907562085,0.7328347667,0.2322928541,0.7488299441,0.4114023191,0.6188077715,0.8531535858,0.4817341364,0.1683923089,0.2128924691,0.7516125001,0.1306291262,0.03249539034,0.7842152176,0.3696444603,0.2944241034,0.463090414,0.8206147733,0.2496472674,0.3129370236,0.03183532405,0.314184044,0.5949244234,0.9929607659,0.5134830096,0.2441744667,0.4418562074,0.5309629821,0.9244562141,0.5179145381,0.1363415666,0.9625541815,0.6041843232,0.01432956062,0.5818457961,0.3309393087,0.2833578922,0.1230292269,0.818363091,0.1217597411,0.08664559241,0.0690816851,0.4557103652,0.05694904759,0.2947264281,0.7303162231,0.6376926094,0.2625500577,0.6488507064,0.4552086494,0.8338423864,0.9330832339,0.8337156634,0.3187175572,0.1673461909,0.5197897063,0.2554027957,0.342665241,0.1529325676,0.4594297645,0.3669288614,0.7755031251,0.171641093,0.7523116075,0.3521101434,0.4700839657,0.6060275008,0.8972787093,0.1132426575,0.197239929,0.8082589669,0.7524646531,0.8177653452,0.6043204101,0.09786010981,0.6767751648,0.07875670168,0.6535615945,0.422783849,0.6513971181,0.7339110441,0.1508180931,0.3293066657,0.4332402226,0.3804200069,0.03319923436,0.8540168192,0.9793178102,0.4721506501,0.1482466393,0.3999660859,0.8580763136,0.5573910688,0.2269069313,0.6251135471,0.9006229139,0.9526339712,0.8450116051,0.8634975695,0.769036762,0.6799582854,0.5993509167,0.6133952198,0.5272504245,0.08633250611,0.6861290102,0.1161779558,0.6089287467,0.2668117599,0.9960628082,0.6297967164,0.2565920817,9.343898761e-05,0.5878065813,0.2828377494,9.092592293e-05,0.5381757688,0.3207514738,0.9999780883,0.4887740681,0.3924846036,0.9999781517,0.337712614,0.5858833779,0.9999813896,0.6600288783,0.2292659417,9.705051614e-05,0.4672032256,0.3753853079,0.9999698042,0.5900728527,0.2880471803,0.9999780735,0.5436076503,0.477579481,0.000103750092,0.658515553,0.2219484257,9.689277983e-05,0.3010764511,0.5832889017,0.9999788247,0.5475552691,0.3182200425,9.696331279e-05,0.4103889308,0.4112982691,0.9999779888,0.4264382308,0.6459371828,0.9999781866,0.3819779255,0.45207801,0.6545570038,0.6722369193,0.2120938732,0.0001008053476,0.553620949,0.3022460545,9.693170937e-05,0.5666571103,0.4713435291,0.0001063144118,0.284625232,0.5706502839,0.9999781071,0.4986653785,0.3600327779,9.685801957e-05,0.4263480813,0.6184589109,0.9999781334,0.5315391512,0.5349241132,0.9999779963,0.6873676973,0.2078170042,0.9999780942,0.2914502692,0.5458270639,8.88616766e-05,0.6533026998,0.2272387863,9.693005154e-05,0.4952783838,0.3516187506,9.693950169e-05,0.3798370811,0.4335980931,9.678615316e-05,0.498890696,0.5446362388,0.9999780468,0.56690103,0.4251911121,8.830148078e-05,0.5870404581,0.2888181743,9.711428947e-05,0.5255547994,0.4222697445,9.948170599e-05,0.3193295838,0.6206084958,0.9999704137,0.6026501502,0.2820861435,0.9999695704,0.4428935263,0.3916518314,9.688467475e-05,0.3122207516,0.4787569183,9.69115095e-05,0.401003374,0.392851508,0.9999779972,0.6460311728,0.5047443939,0.999982934,0.4753952664,0.6836188534,0.9999780616,0.4365018161,0.5376863544,9.705005203e-05,0.4886086195,0.6444372383,9.708359639e-05,0.6344402488,0.3585094151,0,0.4727902098,0.5108334669,9.714371219e-05,0.2429215534,0.5576156264,0.9999970453,0.5543114613,0.2969183673,9.703786776e-05,0.6389083266,0.4932402733,0.999977991,0.6918841449,0.2041538673,9.693399872e-05,0.4002954436,0.5610229466,9.703894026e-05,0.688287031,0.1888222831,0.9999712785,0.2967033324,0.6410486243,9.779772823e-05,0.4908460763,0.4498222002,0.9999780707,0.7115458578,0.1826465242,0.9999780036,0.6000670251,0.3799632625,0.9999781127,0.4558763474,0.4856753282,0.0001018075876,0.5105995426,0.3203789403,0.0001015200904,0.3004542966,0.6355803443,9.040890915e-05,0.3746764736,0.5278788665,0,0.5341724644,0.5642474016,9.69940429e-05,0.5294352526,0.4176954408,0.9999782756,0.5662400773,0.5739932003,9.072439126e-05,0.3947910954,0.4731203116,9.702236027e-05,0.3902403704,0.5752108045,0.4386763854,0.4932342964,0.3158082831,9.69716495e-05,0.2439254013,0.5372147118,9.700633594e-05,0.3410957094,0.4392254092,0.9999719496,0.3155476476,0.5032768515,0.9999757932,0.6660850367,0.3137183702,0.9999843349,0.684671107,0.4709104531,9.691647563e-05,0.2209702159,0.6132365682,0.711500691,0.4566955722,0.3551070975,8.699699205e-05,0.447910043,0.6851508041,9.25595458e-05,0.6170819403,0.2413238646,0.7202217532,0.5280896364,0.4488376503,9.716024728e-05,0.5420777404,0.5126051939,9.700616198e-05,0.4277374632,0.3707770696,9.696147883e-05,0.6745452315,0.3344006269,0.9999781114,0.4459222224,0.5767173545,9.695136528e-05,0.3686573854,0.5593201181,0.9999870343,0.6763456861,0.6247520176,0.5742492779,0.5710715326,0.400389975,9.702672743e-05,0.4377844421,0.4746225766,9.678866188e-05,0.2436973566,0.6422750232,9.698609716e-05,0.7091204635,0.4773279693,0.9999780148,0.5534232515,0.4951763178,0.9999780821,0.2339170493,0.6004626042,0.7154135452,0.5861309649,0.2594407387,0.7097332485,0.5782420817,0.2649821986,0.8570887934,0.4111024454,0.4081999193,0,0.5554339711,0.593028968,9.507686695e-05,0.4913276578,0.3254277088,0.000108323394,0.2855629453,0.5132296147,9.757991708e-05,0.369402011,0.6238945671,9.712447057e-05,0.4277591214,0.5072816266,0.999968481,0.640162656,0.236499617,0.9999780053,0.6313847925,0.3491766682,0.4243867466,0.5235697172,0.4271359607,9.694988738e-05,0.2845286872,0.8106928244,0.04833963793,0.6809558811,0.1973412852,0.5936926827,0.4446501441,0.537916822,0.8178584948,0.51972954,0.3094993555)
