mCurrentIter=100
mCounterStuck=0
mYPrev=-37.36172428
mParameters.n_iterations=100
mParameters.n_inner_iterations=1000
mParameters.n_init_samples=100
mParameters.n_iter_relearn=1
mParameters.init_method=1
mParameters.surr_name=sGaussianProcessML
mParameters.sigma_s=1
mParameters.noise=1
mParameters.alpha=1
mParameters.beta=1
mParameters.sc_type=SC_MTL
mParameters.l_type=L_EMPIRICAL
mParameters.l_all=0
mParameters.epsilon=0
mParameters.force_jump=5
mParameters.kernel.name=kMaternARD5
mParameters.kernel.hp_mean=[1](1)
mParameters.kernel.hp_std=[1](10)
mParameters.mean.name=mConst
mParameters.mean.coef_mean=[1](1)
mParameters.mean.coef_std=[1](1000)
mParameters.crit_name=cEI
mParameters.crit_params=[0]()
mY=[200](74.88844214,-27.13551499,2915.251318,140.0072578,14.50609239,13.49415166,1226.546853,488.3880081,46.163037,-16.27161626,12.13765236,14.98670411,2576.478629,8.545636376,6.66917012,22.91633026,557.6237744,40.05207467,-24.66872584,-8.365973368,-28.05576889,-16.43551011,128.3610391,102.6923948,73.81090553,55.68903438,-15.28455587,-37.44701741,43.57549387,43.04359099,-23.2989947,-31.44465346,214.4553575,6.598066286,-32.14083217,-33.48881955,-0.9141410726,4.623630802,25.83570749,322.1919833,-22.41107826,2008.349007,-29.84115035,-16.16015382,-10.75591844,-32.74084339,42.79875282,-27.83281314,2707.154958,-9.586013759,2.131496827,6.755797086,3.768865292,126.6172771,-39.3419319,24.76536771,-34.27465849,2991.211898,30.3971469,-23.46660508,678.5265496,-6.719812588,-11.78236091,19.19116003,-7.770024515,-23.09969007,-9.355467624,21.1610526,-28.35906692,639.376228,10.25905886,-31.04432519,28.84582589,16.64517004,-41.53957651,26.63636816,-34.33059977,8.902314713,123.6346161,21.4711837,-20.277623,-23.78908666,-24.62210385,11.29971084,-11.55671647,-17.90864437,-32.94908908,-13.68616136,-35.64190348,20.3134488,3.624524171,12.17594057,-29.64287693,1025.616644,49.86803319,20.42829552,-11.7467811,1793.841219,22.99003864,-37.79439847,-33.77881668,-36.87428375,-41.39678239,-37.19227976,-38.27733393,-31.38314136,-24.29068279,-24.58237666,-34.85590497,-35.11563013,-28.92398847,-34.53445864,-25.79132443,-23.91199135,-28.39704905,-33.98493436,-33.09415271,-30.53046358,-32.53610479,-32.32429142,-31.40556138,-34.79736988,-29.27290736,-25.7481414,-23.38629862,-38.55349851,-29.97539721,-29.42922157,-41.23754065,-26.9067559,-32.28027544,-37.53989288,-36.90863806,-25.68679523,-24.09469068,-33.25291504,-25.30967469,-38.06395213,-34.34738611,-23.70805031,-39.84539786,-23.64354206,-45.0956694,-25.83394628,-28.02403175,-37.99865483,-32.77013959,-26.53170231,-22.26409308,-28.0530565,-39.96632739,-24.28928345,-30.55534342,-38.51620908,-21.50918316,-18.87298401,-33.66289683,-32.52233322,-34.72195965,-12.37499343,-37.89511322,-27.09072616,-27.54100552,-35.99611016,-22.15708358,-33.61408528,-40.00634972,-36.61765756,-38.67791369,-39.54094099,-41.35998437,-38.82244239,-33.24827966,-23.61832729,-20.40610243,-25.80506073,-22.57614318,-22.86757304,-39.35802011,-34.32226593,-39.17838265,-25.68364427,-37.85670487,-27.37495032,-29.73827677,-12.19837866,-32.87760608,-29.22741263,-33.60292955,-41.23021774,-30.95711187,-33.35862129,-41.78074527,-27.77501624,3.175709616,-28.19134173,-16.4607924,-35.65269421,-33.47190028,-37.36172428)
mX=[200,3](0.3864941354,0.1024781954,0.3988703712,0.5684878839,0.7043984576,0.3316070303,0.1583602147,0.0004883125424,0.07965084431,0.1886732749,0.05177555286,0.3873303601,0.01788965347,0.2106986507,0.9250816846,0.7342874457,0.9224541016,0.5033665906,0.8305123786,0.1888415098,0.1356710419,0.8612867517,0.1271876191,0.2659985333,0.1422598313,0.2211310346,0.3625986781,0.6884901589,0.131687305,0.6021146724,0.2095116106,0.7336168194,0.7931350378,0.09910158431,0.6000666753,0.8671628466,0.912229432,0.0258279606,0.1021087361,0.1146230506,0.8173105756,0.05668150496,0.9256866362,0.4862837435,0.8714391563,0.5775603348,0.5597795128,0.9397998713,0.4621961062,0.2339842038,0.1705743012,0.6144316205,0.9460838958,0.8279271549,0.6319011923,0.6372834385,0.5942274221,0.03190472184,0.6432440264,0.6956427132,0.7631823468,0.7261670705,0.244362796,0.7795135072,0.7922696502,0.1852786509,0.2543427634,0.8910074908,0.03010427679,0.8099464762,0.4150961824,0.158308045,0.3704303297,0.3861944125,0.2187412188,0.4000492215,0.9058060561,0.9824517235,0.2691940725,0.7709454819,0.1601194236,0.6724559159,0.4633310493,0.5586600968,0.62130374,0.9833662883,0.8334160167,0.04309317304,0.6879175151,0.9931651233,0.4984434914,0.2013521139,0.6809038679,0.4843784843,0.2698907036,0.4910587411,0.5227926009,0.1120650312,0.3237545383,0.747839549,0.8232356075,0.7001553368,0.9455482259,0.3704661019,0.5472182325,0.1704899118,0.626666221,0.4005269162,0.2961595469,0.7652674361,0.653410494,0.1981492359,0.4342130432,0.8543466262,0.05928076191,0.8490694605,0.7831027513,0.9300134569,0.154754198,0.2914158628,0.5457881731,0.1749634342,0.6284511629,0.3110838321,0.1453647443,0.08986266945,0.3546131242,0.2891673362,0.661620002,0.06829518585,0.7530002069,0.4352966151,0.136523411,0.5231020894,0.7389180992,0.531332295,0.6110113767,0.4756386176,0.3083882844,0.8311489431,0.9413525126,0.6048005115,0.4097540151,0.67824985,0.5032701402,0.01462812477,0.09288591029,0.4288322512,0.03062338525,0.7767627057,0.6630636367,0.8699707532,0.1906851925,0.5505304498,0.09037082866,0.8869400362,0.272340126,0.7441383907,0.7168126702,0.8105624392,0.6702261102,0.02603699294,0.4345217012,0.3985949505,0.4588667404,0.9864049311,0.3345982015,0.9750603361,0.4578886693,0.5795298424,0.3558006538,0.7908381552,0.07238264628,0.04325174667,0.7033311407,0.994261358,0.3467786927,0.07668251551,0.1613831271,0.5371413372,0.9544221404,0.04876963688,0.2756637204,0.3421719485,0.2562420901,0.8188985826,0.8761476549,0.498842736,0.7665278966,0.5823203743,0.8719890232,0.0667941696,0.7118387363,0.3022347184,0.8030551707,0.9728798923,0.3470847281,0.4644253027,0.286694442,0.7806655616,0.1125832957,0.5934331662,0.9668725061,0.2028093874,0.5100093887,0.311896755,0.4441354104,0.2439602117,0.9337146736,0.0164719965,0.1697795474,0.8825285451,0.5262099999,0.4100266205,0.5882303623,0.5676297973,0.3299202798,0.9151735961,0.7495636471,0.6934811557,0.5611462866,0.910923864,0.7529974727,0.5093180587,0.4833505338,0.9989977523,0.971320793,0.517900865,0.8945737058,0.5473516714,0.5718170041,0.8217093119,0.6533923381,0.8442734454,0.8441685122,0.2919893905,0.252584488,0.2369820589,0.2791178656,0.9564799472,0.2105193269,0.3596707377,0.7252632578,0.009602472999,0.5199097404,0.2854895561,0.4773116688,0.7185971531,0.3711713176,0.08463091271,0.4443507477,0.8900105797,0.3386329039,0.08668591149,0.5886812968,0.02866317311,0.4507317954,0.3192446441,0.129331004,0.3237637041,0.6115117073,0.8871208643,0.2453469281,0.7509910696,0.9067160215,0.4250944739,0.4227562738,0.2266543421,0.1985452236,0.9604477286,0.9648554439,0.5395890131,0.1474055957,0.1083227391,0.8542686274,0.6394995778,0.3937607435,0.6986185778,0.2345590531,0.8516478773,0.06357766593,0.2280328688,0.6429160825,0.4705623061,0.1250663273,0.7202801584,0.6608280474,0.90511887,0.4448547341,0.8000732362,0.3075175245,0.36058097,0.3689118814,0.004773216038,0.7849680923,0.9521167382,0.6412665531,0.6511435264,0.5944257882,0.4113184953,0.9999708735,0.5880994659,0.2572012713,0.9999860143,0.5918618899,0.2553510662,0.9999827576,0.6008370675,0.2496777123,0.9999859009,0.5153278736,0.3151066922,0.8763016929,0.6369912291,0.2252260404,0.9999854838,0.4967500476,0.3314452435,9.710679113e-05,0.4489627314,0.3922744787,0.8647947066,0.6387163335,0.2238309344,0.9999840554,0.5643108363,0.2770910182,0,0.397880827,0.5359098392,0.9999779872,0.4629144066,0.3616303589,0,0.4458552471,0.4801470535,0.1130525283,0.6287277373,0.2398502948,0.2010236216,0.6242488382,0.2404604141,0.9999781163,0.3837485082,0.6100826038,0.6124479104,0.5512049669,0.2870383154,9.714439085e-05,0.4192209532,0.5935546754,0.9999781006,0.6768917704,0.2018116145,0.9164434905,0.449185887,0.3778116965,0.0001058857688,0.4414683251,0.4079231457,0.9999780199,0.6480239142,0.5000011614,9.698937437e-05,0.3344000328,0.5339584396,9.721239067e-05,0.57305469,0.5170360352,0.999977996,0.5143076019,0.6517866552,0.9999736444,0.3201911649,0.5432710232,0.9999779775,0.6703275652,0.2058470964,0.3888387991,0.5732026099,0.2738212805,0.9999894663,0.5443050061,0.2953400181,0.9999781357,0.4971401946,0.4475022113,9.688392768e-05,0.4641158871,0.6256643961,0.283279289,0.4880204388,0.3517143423,9.715312521e-05,0.3939095055,0.4780412275,0.9999779535,0.4641700842,0.5058674268,0.9999779243,0.4188185236,0.3966644226,9.695997667e-05,0.6412259688,0.532337773,0.0001053733641,0.3242669437,0.5748105469,0.999978205,0.3433802965,0.6214981013,9.719470872e-05,0.508140998,0.4472388586,0.9999782225,0.6421083739,0.4429732804,0.9999791861,0.6804832032,0.5595538263,0.5753845419,0.4450929732,0.518423249,0.1812743517,0.6648506377,0.2141796964,1,0.6101093299,0.2340179247,0.9999780026,0.6855245556,0.1957427826,0.06567492399,0.5787211092,0.2909864368,0.9999814771,0.6240623458,0.2265098303,0.9999819517,0.5307398274,0.3086690564,9.724589335e-05,0.5213771328,0.6195447217,9.713590236e-05,0.3089747846,0.7062849257,9.700554932e-05,0.3264978377,0.4869820027,0.9999780837,0.5732107693,0.3932741091,0.9984070543,0.6497969878,0.2191599181,0.2936012201,0.4380798675,0.3870853558,0.9999780918,0.4922117606,0.5087174813,0.9999843293,0.5604093197,0.6714423304,0.9999779751,0.2963180673,0.5375989567,9.73074932e-05,0.5504475589,0.4715947418,9.951502697e-05,0.3294162331,0.6060419423,0.1712937211,0.4794884993,0.5463988315,0.2368637034,0.6693323037,0.2079438687,0.9999782224,0.6180979759,0.331747426,0.5057060652,0.5436513606,0.2807578114,0.9999704535,0.6878946944,0.477342647,0.8039125331,0.4835066821,0.4400114417,0.9999778276,0.3635592123,0.6837980171,0.9999779786,0.4802232723,0.5801299141,0.06959452833,0.5418408637,0.3665229552,0.6234923217,0.3817912346,0.4237478829,0.999600882,0.5558882756,0.267709659,0.3775727823,0.4949428994,0.4947784567,0.7215863003,0.4743751481,0.3401065088,0.3771460736,0.3260816624,0.5647559034,0.9999780112,0.5646798457,0.4111512736,9.903942761e-05,0.4390171839,0.6681289004,0.9999849314,0.6708051589,0.5931860926,0.9994038983,0.7322225381,0.1880138173,9.724371987e-05,0.6677245438,0.5141959227,0.998623982,0.5824792396,0.2472862199,0.3758829004,0.4541272377,0.5429232075,0.189970194,0.5302434076,0.4246983409,0.7764062786,0.3760816716,0.4780178066,0.9406599015,0.321153334,0.6118633084,0.9999779665,0.5473122241,0.498916542,0.4979796929,0.4984373112,0.3282864233,0.007089279069,0.3681129653,0.447913316,9.725472952e-05,0.3380012713,0.7736500334,0.9994109747,0.6712081186,0.3102744508,0.9985705588,0.6841356972,0.1949688523,0.2324145832,0.49386529,0.5786722017,0.5686190311,0.5160652807,0.4514606472,9.629200205e-05,0.300629998,0.5415587953,0.8595788158,0.4188790183,0.3880551768,0.5874280011,0.4240590902,0.5109529334,0.9999784248,0.7043594901,0.4207626783,0.09392943054,0.6245290563,0.2400454351,9.707169986e-05,0.2924183469,0.6399925155,0.9999781317,0.4452567189,0.7332767947,0.7091387964,0.4505697054,0.6037847308,0.3907903981,0.5564359564,0.3950784553,0.542383837,0.5412268473,0.4954659897)
