mCurrentIter=100
mCounterStuck=0
mYPrev=-29.5217537
mParameters.n_iterations=100
mParameters.n_inner_iterations=1000
mParameters.n_init_samples=100
mParameters.n_iter_relearn=1
mParameters.init_method=1
mParameters.surr_name=sGaussianProcessML
mParameters.sigma_s=1
mParameters.noise=1
mParameters.alpha=1
mParameters.beta=1
mParameters.sc_type=SC_MTL
mParameters.l_type=L_EMPIRICAL
mParameters.l_all=0
mParameters.epsilon=0
mParameters.force_jump=5
mParameters.kernel.name=kMaternARD5
mParameters.kernel.hp_mean=[1](1)
mParameters.kernel.hp_std=[1](10)
mParameters.mean.name=mConst
mParameters.mean.coef_mean=[1](1)
mParameters.mean.coef_std=[1](1000)
mParameters.crit_name=cEI
mParameters.crit_params=[0]()
mY=[200](204.7436275,252.7330839,90.08967325,32.33157201,15.15472093,1643.190378,39.66568895,19.89253371,2077.005329,291.749907,574.5589909,-22.2804332,490.252542,-27.35163357,-29.98115455,2.074526085,33.60266815,10.16034723,3.318342606,-6.231491319,2185.00803,152.384718,-23.38169459,63.41137318,57.8443432,285.5616743,32.15458278,-4.354879833,16.49778209,26.9956227,19.50698317,-27.36185559,-23.00046748,-40.65265348,-14.52487574,32.31500208,-25.4327738,-1.250916751,38.36383342,-13.41503909,-29.98102092,29.55476265,84.34503549,2282.765604,-21.23033619,4.117942301,52.56680352,-38.91152899,72.6381505,-29.85555898,23.19720759,788.4260275,2436.742224,-8.442238041,22.12300986,20.66842663,101.9378804,10.79970829,-3.246274059,29.01732396,64.13200071,-20.66812018,9.751739674,9.083976405,27.49572509,-3.010184744,0.05786241776,27.88626881,42.63821575,41.23576259,-3.117746208,-16.89839681,24.59276018,-27.990591,-14.21054584,33.0838198,746.539943,-18.25755099,23.80311191,2.920485044,37.97919226,8.400867248,-12.29874324,48.75381023,174.8387725,982.0307015,42.93689137,5.819456186,-0.3054416345,2712.049944,-33.83813544,24.8177665,76.22226258,-2.779598437,24.25561407,-22.46676957,4.146403993,594.879242,10.31686128,37.10870509,-35.58234217,-29.4167442,-22.35168764,-37.16299849,-18.31120759,-37.90383271,-31.54366132,-37.8976889,-36.66217647,-19.57100766,-28.44428022,-31.43563815,-38.6508306,-33.93411009,-21.18267541,-29.93153312,-41.09397174,-20.96103087,-39.47557999,-12.81833926,-28.20985605,-15.60702617,-36.73924029,-25.98008757,-7.135352659,-37.57042931,-34.19577299,-18.35611371,-11.99639718,-40.04017805,-14.82877039,-34.7902139,-31.42346551,-20.81984332,-12.81280497,-40.2576293,-44.2489251,-28.82139548,-38.37822523,-18.01858254,-25.767532,-31.30820204,-36.35933373,-15.67162651,-29.24844726,7.228607623,-10.00596151,-17.2241442,-38.99460194,-17.67956844,-38.61594146,-13.18602875,-33.00923993,-19.42716347,-39.51178172,-41.70175458,-36.68376684,-21.84636838,-30.12568369,-35.229026,-13.0269324,-23.54788391,-38.68122036,-26.72605119,-40.49990119,-8.875159449,4.825515559,-41.6990928,-27.63397557,-24.07380568,-35.93511181,-7.333151161,-34.9565126,-29.52782528,-39.08697541,-42.95463268,-34.65991336,-26.73123123,-37.09688591,-25.51494643,-32.12901769,-11.60011439,-36.68643376,-27.43934694,-15.74344895,-26.8097674,-39.40502411,-41.89449952,-39.75276826,-10.43056486,-38.52891769,-28.75531533,-26.32177165,-13.45486569,-22.6921516,-36.63677397,-34.88708293,-37.74494515,-37.75874166,-29.5217537)
mX=[200,3](0.4377476303,0.1058455473,0.4851509305,0.5206181997,0.4001373868,0.1350568775,0.08983229185,0.8533282953,0.04676028437,0.637452679,0.6228599481,0.9770341229,0.93030599,0.9231197244,0.5281636367,0.7102950973,0.6097232527,0.0044658018,0.7970555178,0.3894056076,0.3828848842,0.102130434,0.9089877278,0.7095932549,0.2905589681,0.07721228794,0.1788554608,0.7336970953,0.06844916367,0.5183215157,0.06435960902,0.08682313863,0.3290058718,0.8854263226,0.7390793304,0.3762983051,0.3369600698,0.3106189508,0.1563066965,0.7509813563,0.5249494734,0.5413566862,0.7051707056,0.5952985265,0.3936065837,0.9832271166,0.8794028372,0.4194481671,0.4056799765,0.9489381448,0.07957718029,0.8937989038,0.4215279987,0.6135140837,0.1406893768,0.8884042769,0.4527446926,0.2675949418,0.478369846,0.7992686045,0.646625333,0.2925466045,0.02727052225,0.4540658057,0.303017311,0.2364412183,0.4442098131,0.3779454617,0.6393544002,0.3274612629,0.218794532,0.4062362655,0.1727413869,0.009510712964,0.746925978,0.6539987293,0.01248771246,0.5322690225,0.9012560105,0.8433366788,0.9054452076,0.9628793292,0.7883219859,0.5690398686,0.3052489378,0.9667511813,0.4422319081,0.9480817783,0.3691879047,0.6921408166,0.566531173,0.2342098214,0.8277529648,0.1120898328,0.4346022841,0.6560261998,0.1648573846,0.7628394962,0.3396067208,0.1843957009,0.4476442473,0.5032574921,0.3501851036,0.3370175595,0.7284632377,0.3604819445,0.6133890817,0.9894935872,0.243853975,0.5600440163,0.6407162143,0.6250435838,0.6484344165,0.7859470048,0.9246401806,0.03228706325,0.851342775,0.007001487487,0.7410197976,0.1689822492,0.05129999008,0.6953741972,0.2443315572,0.2792514916,0.1320307168,0.9288334345,0.281235691,0.7937680418,0.03100328004,0.484123839,0.1607636506,0.09707716202,0.5442546599,0.7715701532,0.1082887719,0.7637956718,0.5599728213,0.8120094637,0.7828016579,0.3506522378,0.4384180766,0.02359037573,0.4574190793,0.4932807693,0.3123852321,0.1958070936,0.4231314652,0.7789418203,0.5888046878,0.4632941971,0.6748678338,0.2431950166,0.7349443011,0.8650415725,0.2086563287,0.290320683,0.6956267832,0.1455052003,0.1181800486,0.5045891072,0.7263085179,0.6867035268,0.1274349811,0.119286928,0.8970078441,0.2150230117,0.4862516157,0.9469880883,0.9789535398,0.2701242257,0.5818283797,0.3942893603,0.6592807023,0.06922077074,0.8757467872,0.8219188315,0.5748157323,0.6604864185,0.5350568265,0.9679087474,0.09198272913,0.3954357406,0.2167600073,0.19808016,0.7562485776,0.2755095974,0.9552080094,0.46713812,0.7116282293,0.2225558123,0.6778474598,0.8367140485,0.6020333672,0.6387815975,0.9531197268,0.4629339338,0.324628242,0.7595785082,0.2065567747,0.1788554813,0.6649225775,0.5837318942,0.2544344347,0.6005908137,0.4112046793,0.02267344224,0.8091524248,0.4767345488,0.0983462775,0.9917247607,0.8581397815,0.8321790935,0.2044350738,0.07217163416,0.8056336622,0.1932192484,0.9998689891,0.498692754,0.3662517172,0.7454881596,0.7195461509,0.300012519,0.1382193416,0.5067419992,0.2605825929,0.3842397121,0.9165477385,0.8430473933,0.8433034456,0.1851050083,0.3125656386,0.5338528012,0.3486290902,0.6258706835,0.6199575619,0.2612856754,0.8677082984,0.03987794184,0.6889217999,0.1236565084,0.01277995044,0.8158515639,0.9381039356,0.2380293175,0.15833372,0.7671613777,0.8265417055,0.7000732233,0.2558270042,0.0422982672,0.9535621836,0.916876445,0.3746705749,0.410557579,0.1461968891,0.5989352959,0.05994837306,0.3462454295,0.8325805532,0.974902439,0.8846181125,0.4976400876,0.2817826992,0.7755818186,0.1525960194,0.6697369855,0.08903526217,0.2503392007,0.1227064389,0.0550458341,0.3496222226,0.5147936417,0.5924419573,0.9180441811,0.9829774078,0.3579192208,0.6862203159,0.2219596002,0.5555158608,0.8042025677,0.8634327582,0.2803076599,0.5761190869,0.9960738641,0.1836786831,0.5504961582,0.5448194856,0.6769078725,0.4212516162,0.8974819939,0.4731290915,0.518281153,0.5761333087,0.01090601616,0.8127436827,0.9331683649,0.2222975724,0.7277201866,0.04310987499,0.87374004,8.946438174e-05,0.5513322915,0.3192881317,8.695832773e-05,0.5527582355,0.3183063619,8.870358893e-05,0.5615350255,0.3099439886,9.688501356e-05,0.5128215136,0.3587893494,0.0001017071335,0.6112826629,0.2817503427,9.705822987e-05,0.4949954325,0.3935629977,9.699027518e-05,0.6615454257,0.4897385896,0.0001029547214,0.6171637389,0.2817946087,9.682739368e-05,0.4983866759,0.3735468784,9.056023599e-05,0.7631553002,0.2458335005,9.780025838e-05,0.6539822616,0.5329236052,8.807423543e-05,0.5718465064,0.2911913265,0,0.479916123,0.4452567754,9.688613036e-05,0.664752675,0.4015253623,9.688383689e-05,0.525627047,0.3183694432,9.687020551e-05,0.670729582,0.2638621146,9.670644117e-05,0.4518486638,0.4890594754,9.70195274e-05,0.6630459913,0.6057066273,9.697398431e-05,0.5629418352,0.4530374725,9.035558121e-05,0.8042109534,0.2308273895,9.694958395e-05,0.5077948253,0.3414196214,0.9999781009,0.6611366186,0.5022196581,9.857601684e-05,0.4359525812,0.528096289,9.719428657e-05,0.7125739614,0.4200971718,0.0001000160778,0.6194118913,0.269940193,9.670732404e-05,0.550114722,0.5311987874,9.68662442e-05,0.4802116218,0.4185019183,0.8961501087,0.5932802119,0.3177734433,9.70526484e-05,0.6659510496,0.6900553355,9.695768343e-05,0.5797024968,0.4217769797,8.317592256e-05,0.7963407234,0.2261723722,8.987622728e-05,0.5292051972,0.5579386165,9.680083978e-05,0.5163318489,0.3241516954,9.785104929e-05,0.7260584803,0.5081357231,0.999977963,0.6306374661,0.584767402,9.698096333e-05,0.4110841682,0.5208721524,9.898838556e-05,0.4786096791,0.4337556321,9.761564239e-05,0.6656234102,0.356947932,9.707377033e-05,0.5533123122,0.4903686521,9.639746023e-05,0.5290161378,0.7086881607,0.0001064848354,0.6366741559,0.2575860241,0.0001632796513,0.4838120211,0.3866784538,9.861744067e-05,0.4375861134,0.5668591138,0.9252590267,0.5415708512,0.4737794617,9.667266064e-05,0.5790107607,0.5761448833,0.9999780266,0.7534063377,0.7489878865,0.9999779245,0.7178807463,0.4310911959,9.043697986e-05,0.7197641855,0.2402322348,9.672672905e-05,0.4167058602,0.4879275138,0.000104463493,0.5379517213,0.2945195661,9.935169148e-05,0.5721662582,0.4429768506,9.359074751e-05,0.7334158074,0.5896398578,9.668226606e-05,0.4730563731,0.5867592962,9.011657754e-05,0.7905014478,0.3532343527,9.681951399e-05,0.457025075,0.4394944756,9.68317327e-05,0.6007322334,0.3901526132,9.699760672e-05,0.5556264751,0.5044577191,0.7772130635,0.5833536298,0.307390658,9.687805841e-05,0.5004454498,0.3379179708,9.707121908e-05,0.3950172198,0.5327796543,8.223689083e-05,0.8300625966,0.205457447,9.705742924e-05,0.7338420423,0.4631314864,9.67067188e-05,0.5270825324,0.4884993805,5.293703215e-05,0.5431207339,0.6151678865,1.948495841e-05,0.4610604094,0.433988989,0.9999780296,0.6327452599,0.6158279109,9.686277322e-05,0.7318182711,0.7730764051,9.677528474e-05,0.6187212628,0.3701888747,0.7677070456,0.5098915838,0.4942244794,0.0001058718533,0.5759852502,0.2729380941,9.721054198e-05,0.4888048025,0.3606300652,0.0003471847891,0.4666843844,0.7873220245,9.676211913e-05,0.600913256,0.4952960279,9.687164923e-05,0.7028940693,0.2439942849,0.0002044019783,0.4279517551,0.4886378056,9.685348785e-05,0.5592137776,0.4135195252,9.830519125e-05,0.4413402609,0.5945749738,0.8522333582,0.6603802864,0.3415440326,9.694202316e-05,0.5220728669,0.5251573432,0.7544637083,0.7140155247,0.4739755925,9.0607098e-05,0.6826099681,0.3439490101,9.946568947e-05,0.5274652535,0.2989444586,9.036839272e-05,0.52511732,0.4437570594,9.687255221e-05,0.6223642638,0.5553866324,9.709620627e-05,0.8178381216,0.3164387471,0.0004369105434,0.473411669,0.6560647664,9.811824615e-07,0.435862458,0.4586744526,0.6343103427,0.5558467294,0.4104573072,9.702623793e-05,0.6152314238,0.4292731437,0.9520958986,0.7542379524,0.2622372816,9.704468495e-05,0.4919549108,0.529642267,0.0001053938956,0.4789492014,0.3914127752,0.7490646324,0.5088095461,0.5161452139,9.711235762e-05,0.5954683278,0.7069101799,0.001031087087,0.7503409659,0.4405218467,9.717593619e-05,0.5751994177,0.4698758259,9.667889919e-05,0.3901556261,0.549587816,9.683858212e-05,0.6157005219,0.3612723836,9.667645742e-05,0.5009197573,0.5534101364,0.634292613,0.5498019162,0.3103736973)
