mCurrentIter=100
mCounterStuck=0
mYPrev=-24.97561719
mParameters.n_iterations=100
mParameters.n_inner_iterations=1000
mParameters.n_init_samples=100
mParameters.n_iter_relearn=1
mParameters.init_method=1
mParameters.surr_name=sGaussianProcessML
mParameters.sigma_s=1
mParameters.noise=1
mParameters.alpha=1
mParameters.beta=1
mParameters.sc_type=SC_MTL
mParameters.l_type=L_EMPIRICAL
mParameters.l_all=0
mParameters.epsilon=0
mParameters.force_jump=5
mParameters.kernel.name=kMaternARD5
mParameters.kernel.hp_mean=[1](1)
mParameters.kernel.hp_std=[1](10)
mParameters.mean.name=mConst
mParameters.mean.coef_mean=[1](1)
mParameters.mean.coef_std=[1](1000)
mParameters.crit_name=cEI
mParameters.crit_params=[0]()
mY=[200](161.8907118,178.386003,15.58429573,-12.17388819,11.89186198,-25.88874013,23.23804578,9.143953134,-12.49924326,1113.703184,323.4468377,310.9526957,-9.27722868,24.24773224,1638.748529,20.97810896,32.27264567,-18.52527367,-26.92497487,-28.44781007,1.002114862,2052.685914,-29.72234587,-32.53196577,1.174833346,1348.756576,28.42618996,220.0184412,16.37284604,1165.145283,26.95584177,-2.900800529,7.37026486,24.89188672,-24.17899981,500.552695,200.6337917,-28.93748142,26.24708763,48.11901587,2.54370139,53.57993202,327.19026,30.78193362,24.01129517,-2.603366197,291.553423,-19.37591916,36.65779874,1026.543784,-19.50812172,666.670207,32.50291316,-22.36631242,12.05868817,-19.22572012,5.917828651,68.78002339,736.7599888,27.63195604,-7.22931444,-15.27027576,3.118050062,7.374853389,1278.384268,811.2826115,-26.24021187,13.18551889,13.5037562,23.37189358,297.3744249,14.54567534,5.835379392,34.66577759,52.20169173,34.94487457,-12.65072379,0.6586679977,33.90767279,200.0242458,-8.853655051,-7.793201975,184.2443412,8.754359187,-17.96294787,-26.75651309,177.3510842,17.75685856,-29.00091183,18.3989034,-19.58281942,13.33232186,-6.185198936,59.63672784,27.71717428,8.321261493,0.6024347483,10.65840944,959.2734115,-25.86191475,-27.64773664,-16.84265276,-14.97057878,-19.36830921,-17.92091457,-20.08323819,-26.54244984,-30.97485006,-31.16503974,-25.13869648,-18.6048093,-28.84314816,-29.88562873,-19.92625118,-26.13949377,-29.93142033,-21.6211382,-27.5092308,-32.0733787,-14.36880415,-12.18950583,-21.95266521,-24.51237572,-28.22494536,-27.99307511,-27.52148773,-29.65779968,-26.06459124,-24.99041997,-22.91041674,-13.81701332,-31.41814958,-25.30326638,-10.73774292,-25.87232495,-32.80994201,-27.21946297,-28.33697974,-30.63851301,-25.98241348,-16.3141872,-27.53444139,-19.17648427,-6.599443832,-32.15336607,-33.43183972,-23.96926662,-28.2938643,-33.81328902,-23.22682118,-25.84529004,-33.0520676,-24.35467584,-9.179853183,-21.8790219,-26.75805143,-29.36933381,-32.01783195,-16.01929857,-24.43220883,-30.74843032,-30.86984954,-24.20748883,-29.89933456,-15.94711709,-21.39066225,-28.85614294,-24.3500481,-34.22972939,-31.01764399,-29.61636084,-20.69842068,-21.79281048,-30.82337156,-23.46537544,-32.87021724,-16.02239881,-24.62081261,-33.19512577,-26.66634201,-29.1691844,-33.33332939,-31.43243682,-20.94422149,-20.15424899,-18.83849051,-24.80178036,-24.57737596,-28.4204279,-26.6222217,-23.43976942,-28.05561555,-31.7463803,-31.9033423,-28.17648131,-10.82202807,-28.39187253,-29.82735531,-29.26540931,-24.97561719)
mX=[200,3](0.1413961604,0.1348066025,0.3702173015,0.8925237314,0.8185421851,0.02108747441,0.4005995692,0.2336806112,0.9121002606,0.6843727442,0.7560873807,0.3259404317,0.5426018437,0.9044078927,0.1413572542,0.5167891735,0.4246519948,0.4009099586,0.8294305863,0.8423835581,0.7998158817,0.201791697,0.6925786123,0.7731015706,0.7006182765,0.4328033913,0.3835107669,0.5379119125,0.1737673577,0.1525272812,0.3661611744,0.05593518528,0.3602778668,0.4110330791,0.4469879248,0.1129933188,0.2623244382,0.7193491403,0.5707649702,0.1189608541,0.9851928807,0.2566845321,0.06099301281,0.1105986034,0.1390291515,0.6753465218,0.6173048564,0.09736617226,0.9780531805,0.8724772275,0.8639399291,0.1714277921,0.6781791875,0.4468585097,0.5039469671,0.4753277933,0.4115604938,0.7189763015,0.6049750878,0.2306182794,0.8547844721,0.1956003118,0.7804394544,0.6369587406,0.1401963595,0.07979725164,0.2278935028,0.3008712546,0.5345498753,0.3314113606,0.3585136933,0.5422704474,0.5827649824,0.7889979836,0.6113920491,0.3833444278,0.3768139526,0.01205266493,0.6214639748,0.6822150161,0.9216841211,0.7731051123,0.10538513,0.3961879603,0.3208197225,0.4577315085,0.8996126561,0.7528281085,0.7743690702,0.007522909641,0.7954397416,0.8038568991,0.8745742646,0.1059038127,0.7044327738,0.6609816432,0.8349077844,0.2944398275,0.475659215,0.1585071065,0.7916650145,0.8153119113,0.07012031355,0.3327298788,0.6526463211,0.6646998411,0.4939408488,0.0467817219,0.3482162281,0.2457280368,0.2737088126,0.2341621152,0.2713637528,0.5088434883,0.3104343183,0.9777269421,0.3372955427,0.7632720643,0.4662492802,0.2086904554,0.9400659275,0.04746255895,0.7626341996,0.1377705773,0.561278663,0.1064140606,0.5944463736,0.08842871835,0.3468797919,0.04386927204,0.93218238,0.7188809323,0.2470096973,0.9400307373,0.229766322,0.2515614101,0.0780206943,0.7284330057,0.37301775,0.2581896403,0.2471666281,0.2768870962,0.2824118241,0.6934768265,0.7293022155,0.6639583523,0.9787715356,0.860932726,0.3272901694,0.05146908092,0.6933694599,0.6278539893,0.1677605871,0.4200378788,0.03881157037,0.2885066801,0.3911854689,0.991626789,0.4919170799,0.09084417672,0.544860571,0.5913668781,0.6469209404,0.5988185415,0.8575992466,0.5245089321,0.5867589802,0.6423070148,0.08171951757,0.00468883106,0.6783811582,0.917737025,0.1211514941,0.5109590301,0.8148411803,0.4043269482,0.08155746878,0.5699846225,0.5377325494,0.9530691323,0.6055686854,0.7470335806,0.6017967644,0.5533052298,0.7653850957,0.2940382464,0.4729174067,0.8613715243,0.458804937,0.3504403915,0.09940710473,0.8440982817,0.2867028745,0.01060831855,0.2129120231,0.9070667168,0.06016711735,0.2617693703,0.1886188974,0.5734749462,0.5215926589,0.7359086316,0.1576795962,0.5699980019,0.4460812797,0.02587171036,0.8807354232,0.9559482741,0.8366880019,0.8005254065,0.9688235205,0.3992359566,0.1788771409,0.3053108071,0.9237034817,0.4297048344,0.7471654902,0.2156873316,0.8315128502,0.4591853509,0.4889185641,0.9938932262,0.8497056724,0.8960329247,0.9817800757,0.2971675025,0.721356101,0.93087191,0.05168934526,0.2279768771,0.4884108113,0.9364012062,0.1605766329,0.7385555859,0.2112484467,0.9675023929,0.6808039189,0.4881139881,0.5227783381,0.06064368542,0.6537803587,0.3143415291,0.7500549732,0.9244557239,0.6423590404,0.705367564,0.005910255518,0.3679699322,0.1975332322,0.1210925792,0.7306148953,0.7470320055,0.8720216083,0.4179029648,0.6329988478,0.6157271584,0.6553153344,0.3530559474,0.4965578778,0.2031074567,0.3146152195,0.9951906974,0.2672519735,0.9097717533,0.03836005114,0.513900463,0.4351233222,0.1691506339,0.6320568046,0.1283369557,0.01775553916,0.5591315505,0.6236811374,0.4682619744,0.8842783019,0.5550523085,0.7881067161,0.8203679383,0.3075615267,0.02392359723,0.9542287102,0.946526026,0.4391138387,0.185790288,0.9694953077,0.9804579792,0.8559701689,0.5863654216,0.5725921151,0.347695895,0.8243073951,0.1924424755,0.9113637022,0.1856003957,0.8013168996,0.382933463,0.03945277472,0.885907966,0.5007093936,0.4672792344,9.318078234e-05,0.6222676888,0.2817455846,8.170951305e-05,0.6238779425,0.2811485616,0.07784247287,0.6243504876,0.280503122,0.3560588851,0.6121431791,0.2886008439,0.1922024341,0.672098979,0.248665289,0.005519099495,0.5495247582,0.3461466283,0.999987272,0.6440454573,0.274845202,9.778185736e-05,0.4442244064,0.4876804956,0.791120699,0.5765484122,0.3265343276,9.708836373e-05,0.5502531238,0.3474935969,0.9999779882,0.4620643471,0.5339518894,0.9595159959,0.6706806277,0.2574058062,9.692274114e-05,0.4306949795,0.4652332311,0.005510016348,0.6758469618,0.244727627,0.9962590842,0.5550960213,0.3552995256,9.697748763e-05,0.3923353843,0.5797452495,9.703574707e-05,0.5105894392,0.3688225787,0.9999781079,0.5887876387,0.4708230194,9.72486043e-05,0.4327917456,0.5011580309,9.700975297e-05,0.4410820756,0.7192158604,0.9999780994,0.40219329,0.58503993,0.5196204505,0.6604107973,0.2505936324,0.4209938708,0.6582675011,0.2506757288,0.6094226186,0.570620398,0.3121691041,0.0001059462956,0.4399398557,0.4413116671,0.000105609729,0.3158473532,0.6170096067,9.697522535e-05,0.4474654023,0.5344058631,9.695592115e-05,0.6090965088,0.4211960474,0.9417071906,0.4547502206,0.4641087178,0.1716840468,0.6693436328,0.2472613674,0.0001060079936,0.6677244163,0.249699438,0.7437813342,0.5468841907,0.3457220673,9.70029276e-05,0.462082599,0.4100138689,0.9999780065,0.4589566085,0.7117641849,0.9999773678,0.5764557548,0.5269156064,9.689027064e-05,0.4247777753,0.5567727017,9.707293403e-05,0.5758771444,0.4994949786,0.999977992,0.61299827,0.4136759356,0.6736048014,0.4351487396,0.5092884648,9.536558556e-05,0.2809453596,0.6455697021,0.3760329022,0.675562038,0.2376724649,9.778467348e-05,0.4365285208,0.6005117718,0.3787195091,0.5635130369,0.312311849,0.9999785361,0.3276857345,0.6280524153,9.70839358e-05,0.4138817653,0.4786562241,0.79863917,0.5133131042,0.4123356564,9.698645959e-05,0.5921907258,0.4867533361,0.8136560595,0.5251405753,0.561517966,0.5656171689,0.4284200021,0.4792117983,9.684123848e-05,0.6689376245,0.3798833565,9.71042616e-05,0.496700236,0.3816062697,9.694565238e-05,0.3984909227,0.5403767639,0.9999780416,0.6366212874,0.2721783943,9.767433949e-05,0.4312538518,0.7506543684,0.9999780558,0.6676591987,0.4605108329,0.8486952628,0.5219141943,0.3884766901,9.709500132e-05,0.5092916656,0.5323452317,0.5480601596,0.4319563743,0.470117685,9.627596296e-05,0.2516582163,0.7132686096,9.709312208e-05,0.4476011541,0.6291056276,9.698068227e-05,0.4222725271,0.4510553323,0.639036774,0.4074247185,0.5411285028,0.3143494054,0.5967584446,0.275616866,0.4047233743,0.5361317346,0.4550551056,9.964254639e-05,0.687605536,0.2386457747,0.5017963808,0.5595122296,0.3171656442,8.985800957e-05,0.3407048756,0.5730045542,0.9728830226,0.5594300348,0.5783952707,0.3808830187,0.5014396945,0.503264426,9.707151114e-05,0.3911949024,0.5076253924,0.4921666881,0.5376566162,0.4262169005,9.687095499e-05,0.6304238961,0.5235200916,0.9999804344,0.6843031704,0.2540549329,0.6574771708,0.4168285333,0.5359957754,0.9999779713,0.6600502905,0.3768897017,0.6415327633,0.4455987023,0.444722747,0.04031595439,0.5700497202,0.3084239404,9.706043545e-05,0.4576378459,0.6333471484,0.3546983829,0.4919594973,0.5320803203,9.686431178e-05,0.447227714,0.4335744201,0.5019767445,0.3439512998,0.5928087793,0.5727561416,0.5285251701,0.4719028193,9.776528502e-05,0.3842670442,0.5265349908,0.7003601243,0.5178527405,0.3704605823,0.9221831607,0.4996600003,0.6401211235,9.696061133e-05,0.7116655974,0.3445950459,0.8674358544,0.6654476983,0.2530465548,9.917821904e-05,0.262001468,0.6333523743,9.107366073e-05,0.4846207544,0.5566406086,0.6593503951,0.4105200138,0.5003694358,0.9016766017,0.6508076725,0.5086420919,0.1613533786,0.5604627735,0.4347364232,0.5056791661,0.3951991831,0.5725174826,0.4487145922,0.5024148719,0.5069009157,9.708918402e-05,0.3889225598,0.4751435029,9.647085433e-05,0.27391854,0.7542744723,9.703736705e-05,0.3392802913,0.5781110187,0.542187843,0.6154310528,0.2634874049,0.2895728673,0.5160731304,0.5621782317,0.315221248,0.5071117585,0.3668085494)
