mCurrentIter=50
mCounterStuck=0
mYPrev=-2.818292899e+19
mParameters.n_iterations=50
mParameters.n_inner_iterations=1000
mParameters.n_init_samples=50
mParameters.n_iter_relearn=1
mParameters.init_method=1
mParameters.surr_name=sGaussianProcessML
mParameters.sigma_s=1
mParameters.noise=1
mParameters.alpha=1
mParameters.beta=1
mParameters.sc_type=SC_MTL
mParameters.l_type=L_EMPIRICAL
mParameters.l_all=0
mParameters.epsilon=0
mParameters.force_jump=5
mParameters.kernel.name=kMaternARD5
mParameters.kernel.hp_mean=[1](1)
mParameters.kernel.hp_std=[1](10)
mParameters.mean.name=mConst
mParameters.mean.coef_mean=[1](1)
mParameters.mean.coef_std=[1](1000)
mParameters.crit_name=cEI
mParameters.crit_params=[0]()
mY=[100](-32719267.09,-7.38786975e+11,-1.211377855e+20,-1.237035388e+20,-8.924427744e+19,-6.951709343e+20,-1.789491351e+18,-4.06108532e+18,-2.706982489e+18,-1.62986717e+14,-5.066622001e+18,-2.460310098e+18,-7.341752334e+16,-3.486660847e+19,-1.026560542e+14,-5.215050797e+19,-3.267315128e+20,-8.072256623e+18,-1.307608378e+19,-1.236557636e+20,-8.205533149e+19,-2.760867664e+18,-1.34298199e+18,-4.627883527e+19,-2.778711728e+17,-3.457216616e+20,-8.638725435e+16,-1.405680086e+19,-4.358559512e+20,-3.147021138e+18,-1.013038157e+21,-1.056143973e+19,-4.278325548e+20,-6.723151987e+20,-1.116021785e+16,-1.399269755e+18,-2.835380506e+20,-1.310146136e+14,-1.298359124e+18,-4.612953907e+17,-143138768.5,-5.803354715e+18,-1.553564756e+20,-4.272535885e+18,-2.707217272e+20,-1.233188333e+19,-1.328952379e+18,-1.382234423e+19,-1.699406161e+13,-4.551181829e+17,-2.849777205e+20,-1.578374315e+20,-4.30784055e+20,-2.233467957e+21,-1.625172614e+20,-5.033318644e+19,-1.333725373e+20,-4.605181923e-14,-239791.2825,-3.898003363e+16,-1.054509035e+18,-2.002351224e+19,-3.314000274e-07,-3668.273541,-6.535966053e+19,-1.490747708e+17,-5.19131187e+17,-2.947354243e+19,-3.459482758e+17,-4.734035697e+16,-1.479853238e+18,-1.839916498e+15,-8.562172657e+15,-2.222758638e+18,-3.506414631e+19,-9.486068499e+16,-9.660943635e+19,-5.615561081e+20,-9.619782855e+15,-9.471489667e+12,-1.441594941e+18,-5.147703664e+17,-3.729649247e+17,-2.905322356e+19,-3.897930173e+20,-5.453366787e+17,-3.364169618e+17,-4.583658607e+17,-3.7932865e+19,-3.462449946e+18,-9.396754094e+19,-8.287995601e+18,-4.92075998e+17,-8.130534307e+15,-7.380092505e+19,-9.008555294e+16,-3.595084867e+19,-1.73604916e+12,-4.528500822e+17,-2.818292899e+19)
mX=[100,3](0.1884049446,0.07584208924,6.149099674e-05,0.0959338248,0.2309635052,0.04956543873,0.524719635,0.6617980887,0.8023105777,0.6145707242,0.6539087681,0.73340283,0.2678433648,0.5466447176,0.6657219754,0.6526280933,0.9310329492,0.4364898504,0.753642538,0.4119768924,0.4640063314,0.9425963143,0.7739571586,0.943527997,0.3726620315,0.2830237547,0.3843196478,0.5016251526,0.03100490354,0.37471013,0.8336740384,0.3662768261,0.855087453,0.3003700039,0.4980414357,0.1958176896,0.2140776401,0.3856223636,0.2584281707,0.581605958,0.593442072,0.2698115659,0.3473508939,0.3323815287,0.1683085435,0.6642471884,0.4228832696,0.911172455,0.3814681971,0.4776582861,0.8292430084,0.4259339871,0.7552770025,0.3450812805,0.07324283425,0.6943677437,0.9627090993,0.5758681935,0.8982366701,0.5176054123,0.8766384828,0.8158485784,0.1210325234,0.01840082561,0.2109495416,0.5480653784,0.7841774764,0.2524402138,0.5301111309,0.8823137006,0.9757755769,0.6052357755,0.03336248517,0.7381756716,0.9915059851,0.7710062847,0.6348339563,0.2281792661,0.5470365616,0.1252659093,0.4028809184,0.1126549904,0.8263931907,0.4985058567,0.4183568154,0.05585390129,0.8698911512,0.05116368092,0.7842273275,0.4478036804,0.4916040814,0.2685035967,0.92068456,0.4743058166,0.7109597357,0.2104156586,0.3355967107,0.1175953382,0.6255856137,0.620207519,0.9137296543,0.2847129426,0.721262113,0.456956093,0.1129321374,0.292341373,0.9866696043,0.08923593446,0.2489891839,0.3036406758,0.7565191823,0.9996274084,0.1643083735,0.7616079268,0.4507777683,0.8638812024,0.1523748005,0.8064647012,0.5115569812,0.0386236822,0.1328870759,0.08454442549,0.07939720668,0.1666765768,0.8591087691,0.5669832937,0.2329119886,0.3501011707,0.6911263069,0.9384453486,0.6183464586,0.3003382207,0.1435664739,0.5283756333,0.7873849542,0.978214178,0.5723764463,0.5902988266,0.850731234,0.1905498957,0.8874305351,0.6859093517,0.9414606135,0.7190518704,0.9064998415,0.1489167771,0.3348631347,0.7021677257,0.0132962153,0.6489952666,0.4668318799,0.2307588305,0.999973606,0.2645895869,8.426097762e-05,0.9999781657,0.5596905372,8.726463844e-05,1,0.5002438913,0.1247995407,0.7784910267,0.5172521703,0.05969857806,0.7341549148,0.4974338718,0.01603779541,0.7467857941,0.5000510954,0.1393240222,0.8140621742,1,0,0,0.5718630527,0.04584443733,0,0.375,1,1,1,1,0.01859576765,0.6449542771,1,0,1,0.02596299409,0.04861075505,0.6042892476,6.193842932e-18,2.220446049e-16,0.540487133,0.07023984467,0.7779000268,0.9982479201,0.9808774154,0.9963117843,0.6068718761,0.9689776212,1,0.0001823837889,0.1254047967,0.7822916932,0.997832498,0.9816410915,0.9963108052,0,1,1,0.3776546071,0.9711454842,1,0.01830582616,0.948936532,1.540743956e-32,0,1,0,0,1,0,0.375,1,0,1,1,1,0.0004029909981,0.1237449263,0.7792504591,0.5465549431,0.1236512314,0.7969865082,0.007040723583,1,1,1,0.1231784737,0.7793312284,0.526169315,1,1,1,1,0,1,1,1.734723476e-18,0,0.1245642154,0.7776595391,0.480613447,0.1254752277,0.7742106505,1,1,0.5,0.7300457229,0.9583333333,1,0.2730757901,1,1,0,0.1234818636,0.7787668202,0.3410841779,1,0.6085135883,1,1,0.02859547921,1,1,0.5,0.2795422547,1,7.703719778e-34,6.938893904e-18,1,0,0,0.1241385346,0.778730247,0.2372684587,1,0.4947627155,0.6460379261,1,0,1,0.1239447945,0.7785863135,1,1,3.469446952e-18,0.6460379261,1,1.110223025e-16)
