mCurrentIter=100
mCounterStuck=1
mYPrev=-42.88093678
mParameters.n_iterations=100
mParameters.n_inner_iterations=1000
mParameters.n_init_samples=100
mParameters.n_iter_relearn=1
mParameters.init_method=1
mParameters.surr_name=sGaussianProcessML
mParameters.sigma_s=1
mParameters.noise=1
mParameters.alpha=1
mParameters.beta=1
mParameters.sc_type=SC_MTL
mParameters.l_type=L_EMPIRICAL
mParameters.l_all=0
mParameters.epsilon=0
mParameters.force_jump=5
mParameters.kernel.name=kMaternARD5
mParameters.kernel.hp_mean=[1](1)
mParameters.kernel.hp_std=[1](10)
mParameters.mean.name=mConst
mParameters.mean.coef_mean=[1](1)
mParameters.mean.coef_std=[1](1000)
mParameters.crit_name=cEI
mParameters.crit_params=[0]()
mY=[200](4.252615097,130.3446413,28.2790697,55.03342279,-9.360442711,-1.641060456,328.8702302,1922.800128,-6.694993719,19.1155703,-35.07549525,13.76606229,-20.1876315,-22.70620662,32.89012963,-33.37189188,-40.37138969,-13.50276356,-41.97318826,631.3851673,-9.050442386,104.4422556,22.20871011,12.61620058,-40.91704818,-23.4784341,1239.787462,31.80307131,-36.34951971,1048.451496,685.1534191,173.2658752,-44.38993767,-27.12250344,19.34607958,-44.75148706,-29.00488573,266.1399889,22.58964538,-36.7576585,838.1285887,24.63560347,-39.06698806,20.11163539,-23.94592172,-2.898948586,-36.18528009,-17.72451274,-2.144933901,-14.46494848,4.988631846,631.072222,-45.98683806,102.3993782,-23.09266241,-16.78746326,-6.813047494,-8.15152823,-0.485869298,16.82064319,-17.02635888,-9.628709457,26.7590015,-12.72687662,27.04211641,-41.18086344,1.790156467,-42.63883127,-2.035099724,7.731886279,-14.20790227,16.9671529,-25.55829799,-4.961207592,-38.72565515,7.483523929,197.3172199,-33.32862668,587.3676827,5.231350095,9.345864047,12.18876603,52.95842442,0.768425666,-12.87479081,812.963786,20.65623626,-25.59593499,23.61505524,31.23180184,23.03538049,5.914429244,32.01738412,390.8801007,-12.66125246,546.172125,-28.04346894,-37.52935939,107.6022447,-29.63197064,-40.95734882,-35.31418555,-47.48297325,-37.69522382,-44.69511334,-41.684743,-43.96160142,-46.78352013,-25.70000554,-41.5874351,-42.20675191,-41.06324925,-47.51100052,-37.55106459,-46.6146768,-42.38500412,-36.93244389,-45.00650585,-38.56537357,-36.58820614,-41.69973105,-49.64418912,-44.44374338,-43.67426554,-31.69209683,-39.24290208,-40.06614933,-46.08094732,-36.2207931,-36.79814081,-36.69199448,-46.67551354,-44.04744932,-39.74556553,-43.19674588,-35.15853825,-36.09051002,-44.21637449,-38.38648969,-37.84196462,-43.78872149,-40.23450574,-37.10295855,-45.52727962,-43.88872268,-40.09848045,-44.09356667,-43.77061803,-36.06202512,-49.79372047,-43.59040434,-31.34806742,-45.90443027,-45.99683955,-31.1396531,-36.03068342,-45.17626331,-46.02499687,-37.24783074,-31.69400531,-44.96169589,-46.16524156,-50.21901201,-45.90952045,-36.68915707,-41.30452376,-38.61373766,-43.85092011,-47.65973285,-41.19411689,-44.80409577,-40.81904388,-42.22973104,-43.02626332,-33.49953207,-35.64563478,-46.96130181,-39.55198985,-45.83114642,-41.54199456,-44.29265025,-46.44717619,-35.05305215,-29.73041925,-34.87126638,-41.95938646,-46.82468966,-44.88042409,-38.52151792,-43.8684671,-42.08996064,-43.68060824,-44.0806031,-42.34697757,-47.2898921,-30.09284157,-46.30914573,-29.74129335,-42.26362639,-42.88093678)
mX=[200,3](0.2817618043,0.5626022073,0.8306501277,0.7526064701,0.2829676346,0.2432830512,0.2285086251,0.6115578843,0.9520732029,0.6692448378,0.9716097692,0.9631330219,0.9432698761,0.5716581967,0.7875468681,0.5511656435,0.3922310509,0.2541866415,0.21489946,0.3688569509,0.124592555,0.1000070617,0.2112629973,0.04000693383,0.9581032445,0.2225506402,0.4154320489,0.3210905703,0.9622633337,0.2662289502,0.5482429402,0.1375716007,0.5640889791,0.7734035262,0.02722428664,0.4522788569,0.4808602302,0.1093028945,0.7742696457,0.02790231699,0.7342501504,0.2712358045,0.9673475872,0.8767894052,0.8969669425,0.5234046299,0.4302854771,0.6467355814,0.8747121456,0.6332078547,0.3449124119,0.4393931689,0.2551341543,0.8040367152,0.7997456957,0.5570403329,0.3029305188,0.9054570382,0.5406728336,0.01274491829,0.4073357251,0.3228292346,0.818676957,0.6144078655,0.4242696066,0.1771081569,0.518799993,0.04529416637,0.9881394649,0.4560015584,0.8922669578,0.5462164748,0.1711310458,0.3887342544,0.57595783,0.4699135999,0.1808451015,0.7521896421,0.7864065626,0.4733918752,0.00614477572,0.4159202744,0.5873079597,0.09020995004,0.6475280523,0.6540955719,0.3668992059,0.9787603733,0.01414026638,0.1941196838,0.7269850256,0.332503489,0.08539897249,0.6020131287,0.3727771392,0.1423555766,0.3748943722,0.4655123775,0.5226039392,0.1930583585,0.6825489805,0.3854481186,0.1367740421,0.887511943,0.6920802769,0.9355443686,0.4971484081,0.3382578212,0.8232873821,0.7211921001,0.4339788865,0.2407123463,0.05115779046,0.2976460708,0.8913813569,0.6621251669,0.9397517868,0.06880844799,0.4192428106,0.6022988842,0.001696116419,0.1653843988,0.1690089174,0.5962306466,0.2723634673,0.3155939332,0.07671407446,0.513618196,0.3977112737,0.7649542216,0.9594067233,0.3202042911,0.9992736938,0.09311397589,0.7486829777,0.3608771689,0.837996793,0.4411376699,0.3413365939,0.6021856379,0.4854383177,0.5316321023,0.6741321401,0.6263038942,0.4784971689,0.2916576666,0.8612467652,0.1530046929,0.4484212777,0.7612278993,0.1824825854,0.2678879816,0.3592925658,0.2574566599,0.1176876852,0.2069739451,0.8670067014,0.4513687049,0.4254569758,0.6549191803,0.5305382735,0.06255013012,0.2361574282,0.08565036201,0.5061827201,0.6242044051,0.1522498331,0.7941226268,0.6706897338,0.7961265283,0.1189612902,0.3512114173,0.0749968249,0.8420566455,0.8034874643,0.8614839348,0.2869792091,0.4295238664,0.9410197269,0.5153817618,0.9874792319,0.7143918974,0.6308038074,0.3851006452,0.8248057115,0.2181764109,0.8588073789,0.9859790048,0.5331108807,0.309005047,0.7837219582,0.4040805688,0.8408421973,0.7699207671,0.9133040304,0.5652048816,0.2415930714,0.5964915598,0.4436818305,0.2090383526,0.8885069896,0.3366721358,0.3019832267,0.5551705593,0.5739126171,0.1431369368,0.8729627872,0.7156056223,0.816628447,0.7170350919,0.2641140804,0.7734484523,0.1320940258,0.6395494693,0.9062693393,0.6548463479,0.8137670481,0.239176266,0.739117058,0.2072166262,0.8403888085,0.1056589317,0.8374993167,0.3105905514,0.4776179828,0.05751396221,0.002032135087,0.9201177743,0.6908356717,0.508270438,0.05227448465,0.3922341122,0.4074905879,0.6638725281,0.5826123296,0.1708851099,0.1844563707,0.8886510004,0.6928200205,0.8236300218,0.2918928869,0.9306758337,0.2379996885,0.3187084933,0.6423580534,0.8584242028,0.04484746928,0.8536205699,0.9963522411,0.01427862494,0.7497291611,0.6894236512,0.708365035,0.8064176783,0.226009708,0.09135016693,0.1957836135,0.1578396838,0.2720943227,0.910439098,0.6764980189,0.1469355994,0.3528857352,0.3700390305,0.9255617875,0.4803830456,0.9798461965,0.03593875027,0.7567411803,0.9073162275,0.160165631,0.5222222463,0.9407144089,0.4901213073,0.0305611403,0.4602438712,0.08369312647,0.9967136814,0.5839803224,0.5047160138,0.9261764486,0.0209468768,0.1181902542,0.7067757949,0.6117074344,0.7306004067,0.340944555,0.07778012042,0.1215309278,0.06329176401,0.7208718418,0.7489355109,0.5972064077,0.4913171416,0.6802559311,0.6292027656,0.0317786952,0.9168237384,0.1242350174,0.7057324481,0.8775022842,0.6288973797,0.2666237132,0.5564504474,0.626760361,0.2692295926,0.9999777907,0.450451476,0.429753769,0.4301023006,0.6241157118,0.2735465322,0.05579531769,0.4108069197,0.4596337485,0.9999851242,0.6251871545,0.274056612,0.9999781118,0.3687806208,0.5037936966,0.9872636039,0.509307817,0.3716347716,0.05279245502,0.630373087,0.2694205865,9.710193608e-05,0.3786465317,0.4763200035,0.3921335762,0.5112156952,0.3669418227,0.999978144,0.3115366373,0.5434408899,0.9999780845,0.4562742829,0.4231547135,0.9999809973,0.6523672069,0.239032039,0.9999779988,0.543109721,0.3331660912,9.699866807e-05,0.3011578082,0.513590141,9.691525404e-05,0.4946413699,0.399104282,0.9999781563,0.4121676597,0.4861888128,0.9999781525,0.2662935216,0.6087289778,9.670866653e-05,0.2222323178,0.6202368773,0.9999972011,0.652675281,0.2402529983,0.9999780102,0.4999021653,0.3765647084,0.9999781145,0.462982459,0.544900142,0.2517083212,0.3943980047,0.4638633218,0.122422003,0.6548889125,0.242902107,0.2406518534,0.5560069867,0.3276156863,0.9999780226,0.2925361715,0.5219055509,0.9999780063,0.4581920464,0.4191421152,9.701267117e-05,0.2983705167,0.515639386,0.9999742026,0.6558467553,0.2347762766,0.9999781455,0.3253220701,0.646355497,0.9999774166,0.5581519835,0.3175721775,0.9999782287,0.5014920937,0.5342641879,9.710823084e-05,0.4802688357,0.4581062389,0.9999780723,0.406120327,0.4447474881,9.703687168e-05,0.2448337912,0.6453581526,0.2912244363,0.5520295072,0.3262131846,0.9999780093,0.49554042,0.3852434389,0.9999780425,0.2584818471,0.5471120142,9.70646823e-05,0.4907050218,0.53485441,0.5861350704,0.3740476318,0.4636478637,0.9999782199,0.4638953376,0.6013261148,0.9999760532,0.6567897533,0.2346097821,0.9999775057,0.5274806756,0.4543815138,0.9999753116,0.5721442962,0.3041895975,9.700563422e-05,0.2729917063,0.5420635674,0.3662151468,0.4675763047,0.4043771403,0.9999780816,0.3595912158,0.4910118442,0.9999778226,0.1918342481,0.6118776046,0.9999780294,0.5236289307,0.3480395324,0.9999781781,0.391758156,0.5698530146,0.2692747259,0.6650746116,0.2270319791,0.4951956331,0.424583344,0.4343827854,0.9999781169,0.5375086749,0.4797774872,9.03440597e-05,0.2964477699,0.6716841496,0.2038808099,0.5599495797,0.320216866,0.4208708124,0.3355166083,0.4963441362,0.9999779904,0.4810616819,0.383503208,9.726259236e-05,0.5114121966,0.5401533413,0.9999836744,0.3736799529,0.6843319838,0.9999780785,0.4020377537,0.5331862762,0.9993290036,0.5527014754,0.4258562451,0.9999598225,0.5398663359,0.3171450965,0.3714514634,0.4450590014,0.4220953254,9.677417299e-05,0.2553240346,0.5639501598,0.9999779788,0.3809220403,0.4525312359,0.9999851675,0.5620589061,0.5526563797,0.9999861529,0.5997780936,0.262499619,0.9995408531,0.5744780555,0.2944385564,0.3350178139,0.5064634261,0.374003428,0.3611192832,0.3954689266,0.528865565,0.9999780541,0.3209648537,0.5885736188,0.2657737122,0.5134501115,0.4622506258,0.9999779817,0.4695781518,0.3804160958,0.9999779968,0.5078285352,0.6462045151,0.999959856,0.2647451961,0.5198278578,0.9999780834,0.4704149244,0.4866480118,9.702288762e-05,0.3952295058,0.58115332,0.9995245824,0.5752193521,0.4071882138,0.9999390221,0.6389159009,0.2308384603,0.3990553172,0.3698534692,0.465465915,0.999997721,0.569180893,0.294870785,0.9999843838,0.2542408264,0.6543760762,0.2931886059,0.6684505868,0.217927292,9.703046897e-05,0.1443179521,0.620699038,0.3875683048,0.5214472933,0.3445691289,0.5893484136,0.4376166404,0.5025328041,0.9999684846,0.4361047787,0.4046892505,0.9999780547,0.609919586,0.5172825886,0.6166036808,0.3710154757,0.5613847909,0.2740121903,0.5315968481,0.4425914432,0.99989654,0.5767797481,0.3768451238,0.9992545063,0.5864138167,0.2847881075,0.2994397013,0.2916280065,0.4983033195,0.9999780896,0.4528051593,0.4797012719,9.698139043e-05,0.5088121009,0.6119718566,0.9999770314,0.4782758778,0.3685520969,9.75646257e-05,0.2826091245,0.6875623182,0.4962360271,0.4157050063,0.4306491298,0.9999779794,0.3910396109,0.5706450765)
