mCurrentIter=100
mCounterStuck=0
mYPrev=3.475047413
mParameters.n_iterations=100
mParameters.n_inner_iterations=1000
mParameters.n_init_samples=100
mParameters.n_iter_relearn=1
mParameters.init_method=1
mParameters.surr_name=sGaussianProcessML
mParameters.sigma_s=1
mParameters.noise=1
mParameters.alpha=1
mParameters.beta=1
mParameters.sc_type=SC_MTL
mParameters.l_type=L_EMPIRICAL
mParameters.l_all=0
mParameters.epsilon=0
mParameters.force_jump=5
mParameters.kernel.name=kMaternARD5
mParameters.kernel.hp_mean=[1](1)
mParameters.kernel.hp_std=[1](10)
mParameters.mean.name=mConst
mParameters.mean.coef_mean=[1](1)
mParameters.mean.coef_std=[1](1000)
mParameters.crit_name=cEI
mParameters.crit_params=[0]()
mY=[200](43.75402704,52.10015047,45.89175171,247.4393594,-5.076058504,43.36197997,46.606791,-14.46311564,-8.242737407,6.547876778,56.59583472,355.7152889,550.0993508,50.41526143,74.46765247,413.2024265,-15.83793709,39.29078313,66.74223591,19.2699193,-17.17956275,1679.266875,195.5040168,126.3289877,56.3462118,42.26652653,42.62248781,51.17066077,40.7303509,1130.245645,10.8949546,19.1689614,-7.104063547,-10.25165432,9.994248875,36.37699765,286.8439363,2475.362875,20.7607617,104.1695669,3553.490677,1.269000608,18.4580906,459.9119369,1846.287032,51.63503839,-2.334881328,19.89977038,1022.247279,78.63508718,741.843169,-8.836070935,41.67432598,21.47924903,21.43017413,50.78731217,225.9307821,27.54519753,54.96983783,1072.131287,2.398595131,-0.819993021,782.9464986,663.2544473,-0.9004555544,65.06290557,7.196531003,-7.199580236,160.5041723,3.326538045,44.314626,52.89084074,55.77678136,17.70227429,717.2489957,36.15559143,32.99002612,258.7417301,32.22258388,-16.41954409,25.43825119,58.41839008,109.8654075,43.58468572,11.11931234,-20.61305619,66.15637364,74.87893044,482.258908,-10.08324307,3189.273586,11.16587298,68.06935708,8.939213559,47.72184061,48.42832693,-1.996771403,-0.7982892205,23.90146075,28.65126617,-7.533106572,-7.898473816,-8.591009402,-11.61468447,-14.17799588,-8.236452996,-14.07156861,-2.235245556,-17.66269148,-5.358803891,-4.689571729,-15.17780775,-8.963232888,-15.32219653,-9.873134871,6.714921091,-11.40601448,-17.06639012,-12.37063768,-1.514538424,-4.999469229,-13.98811029,11.94128827,9.047377304,-8.745220953,-11.41146977,-15.33528931,-8.606529617,-14.8320977,-1.580588691,-5.014389932,-6.005999605,-2.859706792,-18.35244732,-10.03687868,-0.07611930044,-13.5695951,21.45326937,-11.18829576,-18.1032068,-8.4807944,-0.1119962136,-15.01150372,13.44886807,-5.931048865,-17.82940112,-9.318721138,-8.357408438,-3.674591483,-5.4571263,-9.442776957,-19.19870201,-13.51573173,22.20773336,8.408434449,-14.23146012,-9.020706113,-7.35502151,8.875826119,-3.922263349,-16.68974147,-6.957700294,-4.446190452,-0.3195840148,-15.53515779,-4.289611,-7.647706401,-2.172300479,-11.95874714,-17.60615282,-5.299361261,-8.167081974,-0.1762694135,-11.89018487,-17.01243214,-8.740277519,-13.69993158,8.75923634,19.44038003,-7.266760242,-17.17404576,0.3219270789,-17.34345927,-13.2164087,-16.74244473,-11.55669822,-16.91643849,-6.733145568,-15.77113321,-16.4442864,-10.03533093,-12.77690994,-3.942759915,-5.482555428,-19.31061191,-7.381695336,-16.67414477,-18.38483115,-0.4279447564,3.475047413)
mX=[200,3](0.7844192748,0.9304949521,0.6697460453,0.6550666615,0.5617567275,0.1475240064,0.3998979585,0.07881963915,0.781539823,0.5347354038,0.3153364627,0.2113750802,0.1127752363,0.3415703245,0.3836038504,0.3482545415,0.08614883906,0.7304320612,0.1247023089,0.4590786332,0.9593501826,0.2378140238,0.2968467885,0.5339447846,0.03857609642,0.6442782453,0.3708441187,0.6280248913,0.4243814617,0.7166090444,0.1026930948,0.3020376602,0.3164730066,0.04550204449,0.04281524913,0.3981843126,0.4470479288,0.9828541058,0.01762241632,0.8324910079,0.1981151399,0.9129387231,0.5451718879,0.9441883061,0.9482647079,0.8001630654,0.4842416662,0.05710230802,0.3631218813,0.3903481277,0.4537887222,0.6160112938,0.5713675974,0.9003703101,0.0715503065,0.8791192111,0.9215340714,0.2791662129,0.8466635198,0.3387003939,0.2402360419,0.5236942795,0.4195247849,0.2629024873,0.02291406006,0.244561092,0.5652269278,0.4725263828,0.09888506729,0.5280323225,0.1739030487,0.4228020376,0.8866596289,0.3362309775,0.9694862806,0.5887073607,0.7808492739,0.8379946351,0.4944670724,0.9746211884,0.4077192039,0.7980927491,0.09129095284,0.7736520273,0.722708233,0.2264966081,0.8234364778,0.916126477,0.139280354,0.2658831194,0.3138878715,0.664139824,0.6872821002,0.4611719495,0.8027742902,0.5710528693,0.2228509576,0.4024390395,0.6709750179,0.1382444891,0.2872322514,0.6355922115,0.5067069349,0.7213168473,0.6155086882,0.8553809147,0.5393986914,0.8615339753,0.333062768,0.01770056552,0.487324943,0.6761307653,0.369429359,0.005308714081,0.8117019466,0.4430549079,0.7506217016,0.9459414339,0.2551107054,0.5293860563,0.06744462613,0.001760711833,0.06714031019,0.8924302294,0.680527949,0.2276200468,0.02172639577,0.7360305462,0.6551083201,0.7644300965,0.498098756,0.04410767347,0.6939528118,0.2078409452,0.1092810637,0.5192415711,0.8545346278,0.8447305768,0.006645756436,0.6192799794,0.1774944855,0.2001245226,0.1822723864,0.8132336088,0.05762179398,0.1678082595,0.1678026927,0.7559228654,0.9950273214,0.07886729688,0.1683260739,0.151916091,0.1944404672,0.6431170425,0.6903047876,0.2720593235,0.8249227132,0.2494363833,0.7293475132,0.2579876749,0.3878922323,0.2853513817,0.8617368036,0.8151916322,0.6055581978,0.3752480886,0.9132193863,0.7609850582,0.09173240484,0.2129901503,0.255421489,0.9255914033,0.4645377898,0.3009901155,0.4596184107,0.6244082133,0.9753518936,0.3206937121,0.1173785278,0.2026276072,0.9333995766,0.6394630963,0.5557155733,0.2936303644,0.2691562094,0.4471877837,0.3574621654,0.2389431917,0.1562400628,0.6673183709,0.0686293157,0.3651735715,0.7752914961,0.7094020928,0.4395909686,0.1969464325,0.542982503,0.1364543984,0.3095225946,0.7516091558,0.469762639,0.4097472933,0.6010430066,0.5677488185,0.9957426699,0.148387802,0.5458339177,0.4166062394,0.7664186214,0.3452690406,0.9598268226,0.3581616147,0.8717546559,0.01587386856,0.8954801239,0.8075765583,0.1718986372,0.822036096,0.8905507696,0.73053213,0.7996016039,0.5946663349,0.9810400579,0.1282377079,0.3501280136,0.8467115496,0.9287681723,0.183076298,0.1408275297,0.7160668599,0.7986193186,0.6085130315,0.03617620624,0.5014643934,0.5910385809,0.3292495632,0.856147705,0.4237801855,0.4332152614,0.4969339148,0.5577218434,0.7412269693,0.7423424468,0.7108836913,0.5899024382,0.9951893992,0.43558093,0.6773723425,0.03146344431,0.4791885609,0.9643953411,0.4798201707,0.707223873,0.4101615077,0.7054395754,0.08836571496,0.3773071442,0.5101215973,0.8778564317,0.9562713641,0.8844790529,0.1838089439,0.8684917851,0.9882076299,0.635888038,0.5195134371,0.02188439189,0.4868175397,0.6550325958,0.3246646462,0.9793625598,0.1027394805,0.08105657606,0.5783884521,0.2766755475,0.5870674736,0.7415681931,0.0500456675,0.6993001588,0.9087193517,0.7771234991,0.1276229846,0.1529703748,0.5987856815,0.9381123783,0.215525633,0.9085289699,0.119574992,0.3863204416,0.5006133523,0.2997481379,0.6897109164,0.5591713471,0.6254050389,0.2836318628,0.885299184,0.2340121445,0.9648998506,0.8303307008,0.6493012396,8.881340056e-05,0.5639696895,0.3136296631,9.057129961e-05,0.5505906947,0.325430259,0.0001034457579,0.6396717731,0.2600633931,9.680470887e-05,0.4970420424,0.3828630465,9.695276994e-05,0.5013715161,0.3757149786,0.0001057858923,0.6596125582,0.2477816578,9.681108887e-05,0.4853865411,0.4023853473,0.1095507551,0.6604391664,0.2476852381,0,0.4933850002,0.4996595342,0.4136951672,0.6855792594,0.2232808037,8.917490981e-05,0.5503681074,0.3029871397,9.667447725e-05,0.4828318361,0.4182754949,0.7454885889,0.6899062811,0.2301790379,0,0.4687266966,0.5614903495,9.176499604e-05,0.5716257887,0.2956990619,0.9987045025,0.5667272216,0.3991931299,9.693641977e-05,0.5025736846,0.3588691539,9.690184296e-05,0.4853225141,0.5007564046,9.686671032e-05,0.4501859749,0.6030096176,9.703044764e-05,0.6983287689,0.2130770991,0.839759266,0.6574968785,0.2666633155,9.67840039e-05,0.4587606371,0.4196354274,9.669197414e-05,0.4905051987,0.7636598452,0.9999779771,0.5242191451,0.5011580498,0.000105039399,0.5880479847,0.2773315729,9.697742728e-05,0.5028756955,0.3429619759,9.692873824e-05,0.4141333827,0.5736399709,9.697309914e-05,0.6041450977,0.4934075689,9.675998485e-05,0.4320458887,0.4283777869,0.8675566189,0.7170130326,0.2177679934,9.677985486e-05,0.5118383855,0.6243658757,9.729440712e-05,0.6993438349,0.2095486536,9.4570945e-05,0.5727381556,0.2833797502,9.670943933e-05,0.4581088612,0.4800184642,0.8682620933,0.5987919995,0.3314784379,9.692707276e-05,0.3301477342,0.7102978005,9.690213673e-05,0.4630922591,0.3700683083,0.9999779998,0.4725619598,0.5892489849,9.69924781e-05,0.4703901631,0.3642546836,9.663057036e-05,0.4093197051,0.4906504536,9.686806558e-05,0.6277254021,0.4793909128,0.5975854215,0.7092194609,0.2125334887,9.662567036e-05,0.3647696393,0.6027737318,9.687011007e-05,0.5597949372,0.7471352813,9.015706884e-05,0.5745778526,0.2800209937,9.776118355e-05,0.431504006,0.4360170077,0.801232027,0.5526904882,0.3924428127,9.702518733e-05,0.570319827,0.5541589173,9.684215014e-05,0.5073086777,0.3271597899,9.710592561e-05,0.707623924,0.2036159231,0.5973358213,0.6320698851,0.2674011839,9.672751905e-05,0.3967095897,0.5052250997,0.5808334442,0.5379411324,0.4561272688,0.9999780658,0.6064504843,0.7305303541,9.765491529e-05,0.3470855803,0.7656972723,9.672601032e-05,0.4105691627,0.5719811024,0.0001055375614,0.4292433864,0.403603347,9.052376101e-05,0.6509666422,0.4383785049,0.9999780775,0.7487102529,0.2903151157,9.066490889e-05,0.5604304917,0.6097348772,9.034424833e-05,0.4938509542,0.4922984945,0.000104001855,0.3020881597,0.660223404,0.7802786986,0.4765154062,0.5397781075,0.9999850754,0.6681550787,0.4706538494,9.038284282e-05,0.5465154113,0.4513218246,0.4961920453,0.7048852539,0.1936627615,0.4200742336,0.6010097501,0.2556375274,0.0001025834997,0.5884172457,0.2585345903,9.68628896e-05,0.4782553768,0.347461149,9.752851005e-05,0.4047087552,0.52647522,9.671181691e-05,0.629821091,0.5394431199,9.905824216e-05,0.4256394525,0.6340763933,0.4119438724,0.7101666305,0.1919599174,0.5763927555,0.5660545653,0.3577567342,9.68657278e-05,0.4549442217,0.4614244082,9.715098013e-05,0.6328233327,0.3865314216,0.6131471173,0.5078204734,0.4731667605,0.8295068479,0.4460468722,0.6198690321,9.688144134e-05,0.4565593567,0.8106422908,9.686441728e-05,0.4786963897,0.3463905248,9.042634673e-05,0.4474844687,0.5276828324,9.721997654e-05,0.5565869469,0.6576559676,9.684073908e-05,0.4579334749,0.4446596369,0.5280928356,0.6102425785,0.2577637119,9.671585835e-05,0.3779508067,0.5597309673,9.696774615e-05,0.5464908166,0.5265969853,0.0001060369309,0.437725706,0.4134818632,0.451671084,0.647562404,0.2282721288,0.5223028688,0.5677873474,0.3288957087,0.5635490332,0.5217940415,0.4403484913,9.733663533e-05,0.5922331193,0.3964073168,0.5451597775,0.5195375189,0.5323866431,0.0001002234683,0.2972888803,0.6888965708,0.0001047338506,0.5513111536,0.2890248591,9.682542356e-05,0.4153522565,0.4671706867,9.651331906e-05,0.468797027,0.3672130958,9.686595249e-05,0.3803565489,0.5758853175,9.679185246e-05,0.4148148938,0.4803835109,8.458910466e-05,0.7148621762,0.207864949,9.898305536e-05,0.7003623193,0.5144565434)
