mCurrentIter=50
mCounterStuck=0
mYPrev=-2.592119251e+17
mParameters.n_iterations=50
mParameters.n_inner_iterations=1000
mParameters.n_init_samples=50
mParameters.n_iter_relearn=1
mParameters.init_method=1
mParameters.surr_name=sGaussianProcessML
mParameters.sigma_s=1
mParameters.noise=1
mParameters.alpha=1
mParameters.beta=1
mParameters.sc_type=SC_MTL
mParameters.l_type=L_EMPIRICAL
mParameters.l_all=0
mParameters.epsilon=0
mParameters.force_jump=5
mParameters.kernel.name=kMaternARD5
mParameters.kernel.hp_mean=[1](1)
mParameters.kernel.hp_std=[1](10)
mParameters.mean.name=mConst
mParameters.mean.coef_mean=[1](1)
mParameters.mean.coef_std=[1](1000)
mParameters.crit_name=cEI
mParameters.crit_params=[0]()
mY=[100](-2.276785144e+22,-1.855621676e+25,-9.1117949e+25,-2.747330633e+24,-3.277477423e+22,-1.303447694e+24,-4.141703532e+23,-1.320050113e+25,-3.727716482e+25,-5.770124983e+24,-7.982986282e+23,-1.057634499e+26,-1.593497072e+26,-1.146098946e+23,-1.341131481e+24,-9.688230208e+18,-1.196502522e+23,-2.067263204e+25,-1.48521983e+23,-2.88352635e+24,-1.684740768e+24,-9.645600142e+23,-2.557445274e+24,-9.063824444e+23,-5.097365076e+23,-3.57011892e+23,-1.057252488e+24,-1.639430965e+22,-1.364795863e+25,-8.979490895e+23,-2.245110232e+24,-5.557518267e+22,-6.573888602e+25,-7.969527949e+22,-1.449896924e+25,-8.816517242e+24,-1.914036348e+25,-5.633079232e+24,-8.618995279e+21,-1.244723848e+25,-5.300774319e+21,-4.184649725e+21,-3.041521519e+23,-4.066406201e+22,-5.83399133e+22,-2.999354013e+25,-7.347308374e+24,-2.935225867e+23,-2.67666066e+25,-2.415669597e+24,-1.586393127e+24,-8.964594185e+24,-1.592950027e+24,-8.405425875e+24,-2.289827699e+25,-6.269495787e+22,-6.698461149e+23,-9.366976314e+22,-4.602321446e+24,-2.799727607e+22,-1.230497401e+23,-4.068544762e+18,-3.229452566e+17,-1.45842787e+22,-2.198231795e+25,-6.964139448e+24,-1.905375639e+23,-3.083580181e+23,-4.936266457e+23,-3.208601153e+17,-2.50932029e+21,-3.91836559e+23,-4.934154485e+23,-7.480572845e+23,-1.537484104e+24,-2.015750515e+24,-2.614930317e+23,-1.482108166e+21,-6.219995224e+21,-2.074941022e+22,-1.708831876e+24,-2.422424512e+24,-1.466599404e+21,-1.404433426e+23,-4.704427295e+22,-6.804638283e+23,-2.909152972e+24,-1.928268259e+23,-8.32967212e+22,-1.4253408e+22,-2.290833456e+22,-3.437296614e+22,-3.710768879e+20,-3.39933759e+24,-9.123478841e+16,-4.473736221e+22,-8.915007271e+23,-1.720116016e+23,-9.049515049e+24,-2.592119251e+17)
mX=[100,3](0.0587622512,0.4485898632,0.8605576913,0.4119699505,0.5304096013,0.6434285546,0.2746547422,0.3133177499,0.5749034909,0.08076944188,0.4853237742,0.3506200118,0.4267195664,0.7403450642,0.02277239722,0.8830630913,0.6700673095,0.04833651627,0.0005290696304,0.1067716422,0.9437884194,0.6449050486,0.6971342434,0.4859748983,0.2295170733,0.4178997194,0.6177835521,0.571413373,0.2759305001,0.5433159053,0.7072294264,0.8291301369,0.7729406251,0.9061809303,0.5543624007,0.2716415261,0.7854319492,0.2423399507,0.6770439368,0.4648547368,0.8703704181,0.8990472076,0.9420247377,0.9964717169,0.855833556,0.1704391441,0.3449649504,0.01415413124,0.186195698,0.125491082,0.2464376095,0.4846160511,0.01750373353,0.5190589045,0.3873076539,0.7835649759,0.9095502123,0.6808586242,0.7134076876,0.728418105,0.6006439983,0.5867410566,0.09867128709,0.8359011226,0.3657818629,0.8049624686,0.9337231762,0.5081050508,0.5899758519,0.3576855479,0.8069829164,0.82751217,0.206471139,0.6395926101,0.3783450321,0.4471759765,0.8919079274,0.9715705003,0.3175857927,0.1783229009,0.9261660957,0.06593735197,0.9157120394,0.07584017677,0.2816382165,0.3397118397,0.692996684,0.8120923523,0.6182355319,0.7942983742,0.7368377436,0.1989272142,0.2845321485,0.5857655203,0.2194020093,0.1263751461,0.7429792076,0.6475265791,0.4054381196,0.120390768,0.4669531451,0.1864599431,0.8440935387,0.8402727742,0.5346125163,0.971824308,0.5784829418,0.7193567309,0.1052391405,0.1479272335,0.4733076206,0.2545724484,0.02198253203,0.755967634,0.3738726514,0.7248055694,0.3800002607,0.7771571057,0.9583284447,0.3170592104,0.6253573165,0.3856679439,0.173147044,0.5417736479,0.04167228974,0.1070775036,0.5285145937,0.2818364066,0.3398959433,0.03516547675,0.9399986649,0.2167049326,0.982115734,0.09359343609,0.9920996214,0.6793307182,0.9650746056,0.2252020258,0.8738312032,0.769675277,0.1583246771,0.3399018248,0.4298545466,0.442535964,0.5115816711,0.06147302765,0.624316264,0.1430189259,0.2357694245,0.4282955271,0.8736002103,0.1912423122,0.6781310841,0.8206805708,0.2436226439,0.9880294452,0.7822460251,0.01520752752,0.6727214945,0.7805738545,0.2444114952,0.6743165774,0.785844453,0.2424334478,0.6772666372,0.02537234364,1,0.6119853576,1,1,2.457707347e-15,0.7873243825,0.2412847967,1,1,1,0.5000000003,0,1,1,0,1,0.5231112735,1,7.957194976e-15,1.387778781e-16,1,0.01368446354,0,0.9983896264,0.01758334858,0.3693826242,1,1,1.734723476e-18,1,1,0,0.7878511254,0.2413464303,1,1,1,0.5,0.1185368165,0.01703169119,1,2.775557562e-17,0,4.33680869e-18,0,1,1,0.06685541489,0.002800064628,1,6.938893904e-18,1,0,0.03479001943,0.01733265272,0.523629262,1.387778781e-17,1,0,0.7884091475,0.0685218482,1,4.33680869e-18,1,0.6493261674,1,0,0.3261844633,1,1,0,1,1,1,1,1,1.734723476e-18,1,1,0.5,1,2.775557562e-17,0,1,0,0.6469943355,1,4.930380658e-32,0.4882654369,0.9983703063,0.4176479393,0.0275584246,0.9370389207,0,0.6884295457,1,0.5169096216,0.3418526745,3.469446952e-18,0.5949028375,1,6.938893904e-18,1,5.81080454e-19,0.0428473164,1,0.4134846979,1.734723476e-17,0.4566472771,1,0.002129169867,0.4821568304,2.775557562e-17,0.7838705992,0.998232309,0.6778459173,1.596772792e-18,0.0188015189,2.081668171e-17,0,0.522421468,1,1,0.2420527689,0.9138634787,4.163336342e-17,0,0.3781143698,0.05555555556,0.5,0.5,1,2.775557562e-17,0.01806255426)
