mCurrentIter=50
mCounterStuck=0
mYPrev=-3.617164783e+21
mParameters.n_iterations=50
mParameters.n_inner_iterations=1000
mParameters.n_init_samples=50
mParameters.n_iter_relearn=1
mParameters.init_method=1
mParameters.surr_name=sGaussianProcessML
mParameters.sigma_s=1
mParameters.noise=1
mParameters.alpha=1
mParameters.beta=1
mParameters.sc_type=SC_MTL
mParameters.l_type=L_EMPIRICAL
mParameters.l_all=0
mParameters.epsilon=0
mParameters.force_jump=5
mParameters.kernel.name=kMaternARD5
mParameters.kernel.hp_mean=[1](1)
mParameters.kernel.hp_std=[1](10)
mParameters.mean.name=mConst
mParameters.mean.coef_mean=[1](1)
mParameters.mean.coef_std=[1](1000)
mParameters.crit_name=cEI
mParameters.crit_params=[0]()
mY=[100](-3.847744263e+30,-1.584542927e+30,-6.465598731e+29,-2.907086273e+29,-3.512920369e+25,-7.677498918e+28,-4.431634077e+29,-1.320986708e+29,-7.213071814e+28,-5.070987505e+29,-1.088404062e+27,-7.360244778e+30,-1.035489284e+31,-2.623619338e+29,-1.483918606e+30,-1.485840329e+26,-1.927133764e+24,-1.196860853e+30,-2.326344071e+28,-5.20950295e+29,-1.093458632e+30,-1.144677492e+29,-6.762474459e+29,-3.599545685e+29,-2.764231903e+27,-2.356706867e+30,-4.952652225e+30,-1.624065772e+29,-9.300479742e+29,-8.168711289e+28,-1.103278286e+27,-1.601130965e+28,-6.88831254e+25,-4.538577752e+28,-1.997414515e+30,-1.551553384e+29,-6.230552071e+29,-1.209088232e+25,-1.672867362e+30,-6.186601757e+30,-1.428821571e+25,-9.168033401e+29,-4.070717996e+29,-1.025741568e+30,-1.304340602e+30,-3.296696971e+30,-8.860316967e+27,-2.284578009e+29,-2.911799926e+29,-1.271783776e+28,-4.632805141e+28,-4.868974676e+29,-1.21033377e+27,-4.68242853e+28,-1.268046994e+30,-8.711319676e+28,-1.951782056e+30,-1.067386346e+29,-3.151251497e+28,-2.389843802e+28,-6.822834771e+20,-7.942338752e+16,-1.543968708e+30,-4.45223797e+29,-3.666863447e+31,-1.268851343e+31,-1.797162224e+29,-2.023285964e+31,-9.158288921e+29,-9.072816931e+25,-1.148760511e+31,-6.012587657e+29,-3.131594307e+30,-3.821969967e+31,-7.860781641e+28,-2.921782032e+30,-2.415228825e+31,-7.712254793e+30,-4.268306108e+29,-1.309336694e+30,-2.005343875e+17,-7.537629738e+28,-5.337490791e+23,-1.521552283e+27,-5.050806427e+28,-1.323160128e+26,-4.553134813e+28,-1.786149773e+29,-4.286417268e+27,-1.309490329e+30,-2.979533409e+29,-1.518967497e+30,-1.322061541e+29,-2.537415998e+26,-8.769797614e+28,-1.513986624e+27,-5.919920511e+29,-2.415800562e+29,-3.71928653e+28,-3.617164783e+21)
mX=[100,3](0.3023830664,0.3174130984,0.8316394714,0.7505968568,0.191110805,0.7570151572,0.104256391,0.7477553137,0.7122554635,0.5305672502,0.291451448,0.66182016,0.1657528462,0.007145863296,0.4246480889,0.9477759731,0.8976863119,0.1121514355,0.9678046927,0.4257539566,0.9747953929,0.2188328987,0.391920823,0.1932032944,0.3297108116,0.7743355129,0.1470023609,0.7808198868,0.5308740934,0.2533702285,0.5161411046,0.05197975772,0.3208761577,0.4875598991,0.4579759064,0.8817205694,0.6976926938,0.4067412259,0.6148455547,0.01011158854,0.5412347785,0.5464160975,0.5981535829,0.9120969142,0.179997539,0.28558611,0.2399464845,0.08749951018,0.7367864177,0.02469365955,0.4176702285,0.5749134058,0.3640566709,0.5846761403,0.895785009,0.8283330364,0.2100607621,0.9109120392,0.3257758889,0.6893953691,0.4724241773,0.09396442545,0.6268712061,0.4544519487,0.8021941882,0.4986215383,0.1912420661,0.6616581532,0.9487687159,0.4140568304,0.7951522144,0.4722229574,0.03112769009,0.8772197014,0.06675392155,0.2593436092,0.3534612507,0.7658924059,0.825667181,0.9731523382,0.4550958398,0.3594569476,0.996072879,0.5758694896,0.9351898294,0.8508986214,0.02428074363,0.3830856741,0.5672432999,0.12623223,0.6685021214,0.2075375484,0.2806726788,0.2353335272,0.9565336751,0.3195408737,0.6174028557,0.4648971078,0.04187525785,0.8493018434,0.1142046519,0.901970662,0.4246850689,0.7218657707,0.7825117811,0.6296906746,0.1217947583,0.3761983452,0.8162879321,0.9253712746,0.271188925,0.8767057601,0.1748999107,0.3902246429,0.9987605236,0.6084999394,0.8669737426,0.2788514823,0.6962023732,0.9334629528,0.6414587555,0.06429600555,0.2274763424,0.0435631514,0.2563136629,0.7351335446,0.5554293995,0.628421204,0.6412947199,0.7049822257,0.711310898,0.8034154899,0.1459605079,0.6447021367,0.8503602969,0.1393614883,0.1499117361,0.9845428372,0.3732014224,0.4984467101,0.01348743386,0.7692143872,0.2742847251,0.5333434433,0.07043486915,0.5929647788,0.5156848244,0.08665372016,0.5080011318,0.3410766827,1,1,1,0.5126210807,0.9999930822,0.9999950886,1,2.74867916e-16,1,2.465190329e-32,1.387778781e-17,1,0.7087894693,0.7456415086,0.6197935211,0.490347025,0,1,0.610865756,0.4346663357,0.6701861033,1.005907462e-15,1,1,1,1,1,0.9985232335,0.4062423663,0.6100469151,2.55535447e-18,1.708443485e-15,6.461815858e-19,1,6.776713886e-21,1.740090502e-15,0,0.4230412043,1,0.5499345828,0.471016443,0.999998516,0.6987206435,0.3644087053,0.6360729876,0.699467991,0.3537312296,0.888511077,0.6981377868,0.3548700516,0.4969839433,0.6996091645,0.3507117346,0.6427879918,0.6796876906,0.3447587479,0.6308807288,0.6967566608,0,0.6435600944,0.7019580795,0.3845568922,0.6373995787,0.6968475713,0.3567742848,0.642430177,0.6994526732,0.4469362916,0.6378852483,0.6996422943,0.3666112923,0.6139965074,0.6995664076,0.3725167347,0.6131060526,0.6996769263,0.3655289986,0.7380442805,0.6997561455,0.3652891441,0.6202136302,0.6956089204,0.3660300033,0.6213316086,0.6986572319,0.3649893705,0.6097224837,0.6996142558,0.366356566,0.6351007824,1,0,1.040834086e-17,1,0.7023083546,2.081668171e-17,1,0.2654596812,1.040834086e-17,0.978057875,0.6203479984,0.002380711175,1,0.875,1,1,0.1545207241,1,0.963628459,0.5835170861,0.9972709286,0.9583333333,0.75,0.9583333333,1,0.2795207241,1,0.9583333333,0.5,0.9583333333,0.7526813808,0.8862634758,1,0,0.195279802,1,0.1525565875,0.8630986071,1,0.01796510158,0.1244692224,0.1076409742,0.1453984567,0.9190850277,1,0.007081331619,1,1,0.06108325982,0.8199099181,1,0.1114420958,0.3060256162,1,0.4418954942,1,1.387778781e-17,0.2617936455,0.07613405758,0.01339051035)
