mCurrentIter=50
mCounterStuck=0
mYPrev=-1.327362911e+19
mParameters.n_iterations=50
mParameters.n_inner_iterations=1000
mParameters.n_init_samples=50
mParameters.n_iter_relearn=1
mParameters.init_method=1
mParameters.surr_name=sGaussianProcessML
mParameters.sigma_s=1
mParameters.noise=1
mParameters.alpha=1
mParameters.beta=1
mParameters.sc_type=SC_MTL
mParameters.l_type=L_EMPIRICAL
mParameters.l_all=0
mParameters.epsilon=0
mParameters.force_jump=5
mParameters.kernel.name=kMaternARD5
mParameters.kernel.hp_mean=[1](1)
mParameters.kernel.hp_std=[1](10)
mParameters.mean.name=mConst
mParameters.mean.coef_mean=[1](1)
mParameters.mean.coef_std=[1](1000)
mParameters.crit_name=cEI
mParameters.crit_params=[0]()
mY=[100](-2.850160467e+20,-1.604056406e+20,-8.238273518e+13,-3.472579158e+16,-5.090880642e+21,-1.161319934e+22,-3.636587551e+19,-9.574040981e+18,-1.937941299e+21,-2.921251693e+16,-1.629762316e+22,-6.290361524e+19,-4.092153094e+20,-1.645321896e+16,-5.790166873e+18,-2.769243167e+21,-4.778284434e+22,-2.819950244e+20,-4.77902573e+18,-3.210885762e+19,-5.096529857e+20,-3.31209825e+22,-1.284002755e+21,-3.344037296e+19,-1.360083366e+21,-3.500232747e+21,-1.561550575e+17,-8.992267448e+19,-9.211691166e+19,-1.893838967e+17,-7.544992205e+19,-6.871723582e+17,-5.314527517e+20,-1.555550631e+21,-6.522875234e+20,-4.577110389e+21,-5.586688807e+17,-2.83239146e+22,-1.043551796e+20,-9.16196182e+20,-2.918586429e+21,-5.52145958e+20,-3.087864872e+20,-1.307167235e+22,-1.585180617e+19,-4.061808038e+22,-6.048166394e+19,-1.415589762e+21,-8.865591234e+21,-2.18943645e+21,-1.220565608e+20,-1.548802976e+21,-3.862879968e+20,-1.805664269e+20,-7.047235774e+19,-8.582479198e+18,-1.355201617e+21,-2.244962586e+18,-1.300379276e+21,-1.529831618e+21,-600219756.1,-4.728927136e+17,-9.542067145e+18,-1.463821446e+21,-7.520711615e+20,-2.746456878e+17,-1.497757821e+18,-2.879866714e+18,-8.094513119e+21,-1.629415904e+19,-9.745105858e+20,-2.933034273e+20,-5.597248011e+21,-2.102661255e+20,-5.339814539e+19,-7.211161038e+21,-1.129428297e+22,-9.986488962e+20,-1028752.807,-1522084.184,-2.123522546e+21,-5.668229282e+19,-1.278481625e+18,-5.468767055e+17,-6.929320401e+18,-9.714385588e+16,-8.067367886e+18,-1.54779799e+17,-5.33616765e+21,-4.275302773e+17,-5.744209098e+19,-4.115884321e+19,-2.420401235e+19,-1.298128911e+22,-6.701754517e+20,-3.671037969e+20,-6.252405762e+20,-1.468823977e+21,-3.376656997e+20,-1.327362911e+19)
mX=[100,3](0.8223697846,0.8070744016,0.7791144397,0.9582428027,0.9482754782,0.6228887837,0.5345697904,0.1815276452,0.07562890875,0.1463210632,0.1551313906,0.2861518876,0.6797433381,0.05915745096,0.9279566132,0.6261664951,0.486337893,0.8523330299,0.003403677642,0.01008434114,0.5411507061,0.4831275545,0.1365536788,0.3209330335,0.3069151918,0.3593938715,0.735537982,0.1333397742,0.07666192954,0.2021559,0.3706643996,0.2670970993,0.7816277871,0.5165289268,0.1757006921,0.3995967222,0.6451226715,0.995608198,0.4279304932,0.03797045821,0.3225719024,0.1641340616,0.04020588231,0.5825588212,0.1832961535,0.2866855499,0.4580562512,0.5379984731,0.8575321466,0.8607299798,0.1308585587,0.08589027392,0.6503895624,0.9182585748,0.1886765083,0.637248978,0.02323138188,0.7133777871,0.4767054739,0.1145603094,0.2509145459,0.7736946161,0.4656469226,0.8032273917,0.7240234192,0.5884251617,0.9285200856,0.888027101,0.8105822646,0.7365841518,0.9239482146,0.9715579474,0.4072880434,0.6911611635,0.6596995683,0.7715619976,0.03726056478,0.8794377172,0.7434020872,0.373005771,0.006329868292,0.8647251756,0.8279237472,0.05611421035,0.6904503043,0.4193523073,0.3068074044,0.9036040918,0.2296420139,0.2499036395,0.1685852299,0.8583148694,0.4133722736,0.3874053521,0.5684920798,0.08257129712,0.1065691072,0.2547315257,0.5799481493,0.591476834,0.09136615368,0.5122699251,0.07268748845,0.5586188754,0.7486627049,0.990164104,0.7169506247,0.6725200069,0.9787502429,0.2970496156,0.2277676249,0.4612933209,0.2149727688,0.700117519,0.7974910759,0.9661108638,0.9471136793,0.2189067012,0.6691841669,0.3782433086,0.2329589233,0.3170856078,0.6987330061,0.61952425,0.5186359427,0.3446281351,0.266148258,0.7952280447,0.2785318489,0.5536498124,0.4284522871,0.8978840483,0.3535120245,0.9018674323,0.9955569498,0.3278271638,0.3857281339,0.8240202307,0.574482852,0.1120496177,0.4880109893,0.892466367,0.7536273437,0.1575469502,0.4254775496,0.6102228027,0.6083957267,0.450697207,0.5303050524,0.4486363136,0.6556541246,0.8996973538,0.1377997658,0.8488452269,0.8604949653,0,0.8556693612,0.8802257724,0.1344853909,0.7503621845,0.8611584099,0.1297475883,0.8574181542,0.8603022156,0.1309142706,1,3.964719867e-15,1,1,0.378001351,1,1,7.129095754e-18,1,1,1,0,1,0.5154673794,1,1,7.929439733e-15,2.702563298e-32,1,1.654361225e-24,0.5372726784,1,3.851859889e-34,1,0,2.775557562e-17,1,4.548253303e-16,1.499346549e-33,1,2.172028657e-19,1,1,5.023533819e-15,1,1,0.4513957241,1,1,0.3547836855,5.256874556e-25,1,1,1,1,1,0.5295207241,1,0.9973429582,0.3851224302,0.5363351226,0.4022644582,0,1,0,0.3971592542,1,0.5196119345,0.9999783802,0.715482329,0.516378311,0.4221471914,1,0.3336579024,0,1,0.5757840965,0.4978991889,1,1,5.233455589e-16,2.108329915e-31,1,0.0138338482,0,1,1,1.734723476e-18,1,1,0.5000000085,1.73481238e-17,1,5.377999033e-22,4.641341837e-18,1,3.469446952e-17,0.3241912939,1,0,1.387778781e-17,1,1,0.5,1,1,1,0.03535481912,0.4887261609,1,0.5255896205,0.5062233135,6.938893904e-18,1,3.469446952e-18,0,1,0.5261822328,0.5,1,0,0.5646572222,1,0.5235632743,0.471135543,1.387778781e-16,1,0,6.256727593e-20,1,0.6323751029,2.498001805e-16,1,0,0.4583333333,1,0.4026078474,0.4483644768,1,0.6741005923,6.245004514e-17,0.6949588635,1,0,1)
