mCurrentIter=100
mCounterStuck=0
mYPrev=-34.14084646
mParameters.n_iterations=100
mParameters.n_inner_iterations=1000
mParameters.n_init_samples=100
mParameters.n_iter_relearn=1
mParameters.init_method=1
mParameters.surr_name=sGaussianProcessML
mParameters.sigma_s=1
mParameters.noise=1
mParameters.alpha=1
mParameters.beta=1
mParameters.sc_type=SC_MTL
mParameters.l_type=L_EMPIRICAL
mParameters.l_all=0
mParameters.epsilon=0
mParameters.force_jump=5
mParameters.kernel.name=kMaternARD5
mParameters.kernel.hp_mean=[1](1)
mParameters.kernel.hp_std=[1](10)
mParameters.mean.name=mConst
mParameters.mean.coef_mean=[1](1)
mParameters.mean.coef_std=[1](1000)
mParameters.crit_name=cEI
mParameters.crit_params=[0]()
mY=[200](125.932361,24.23736824,-15.02594708,634.7831143,24.60586681,9.148793779,17.45963816,41.01644869,-40.49756733,-26.09272656,24.10713977,-34.44809789,-3.460702058,-12.34395626,-18.71801213,-0.02127869167,-27.73309405,8.559778563,-28.62938451,31.73150649,1210.33273,165.7572227,-33.28414258,18.77149249,154.311556,142.7633692,-39.52400781,-17.83000621,-14.80045742,-21.61507481,-13.99531734,-30.68901702,-22.36443027,-24.28702997,20.17077559,-27.48351709,2289.957115,2010.075084,2142.69395,-5.903637569,-21.41603425,-23.64008287,-39.10529999,46.6861747,693.504388,-17.21898529,-27.65588659,-6.792567745,-18.13474392,-30.58741251,36.81922415,-13.21731028,13.00284707,0.5444457948,20.89189954,137.408298,-17.63310291,34.28438752,-22.61027,-14.36160611,16.45027973,16.32812274,148.3622964,26.715393,-25.82243049,1075.480832,61.08452462,-23.46004145,17.17311677,57.64958909,8.135681956,40.70703619,188.4883552,-20.02121016,-8.062215582,-17.35576741,55.39841606,854.6393788,1087.939962,22.24130328,19.75924101,8.760196644,601.2145142,55.09204277,10.08020681,462.1721474,65.51855647,-12.37759435,123.8980846,67.59620839,31.12057815,3.735160703,129.2485406,26.47894235,22.55733782,657.9691777,391.9429261,-32.48738887,21.51039532,-37.46839287,-39.24665111,-32.40221214,-35.35013375,-24.45155556,-37.48806397,-31.00216894,-34.36980526,-37.4161392,-36.92934984,-35.74971498,-40.44393726,-31.95947183,-31.37941461,-30.67552859,-37.48430727,-42.58451547,-35.07804965,-41.57410912,-28.51190138,-29.4828866,-33.93988089,-38.22266345,-39.76354497,-35.35589326,-26.77116401,-23.9070592,-25.52718747,-37.25902094,-37.08262412,-35.30570395,-37.33876043,-32.85603386,-43.92914481,-26.23650888,-27.47020084,-40.22923191,-37.26162457,-34.12948363,-34.46948595,-23.43344635,-38.7369656,-39.48046838,-40.59286132,-32.3913464,-37.6238904,-35.06299691,-27.65174587,-41.67073814,-22.15801806,-25.37333042,-40.94635002,-34.37870368,-35.66028227,-33.01096707,-34.26398107,-34.05726811,-39.6074469,-39.83632746,-31.81008072,-38.22351209,-30.33371282,-36.59486401,-35.90418208,-36.08906047,-31.21335297,-38.00735122,-10.97389616,-34.99487555,-28.42784823,-40.18488495,-36.52265421,-38.02522689,-35.46346071,-24.1863222,-37.1532567,-40.7901519,-36.34765346,-39.35082237,-26.94189128,-37.34135838,-36.84131906,-38.57754337,-28.91497163,-30.90054051,-31.20317663,-37.08230183,-43.15948032,-29.21403484,-31.47192711,-32.35105079,-36.42295316,-28.37207428,-34.25485964,-42.43892207,-30.33313681,-38.06197645,-38.6733589,-28.00069798,-41.02927332,-34.14084646)
mX=[200,3](0.8288087745,0.01741454639,0.3809105748,0.6384323031,0.5328561528,0.9483171719,0.3222737155,0.6356590017,0.6332178304,0.4862343888,0.2195649572,0.167451835,0.159659119,0.5095162867,0.1716231915,0.7459136027,0.5627731181,0.8655167629,0.001031461968,0.4494998461,0.9065243088,0.3000615948,0.9341727265,0.8054661839,0.6171452035,0.3030558153,0.5187650087,0.02158434925,0.6447496381,0.3935923217,0.06098092791,0.9022189447,0.6811934775,0.8759405438,0.499596675,0.6006946109,0.1832359408,0.8270582086,0.4150545696,0.7383108029,0.2485531419,0.7885382035,0.3986257945,0.3641675599,0.7334602772,0.07171657703,0.8187917963,0.3499930967,0.332834306,0.1329202786,0.6760100181,0.3422238559,0.5224506259,0.8493668863,0.8433741657,0.5938877385,0.5786174962,0.2886463607,0.9485105507,0.1514642279,0.8616806891,0.2981107441,0.05620983485,0.800074916,0.4269210445,0.1325385847,0.6796860346,0.2894321282,0.640369596,0.2016835562,0.7059168835,0.8312943651,0.08315213957,0.3240991118,0.2206918682,0.816889421,0.09427653495,0.351948063,0.7227742253,0.3110373105,0.4836198772,0.7745334658,0.7155952732,0.4990756046,0.6965682016,0.0275811302,0.5434210286,0.5382836932,0.5533668553,0.6594009139,0.0473458619,0.7582572996,0.437920581,0.4255103405,0.5420717033,0.5668411113,0.5444532407,0.1403864003,0.7223382453,0.4558860089,0.6848654715,0.4055177627,0.2206547177,0.4377979796,0.2497815264,0.3680996111,0.3770965069,0.3751182997,0.5548437854,0.08751542089,0.08548330063,0.2722310957,0.06324385483,0.1174077923,0.1166324567,0.2522043647,0.0101258445,0.902718702,0.23342878,0.4277646865,0.4747590433,0.6294843354,0.5928604285,0.5972025277,0.5197544144,0.6613934029,0.447561631,0.4736834375,0.4463161554,0.2300318347,0.9788604021,0.8183737924,0.9603957833,0.1167801101,0.2175357495,0.466107351,0.7661673942,0.20156477,0.1066626574,0.655392295,0.2978792535,0.05862166168,0.7722255885,0.524708002,0.03870332463,0.6675693365,0.5312943475,0.5299285681,0.151843759,0.6218600831,0.6054504197,0.7325792851,0.9579262697,0.9935808006,0.7936563898,0.2609999925,0.9879796992,0.4520127296,0.9123400456,0.7605734325,0.2254368323,0.8599773387,0.3754968998,0.8348115376,0.7640041807,0.7070403404,0.4651583873,0.1296984155,0.01211300177,0.1024057554,0.7522004968,0.9706128375,0.9237200473,0.829886486,0.8531882482,0.03639549251,0.7067899106,0.2937418998,0.698463814,0.554342546,0.9191792935,0.392253135,0.2514506644,0.2682057705,0.7829223505,0.7706476889,0.3894678243,0.6786088178,0.02984197918,0.8349328924,0.8486750214,0.06246370242,0.6286076444,0.05330635714,0.6182024645,0.6570447598,0.335217954,0.0413500189,0.922777979,0.9948443793,0.9765185352,0.891737463,0.007035013349,0.697304644,0.1687567475,0.1905175237,0.9356091429,0.2160072316,0.9583442867,0.9266467817,0.3119235077,0.7470575194,0.7423586989,0.9470027963,0.9191686198,0.8842209664,0.1463015085,0.1853599625,0.2770538333,0.7838081874,0.4847525505,0.7170142488,0.7564338806,0.3846690306,0.3114525064,0.5121671165,0.7235766868,0.47068134,0.7155516208,0.8987420083,0.9915266807,0.6496385171,0.5752660569,0.008981023298,0.4340708094,0.07285441163,0.1832724246,0.1201518932,0.5828772329,0.899407225,0.4024321306,0.8786132333,0.09419017841,0.584296759,0.8506551034,0.1054475125,0.5612116793,0.1687179764,0.1926679271,0.1725491356,0.9897130576,0.8797610759,0.9546895461,0.8857359193,0.5870880615,0.5773233021,0.1269134713,0.2351161996,0.3540966788,0.2772118973,0.2836115583,0.6866463405,0.1742932006,0.4690474684,0.1345871604,0.04523833256,0.3646072852,0.4166298753,0.6086608742,0.07394190972,0.09161296846,0.4106370892,0.9812706847,0.7928874246,0.8691714714,0.4521467875,0.937973858,0.2026027929,0.3055055681,0.1934575251,0.9698715841,0.3306400656,0.2493449779,0.2657575806,0.9609338115,0.5029360186,0.4006536143,0.03862066956,0.4941959258,0.3402456949,0.1439193787,0.6646617229,0.6139871703,0.3295875849,0.2540733337,0.8042253151,0.7932636244,0.8824310918,0.3536732471,0.503476229,0.9959322248,0.6045687459,0.258471227,0.7829416437,0.6037800638,0.2583063123,0.6427398368,0.5190016973,0.3272044008,0.001438535614,0.6353421928,0.246693993,0.9999779854,0.4890793974,0.3688952258,9.694177769e-05,0.4820670135,0.3609631362,9.689940817e-05,0.3237517692,0.5799110335,9.694677371e-05,0.429916951,0.4545566757,0.9999694436,0.6392714146,0.234435793,0.9999813938,0.5667202699,0.2843091069,0.9999781688,0.475339695,0.4239190056,0.9999781289,0.2978420051,0.6011281732,8.215471714e-05,0.6269801546,0.2505237265,0.0861943653,0.5289951712,0.3152576879,9.695597249e-05,0.4095985608,0.5247387246,0.9999780576,0.4882340546,0.4800750428,0.9999881649,0.6683869855,0.217729958,0.9999835221,0.5256282228,0.3200797733,9.696767051e-05,0.3085095597,0.642562814,9.690340541e-05,0.4235279262,0.4086656863,0.9999781805,0.3177332039,0.5753569228,0.9999771871,0.4698270224,0.3786629343,0.9999781079,0.4759236272,0.5027060306,9.697658923e-05,0.2482902603,0.5507451371,0.9999781166,0.2803927313,0.6761105064,0.04370166302,0.6779586565,0.2225614179,0.1998906341,0.5521697549,0.2930638177,9.673321822e-05,0.4570074645,0.5075012446,0.9999757498,0.6419317344,0.2310423654,0.9999735393,0.4092634021,0.4205391739,0.9999437822,0.3975408315,0.5553603987,9.697814592e-05,0.3909228352,0.6042820782,0.9999811718,0.5618474908,0.2824903098,9.708698093e-05,0.4768542517,0.3718364993,0.9999779465,0.2201639708,0.5792498427,0.9999849969,0.5592695151,0.4482824784,0.9997350843,0.5648702488,0.2802591581,9.705555626e-05,0.3396664864,0.4696640257,8.971633234e-05,0.5203238492,0.4827058134,9.69918311e-05,0.2982818,0.698369302,0.9999780226,0.5049432369,0.3421562875,0.9999781116,0.4467300113,0.5263152557,0.9994257829,0.5846994612,0.2604303701,9.703434505e-05,0.2161038921,0.584998867,0.9999780143,0.3845358015,0.4397300761,9.037813739e-05,0.4286295374,0.5588950919,0.9999781583,0.2598806646,0.6662658939,0.9999779776,0.5753832613,0.4051852251,0.2055149832,0.6868912523,0.2118558259,0.200400605,0.5467994536,0.2944415868,0.9999779459,0.5406071561,0.4920526874,0.9999764633,0.3257367634,0.5321278849,0.002690403633,0.5257466984,0.445100455,9.702690852e-05,0.3424701746,0.4612701043,0.999977991,0.4425443965,0.3760137546,0.9999779597,0.3984147802,0.6076527856,0.9999726409,0.5822898164,0.2641492409,0.4874792275,0.4690651574,0.5148742837,9.284692747e-05,0.220253122,0.6339685377,0.9999780381,0.6076928886,0.3657387716,0.3542027385,0.4948379396,0.3359247358,0.9984867852,0.6342282051,0.2395845424,0.9999779926,0.3965418904,0.4612590997,9.710712096e-05,0.2799181142,0.5296580187,9.701973491e-05,0.4181443578,0.6137652091,0.9999767502,0.5664528766,0.4723270835,9.715470046e-05,0.3595774242,0.7663746065,0.2234170566,0.5294814349,0.4327210523,0.999978328,0.2162891682,0.5882295183,0.5151440003,0.4216331256,0.5377673724,0.4773913462,0.3963459175,0.4113837676,0.9979901054,0.5324405769,0.2978449417,0.1677384033,0.5105362064,0.5122889882,0.9999781435,0.2637704398,0.7043333416,0.9999779659,0.423171722,0.5654602455,0.999978035,0.5759576814,0.4043862676,0.9993663804,0.5930092785,0.2634805405,0.9557645299,0.3847399606,0.4801106217,0.9234306082,0.6970240687,0.1980185626,0.99998431,0.5565997199,0.5096618635,0.3076418721,0.3371699813,0.5439908182,0.3653742059,0.5242190572,0.414940699,9.166581789e-05,0.2159350232,0.6505950636,0.9999779918,0.3853393381,0.6405988528,0.9967322145,0.6511111001,0.3365437584,0.9971652426,0.477264554,0.3396747105,0.5293473821,0.4277758505,0.4751032569,0.2659110297,0.6075608211,0.2433248428,0.2932789685,0.5773432374,0.2640260352,9.565752916e-05,0.4624968048,0.5650902359,0.5901303331,0.4210603036,0.3985838711,0.9999779701,0.2519521269,0.5424104694,0.4547528094,0.5477933086,0.4648794227,0.4698510765,0.3870107446,0.5009577002,0.3510354479,0.5112639678,0.3242417738,0.3954589534,0.3268506536,0.597076589,0.9999780105,0.4992620892,0.5387593618,0.999977977,0.195934706,0.6418350608,0.9999781131,0.4556133363,0.4432946955,9.736191669e-05,0.2898722832,0.5053043822)
