mCurrentIter=50
mCounterStuck=0
mYPrev=-3.639832531e+14
mParameters.n_iterations=50
mParameters.n_inner_iterations=1000
mParameters.n_init_samples=50
mParameters.n_iter_relearn=1
mParameters.init_method=1
mParameters.surr_name=sGaussianProcessML
mParameters.sigma_s=1
mParameters.noise=1
mParameters.alpha=1
mParameters.beta=1
mParameters.sc_type=SC_MTL
mParameters.l_type=L_EMPIRICAL
mParameters.l_all=0
mParameters.epsilon=0
mParameters.force_jump=5
mParameters.kernel.name=kMaternARD5
mParameters.kernel.hp_mean=[1](1)
mParameters.kernel.hp_std=[1](10)
mParameters.mean.name=mConst
mParameters.mean.coef_mean=[1](1)
mParameters.mean.coef_std=[1](1000)
mParameters.crit_name=cEI
mParameters.crit_params=[0]()
mY=[100](-8.931551742e+15,-3.934042046e+17,-1.151028477e+19,-4.016878986e+16,-4.581333791e+17,-8.523169327e+17,-1.908443751e+17,-2.42365814e+17,-1.768938789e+18,-1.080946176e+19,-2.244641997e+17,-1.622141095e+18,-8.840311812e+16,-8.218644535e+17,-2.67497544e+17,-1.023029431e+17,-2.513853468e+19,-5.174584813e+19,-7.916577442e+18,-4.088595863e+17,-5.966590062e+18,-5.680149446e+16,-2.141931265e+20,-7.398737985e+16,-5.666732344e+17,-4.876352219e+18,-2.100103557e+19,-7.157073896e+18,-3.060047504e+15,-2.203435144e+17,-9.464302492e+18,-4.382056022e+18,-3.035952613e+18,-1.613190296e+18,-1.003028175e+19,-1.91734069e+19,-3.654916867e+18,-4.062537036e+17,-7.52235849e+18,-7.11699475e+19,-2.254621845e+19,-2.338892079e+19,-2.62616265e+19,-3.149464503e+16,-6.94666226e+18,-8.944422964e+16,-1.549040049e+19,-1.842752976e+18,-3.635485625e+19,-3.232106194e+19,-2.488161771e+18,-2.41716384e+19,-4.833202398e+16,-8.984858864e+14,-3.731362593e+18,-2.312357613e+19,-6.122624672e+13,-7.132061452e+18,-6.283386227e+18,-2.215898378e+19,-1.102701547e+19,-1.275256337e+18,-3.100872792e+17,-3.783209173e+17,-1.332342646e+19,-2.508434435e+16,-2.217970811e+18,-1.311950962e+19,-1.437018739e+15,-3.29475376e+19,-1.734217935e+17,-3.53445852e+18,-5.254954512e+15,-2.311920229e+17,-4.076678027e+15,-8.781453555e+15,-3.665616425e+18,-1.453099957e+19,-3.68322126e+17,-1.500734026e+18,-2.018006323e+18,-9.748410043e+14,-1.770414203e+19,-1.421843943e+16,-6.306335304e+17,-2.220457085e+16,-9.784740263e+17,-2.56681889e+18,-1.287495821e+17,-4.566808417e+16,-8.730308282e+17,-1.888130803e+16,-2.242633546e+16,-4.896263299e+17,-2.018192215e+19,-1.622379325e+17,-1.483592778e+19,-1.402228839e+17,-2.170282963e+16,-3.639832531e+14)
mX=[100,3](0.6880048193,0.1552882383,0.06059635475,0.095491544,0.6612147949,0.3077617022,0.4781326765,0.2475867819,0.5990156793,0.9581934033,0.2336236909,0.1269001562,0.2107916431,0.8375871098,0.3677608947,0.01358519475,0.6800769835,0.3461992317,0.4887861492,0.897319782,0.9716792375,0.1607942048,0.3536087175,0.2737914577,0.6725173256,0.06143653638,0.6220836485,0.7708541263,0.2766203965,0.5744406962,0.9111988735,0.9803969137,0.8078793599,0.3163192506,0.4733265351,0.2971974615,0.2995055748,0.9577783285,0.7075498593,0.2490884647,0.7601263263,0.6610961707,0.1597140557,0.6180502523,0.0292487213,0.4560816138,0.1931776942,0.2203640437,0.6167258912,0.0465021813,0.8802452904,0.03225638961,0.1795008748,0.8671896861,0.5221349181,0.8197252413,0.8333310099,0.4098782153,0.9155316629,0.3328829539,0.8224486747,0.651743193,0.9823096756,0.1084057482,0.9371444495,0.4221129551,0.3853551077,0.1264515987,0.922569692,0.05520887834,0.4874947528,0.09731472389,0.553192525,0.5090094365,0.05414562877,0.9897353056,0.3154338705,0.7967407648,0.8731146706,0.5941507688,0.8503860552,0.8432369876,0.7323175358,0.536862138,0.2749167503,0.007074454632,0.1632109454,0.7190039809,0.1000039243,0.2495655185,0.9325825236,0.457934875,0.2172594745,0.8087985248,0.7401614628,0.1051647488,0.197293386,0.205551997,0.6871956073,0.658446628,0.7924695771,0.5597221169,0.9716540625,0.8520872241,0.487207898,0.3347213747,0.4152745544,0.7731897112,0.3718335721,0.5564128161,0.5041915041,0.7890329947,0.2870545084,0.14479145,0.220633989,0.5239317999,0.4412123353,0.562054818,0.02058746574,0.7504513062,0.3400577028,0.3816195214,0.6089205937,0.4249969182,0.4223244062,0.4167068921,0.7529560144,0.3315710082,0.7283369378,0.6374083566,0.09106999476,0.1939057182,0.121934838,0.5627006386,0.9195381208,0.07181380831,0.8677105584,0.388972011,0.883155799,0.7147865801,0.6454326749,0.5805998284,0.9625515179,0.009100116286,0.7203709792,0.6336673718,0.4785236097,0.5121498336,0.3668036518,0.9442961897,0,0,1,0.354011702,0,1,1,0.1233347864,1,1.296990639e-18,1,1,0.1482672802,0,0.9257205903,0.3975561485,0.1480782227,0.9999782884,0.8513720961,0.01733241241,0.03479044532,0.007170181681,5.551115123e-17,0.9711636525,0.3825679006,0,0.923981946,0,0.04628698822,0.924117569,1,1,2.081668171e-17,0.9044068544,0.1368340819,0.9166826375,0.9982464207,0.9777068924,0.9962826348,0.1084851522,0.1239963278,0.9237386757,0.1094562437,0.1260371322,0.9234900254,0.1380458132,0.7496076052,0.1670894616,0.1103361744,0.125095083,0.9232410026,0.3905682592,0.1247980721,0.6800257953,0.03183050094,1,1,0.3901670445,0.1241728036,0.922621209,0.6434858712,0.9678851035,1,1,1,0,0.007505648973,1,0,0.5199542771,1,0,0.01442833297,1,1,0.5318305009,1,1,1,1,0,0.8859028909,0.1273707842,0.9228536769,0,1,0,0.8861254622,0.1259510578,0.922557657,0.885461119,0.1250534006,0.9240186083,9.020562075e-17,0.05673750568,1.734723476e-18,0.6598981405,0.1175278606,0.9226312861,0.5037984285,0.1559406122,0.1559422367,0.5199542771,1,0,0.3785475022,0.9731175375,1,0.8072417069,0.9581371359,0.1670894616,0.3858912424,0.02208090495,0.9231718,0.7462015715,0.1559406122,0.1559422367,0.7940225718,0.9583333333,0.9583333333,0.4762095111,0.9586256994,0.1660366334,0.7940225718,0.9583333333,0.9583333333,0.4559774282,0.9583333333,0.9583333333,0.1446553808,0.75,0.9583333333,0.3864257284,0.0223075873,0.9239432469,0.5037984285,0.1559406122,0.1559422367,0.9877154791,0.7006101221,0.9572343762,0.1685658809,0.1559406122,0.1559422367,0.1584694284,0.05577820434,0.1476590806,0.1607518665,0.05358773913,0.1491044552)
