mCurrentIter=100
mCounterStuck=0
mYPrev=-40.86119035
mParameters.n_iterations=100
mParameters.n_inner_iterations=1000
mParameters.n_init_samples=100
mParameters.n_iter_relearn=1
mParameters.init_method=1
mParameters.surr_name=sGaussianProcessML
mParameters.sigma_s=1
mParameters.noise=1
mParameters.alpha=1
mParameters.beta=1
mParameters.sc_type=SC_MTL
mParameters.l_type=L_EMPIRICAL
mParameters.l_all=0
mParameters.epsilon=0
mParameters.force_jump=5
mParameters.kernel.name=kMaternARD5
mParameters.kernel.hp_mean=[1](1)
mParameters.kernel.hp_std=[1](10)
mParameters.mean.name=mConst
mParameters.mean.coef_mean=[1](1)
mParameters.mean.coef_std=[1](1000)
mParameters.crit_name=cEI
mParameters.crit_params=[0]()
mY=[200](-38.64665047,29.33324234,1708.62011,29.76590638,2388.845346,113.0640279,7.126352852,2489.659391,-31.86388753,-31.30808419,-22.91623748,136.0006081,-3.767729077,24.11382229,6.319390659,23.13649096,-27.87443283,-2.532368795,1.97798807,157.2905738,-4.769329535,-17.71299078,-15.36003757,463.320164,10.73164198,21.52324214,1337.152264,-17.79605128,-3.086933059,-35.22358773,-35.03376046,814.9291752,13.77197937,1254.732788,-28.80480382,1.579145615,855.0937096,-21.00658106,-31.07271189,-0.6211953454,13.16539372,86.14357027,17.15940738,-39.02989859,15.62737205,20.31778905,33.66460962,314.0146506,-6.790317409,15.57660358,-31.4068712,33.18232335,-34.11955348,-2.833103729,-20.16382544,2.566456233,-8.723408982,131.6157116,39.02431156,31.18742364,-20.05223098,10.66755728,2386.172356,0.8197492684,-2.378659319,-6.1153264,-28.73713349,-38.30682235,-37.45928077,19.78273309,10.64187993,17.55227292,29.7707191,-15.76844054,256.4435767,34.70299024,25.02063823,0.9803363835,15.29428181,14.16218677,73.82244052,-24.65347864,-2.756473131,120.0837848,-4.906390309,1225.6516,21.35239447,130.1186827,21.67601576,2832.659899,110.8711683,-40.38235319,5.854706308,-44.60643867,24.30721191,9.607522698,291.6271101,-14.58902902,-44.12410229,2.615807883,-44.3865714,-47.32883354,-36.61708148,-41.14638156,-39.7065194,-19.10504437,-38.75213056,-33.61785622,-43.33812215,-26.87390712,-31.64108146,-43.24890191,-11.37421365,-37.14666315,-35.61906159,-42.57206127,-29.9561825,-37.97879589,-38.65400389,-13.63749205,-41.1679414,-37.66425489,-31.43226544,-29.58968026,-37.19193757,-40.52271603,-31.55057409,-34.94821104,-39.17502569,-28.53815291,-41.62534241,-28.55556634,-37.66081205,-28.9781924,-44.3099562,-39.10325588,-31.51841427,-24.9443421,-29.69745181,-38.25324867,-42.0674573,-40.29096847,-37.71521182,-28.98248255,-42.6902895,-8.572781119,-41.1157851,-31.98394436,-34.14247169,-33.56078062,-31.39327307,-25.68337029,-41.88609836,-41.50165101,-43.77321394,-34.23748966,-27.57745438,-14.13720338,-42.99179604,-33.02607382,-38.25382809,-35.38440722,-35.17786755,-25.03588942,-41.30482946,-15.9102104,-47.25925347,-23.19256559,-43.58234294,-36.68812491,-42.3625514,-39.56795445,-41.53857888,-23.99968487,-41.77390389,-39.65615696,-43.9627573,-42.33655579,-28.01219112,-40.64104471,-34.12332844,-24.67594807,-37.68325451,-20.1529778,-40.53637742,-41.70684746,-29.59591345,-44.37275845,-45.22196012,-33.98672793,-40.16307127,-43.1198659,-34.47061384,-32.48749226,-39.26600202,-40.65647879,-42.92134706,-38.19915644,-38.82498728,-40.86119035)
mX=[200,3](0.4892327237,0.5348889389,0.2648104384,0.09050356075,0.2178047592,0.3692131737,0.9769403169,0.07001215213,0.1834784748,0.4241481629,0.9990561734,0.538488266,0.1607434601,0.001588245083,0.1434732242,0.749679627,0.2657009159,0.2971978699,0.2093866919,0.9233439429,0.3074527926,0.1082344029,0.06912880449,0.1083391661,0.9166885138,0.6939906695,0.1665778903,0.5482156802,0.5503965057,0.632118239,0.1748368323,0.2321075494,0.6869677883,0.6640639757,0.03662488425,0.4616985843,0.5136325673,0.2859349434,0.3799698989,0.4172131359,0.5054777972,0.9665098862,0.6069941132,0.9166370889,0.08124614874,0.6215380743,0.4247778002,0.9732411274,0.899331096,0.3878864383,0.5940770531,0.2239427508,0.87183631,0.4504309559,0.8384385039,0.1915831745,0.8400000038,0.8846344412,0.3325548873,0.2355581178,0.06112554814,0.3403639181,0.8289061628,0.08434060684,0.7787545436,0.2828033154,0.07695496142,0.1347753752,0.6510024256,0.5063701654,0.1542393921,0.2539379414,0.3107877185,0.9308475092,0.3985600875,0.8618139624,0.1233724856,0.5680921892,0.658013608,0.2050730359,0.1230355453,0.3646311954,0.4370112925,0.7512237135,0.7920807494,0.8467822931,0.5701506903,0.9873374694,0.5299102204,0.4106657129,0.03182986405,0.4743455858,0.6127123413,0.4604517343,0.4072767745,0.03259507425,0.4710187769,0.3961302317,0.9275181141,0.578227954,0.2788351823,0.06808146072,0.6715306279,0.7366771294,0.1705715462,0.8748271202,0.05049193345,0.6694208724,0.6983646558,0.6816639616,0.007858705542,0.003229576319,0.7627448518,0.2194760743,0.6820297151,0.5683805799,0.6217808397,0.8012235736,0.6734846443,0.7985519789,0.3374488762,0.7478557359,0.8198883497,0.8110365495,0.04896742767,0.5002398469,0.1890209384,0.3091177691,0.9479495904,0.7084669214,0.6067322503,0.4479753807,0.1275791672,0.6585385738,0.8731299233,0.2596048232,0.7014861674,0.8883196217,0.1467929472,0.8104087072,0.9141462477,0.1351263297,0.4567545528,0.07777448112,0.8564936527,0.7523857343,0.6799049521,0.969356063,0.7829913387,0.0484542591,0.4947283067,0.6301025506,0.5517675832,0.7106551961,0.6278996455,0.9989789232,0.9391245148,0.4621188838,0.4766814171,0.5299054859,0.02537238915,0.7149418892,0.5553676236,0.3201406912,0.7333050013,0.2650372495,0.4917617736,0.8581966293,0.5872831293,0.832278498,0.1166995922,0.5387708431,0.8842345589,0.02587643835,0.7839035188,0.09647709077,0.5447134298,0.3039933593,0.8076142326,0.9052279735,0.1188970967,0.161114459,0.6442978997,0.9286408352,0.4894681276,0.8972092972,0.2986717465,0.1047487572,0.09375897585,0.1987208724,0.7139361639,0.761597518,0.04210377178,0.3591440798,0.33458213,0.3975474686,0.7287600137,0.6965899922,0.611781272,0.5192177739,0.2228644826,0.2854426202,0.293832012,0.5269517426,0.3291598296,0.6659879531,0.3825175645,0.9457571719,0.9818712068,0.420706335,0.355707928,0.9030273326,0.586264058,0.8293461286,0.855642417,0.8001689918,0.2342673599,0.9531588237,0.7286869751,0.2485341295,0.6173052565,0.7020188449,0.7718188657,0.01182730085,0.4092795447,0.4377104233,0.9684717253,0.7730902814,0.99111552,0.3139876776,0.980508173,0.5629353764,0.5915614818,0.8323018307,0.05972110501,0.3754142113,0.9331157715,0.8480032655,0.949598799,0.3186609086,0.6442323407,0.2569099238,0.3210343959,0.01600800134,0.6443579366,0.1311878619,0.3779695445,0.8602008988,0.1511057672,0.3412098174,0.1724121936,0.3411503315,0.1554070837,0.08857421247,0.7892171315,0.955273911,0.4102505769,0.01925002713,0.7310838114,0.9745632561,0.6071655084,0.2732641398,0.1449936824,0.3583655485,0.9068689977,0.2433479482,0.492295864,0.3847192135,0.1143478101,0.0557894123,0.7235458072,0.36049781,0.204458885,0.4442804919,0.5844003351,0.2444533921,0.7673249105,0.8987377074,0.5170687698,0.7519254491,0.5400401268,0.432095498,0.4043421673,0.5749495672,0.9564771059,0.2162278952,0.7993637435,0.7494727779,0.4524689771,0.18046754,0.2700422548,0.5925825417,0.8258285141,0.1927965455,0.6383347774,0.4438282027,0.4857363875,0.029485641,0.2202653021,0.8636307604,0.6740279848,0.522670558,0.3329361745,0.6012361921,0.5123245348,0.3374849573,0.9999707926,0.6330743959,0.29656211,0.3317158846,0.4474841335,0.375051286,0.2313214893,0.6091181075,0.3022687258,0.9891878252,0.4400798715,0.3676708207,9.701861569e-05,0.4195876846,0.4128811105,0.9999779704,0.6716945572,0.2787822063,9.02451727e-05,0.5642214528,0.3201763746,0.9999842296,0.4817612843,0.3436342766,0.1699505958,0.6631261553,0.2692397089,9.418546449e-05,0.3920543803,0.4375890212,0.9847238601,0.3908412291,0.4017241944,9.700166209e-05,0.5178190898,0.3429157001,0.8100804379,0.675107612,0.2664998289,9.681885478e-05,0.4117902872,0.5259938657,9.775781324e-05,0.6397373339,0.4952451534,9.691391979e-05,0.4768310051,0.3696831334,0.8507466887,0.5670213484,0.3076099374,0.9999779447,0.3434745487,0.6638107301,9.709552187e-05,0.3713764962,0.4513858546,9.715063104e-05,0.3519058487,0.6048865448,9.701329857e-05,0.6723050497,0.2598734893,0.9999780099,0.7313176611,0.2537964936,0.8143862892,0.4951746985,0.3312703352,9.703748715e-05,0.5159218521,0.5197618926,0.9999779909,0.7050299921,0.386128974,0.7154920825,0.3816381986,0.4166472241,9.30320044e-05,0.5907997275,0.3097396529,0.9999781089,0.6600409535,0.5239322542,9.696943809e-05,0.5661225935,0.4134677403,9.693557018e-05,0.3890205352,0.6779475315,0.3242198976,0.4475452091,0.3684278317,0.9999779997,0.4348359263,0.5450333014,0.8327617918,0.5839866766,0.296858257,9.695224493e-05,0.360603704,0.4909200411,0.05882756291,0.6912005148,0.2474293502,9.064137952e-05,0.6705124627,0.5701632083,9.705271399e-05,0.6862432847,0.4137326056,0.4613488579,0.4132133227,0.3944169272,0.8559123465,0.5549770371,0.309744175,9.694395208e-05,0.4846338779,0.5406130156,9.876790176e-05,0.3283130388,0.5886544438,0.9999779965,0.7403579343,0.2474552941,9.715097117e-05,0.5010289008,0.454447425,0.9999767283,0.2920758587,0.7384258034,0.1516166347,0.5262557954,0.3247999232,0.8085200401,0.3683965458,0.4405219866,0.8467644528,0.6867747791,0.3423703783,0.9999758268,0.5334295582,0.5447867156,0.8250616182,0.484742651,0.3403965182,9.00762461e-05,0.4745894853,0.6787166275,9.697846399e-05,0.5212092464,0.4762985239,9.717775756e-05,0.3725699376,0.5554333368,0.0001057342915,0.4346534559,0.394152187,9.361947552e-05,0.6575071845,0.2571231494,0.9999779733,0.7035454102,0.4676219807,0.9877861126,0.3282067332,0.6099072095,0.3869703903,0.5833124996,0.2907572831,9.94785256e-05,0.5451749238,0.5685784561,9.702190919e-05,0.3531817433,0.460508437,9.710090259e-05,0.6537400396,0.3520411521,0.659403174,0.6931573206,0.2442149002,9.706215901e-05,0.7039723699,0.4967893455,0.3192152875,0.4763920063,0.3500398873,0.9999774449,0.5012331018,0.7139013608,0.5569661398,0.5046490486,0.4758781217,9.697327111e-05,0.2850629,0.7208313746,0.1426640116,0.5309491707,0.4060349075,0.7465594664,0.4141595721,0.3890937633,0.8220098608,0.5904117729,0.2938689552,9.049268505e-05,0.4490138925,0.564455766,0.6872639358,0.4083163892,0.5049917406,0.9999780091,0.6582314105,0.5899848914,0.3468759423,0.5381762938,0.3129785958,0.9318583722,0.5955025619,0.3820727528,9.699824866e-05,0.5107740776,0.4717164387,0.7781584468,0.5487292565,0.5002136502,0.1448929441,0.7291511333,0.2317685452,9.098979295e-05,0.3898469195,0.4236006921,0.0001013984996,0.3124102337,0.6236189862,0.9999779832,0.7754444391,0.2372576916,0.4366095335,0.4810168939,0.341374003,9.683967987e-05,0.667366075,0.6052906376,0.6234878016,0.466545335,0.5727110837,9.698416395e-05,0.3546234695,0.5070183169,0.3839073921,0.7010724093,0.334137304,0.4289647803,0.488268847,0.4337321754,0.8393874509,0.5572587901,0.2998342547,0.7007059085,0.3695399263,0.4392599597,9.907080977e-05,0.5125571137,0.5164158994,0.1963739801,0.5599438264,0.3878050161,9.707445319e-05,0.451068891,0.6197360845,0.6753375044,0.6832361928,0.4582593007,0.3485327899,0.5621796351,0.2935386383,0.5779303719,0.4307412515,0.5236265591,0.5488961907,0.4405652246,0.3654819799,9.730151236e-05,0.5741536558,0.4688698374,0.0001001134619,0.4253853549,0.3984503875,0.8650062091,0.5763873239,0.362712303)
