mCurrentIter=100
mCounterStuck=0
mYPrev=-48.12216267
mParameters.n_iterations=100
mParameters.n_inner_iterations=1000
mParameters.n_init_samples=100
mParameters.n_iter_relearn=1
mParameters.init_method=1
mParameters.surr_name=sGaussianProcessML
mParameters.sigma_s=1
mParameters.noise=1
mParameters.alpha=1
mParameters.beta=1
mParameters.sc_type=SC_MTL
mParameters.l_type=L_EMPIRICAL
mParameters.l_all=0
mParameters.epsilon=0
mParameters.force_jump=5
mParameters.kernel.name=kMaternARD5
mParameters.kernel.hp_mean=[1](1)
mParameters.kernel.hp_std=[1](10)
mParameters.mean.name=mConst
mParameters.mean.coef_mean=[1](1)
mParameters.mean.coef_std=[1](1000)
mParameters.crit_name=cEI
mParameters.crit_params=[0]()
mY=[200](248.9089295,84.37582716,14.46698542,250.3167341,-12.44783946,3294.60346,6.550674301,-26.45520193,-30.20848783,5.918694261,-16.8425584,-9.99425275,-44.68522681,-40.25821769,34.4393855,-49.20736347,2976.532584,23.13923488,-2.937262371,262.741269,5.755334826,22.82915674,29.52376563,-5.094340958,6.430587402,1071.553149,-16.27580463,-0.2510126642,16.84115985,357.3452293,-5.13653302,34.86491032,-20.65311691,-21.85182768,59.720127,-39.74842904,-19.24239789,-4.873515412,22.59354897,-17.14272082,-10.88082481,-1.204844264,183.0996413,805.5651545,370.5674791,-5.618887056,-26.72056065,3061.300493,37.22044673,-27.0068681,4.396457753,11.04124523,27.14570344,61.10170144,12.39402165,-11.61798333,-3.493272147,-27.65377731,-13.55517632,-40.958295,641.4237079,9.285570695,1634.620404,-6.434372436,-21.31772764,-23.09224173,15.26087137,-16.59626428,3070.109624,-42.965898,5.552543739,-52.27785626,-22.33412262,-20.2266448,1508.417531,1659.387059,-8.804014857,14.56157018,-30.64414329,512.5938772,19.29761743,509.4425094,14.05750448,281.9194219,-44.06052854,10.12821465,9.767906255,-23.91281526,-17.60355868,0.4822963582,-28.42975098,16.29832702,-0.01264472002,40.01934046,244.3234466,26.34042336,-46.7072225,1922.024026,-11.89226393,-35.169852,-46.74703712,-45.96802313,-46.13052289,-38.56359095,-46.73300754,-36.57723963,-47.66991988,-34.23019487,-32.08697316,-47.68223135,-38.60754991,-39.90319206,-39.20411851,-48.35844857,-44.64655652,-26.81675448,-37.20130346,-33.20231725,-40.05804218,-41.80871578,-45.66850411,-39.60899859,-42.63883355,-45.95642842,-26.39304232,-44.06811291,-28.42177581,-38.94662522,-34.25675062,-48.04833081,-45.45997377,-38.19593025,-51.26112924,-37.92458505,-50.18639662,-35.03926363,-37.14501806,-50.89009206,-42.33074377,-17.77656512,-49.35858203,-38.15040299,-30.99599583,-50.82146394,-43.76237804,-42.48681328,-43.46235829,-39.21155248,-45.04457236,-45.48297529,-30.90843066,-40.87778309,-39.99262675,-50.27985927,-35.2279009,-27.85887246,-22.05616865,-43.77853478,-45.50821227,-49.94806781,-38.41783087,-34.81900604,-46.43295124,-31.32132357,-47.07888786,-36.21144389,-49.55301938,-13.43521302,-51.15647575,-46.19269297,-36.95890803,-48.27188179,-40.68436889,-42.69608207,-35.54880882,-50.74646268,-49.06192986,-12.42162336,-37.89979313,-38.38730856,-48.13990343,-49.68795619,-45.90421067,-34.43036401,-45.73589247,-51.72497902,-35.8195844,-53.02613819,-24.2459586,-40.54609829,-50.19438704,-32.46410383,-49.47296391,-42.32342647,-47.42169786,-42.11822785,-40.44255724,-41.75459135,-13.53429189,-48.12216267)
mX=[200,3](0.8787083591,0.1623007484,0.3725992865,0.7006544712,0.00390167986,0.5426421006,0.9540851787,0.9217296072,0.09877207136,0.9054616613,0.2245149518,0.3226987476,0.2514051744,0.8018252868,0.2460381172,0.341422218,0.30510242,0.000682343184,0.1963816937,0.6064354386,0.8386658978,0.276607549,0.2599159827,0.5799849276,0.2413764287,0.7067227916,0.2211227074,0.7341055402,0.530898606,0.8576552712,0.5686309169,0.3775612153,0.732794402,0.04448741169,0.5735064181,0.7487359236,0.6386728113,0.4905850925,0.4974075813,0.5211328244,0.4835519716,0.1940285097,0.9215155971,0.8246641798,0.93870467,0.03820804511,0.3915581424,0.4774840703,0.8151675084,0.03735845833,0.06079293985,0.7549963479,0.521928542,0.9545993744,0.7755659104,0.8588028733,0.4464180105,0.6967141085,0.2443466123,0.2504557949,0.3609828908,0.2948510237,0.8701812857,0.06040498397,0.9781458776,0.5130592226,0.4463190981,0.9417670419,0.7555064804,0.1819003692,0.8419660733,0.4843654355,0.02883065489,0.907824986,0.3016800109,0.01839976557,0.4624806526,0.02147506386,0.6516304164,0.3118056588,0.4637108658,0.08748896846,0.1375807103,0.6068300277,0.9185735078,0.9515719502,0.1465824494,0.1443504683,0.01633700605,0.3909251143,0.8819754023,0.810814432,0.6265063806,0.07993875262,0.7199867007,0.949407013,0.6635819563,0.7869742444,0.355365609,0.3752463814,0.359656447,0.7274904619,0.4995109575,0.9692989582,0.9915765447,0.7289077082,0.6257011041,0.1049348052,0.8286249805,0.7508206222,0.5582698378,0.6010493775,0.8639598023,0.3197968461,0.3000544803,0.6678560266,0.9093573306,0.4246038382,0.2389693457,0.6345191226,0.3534587103,0.4243226545,0.7878069085,0.8581434078,0.3633283371,0.7991011733,0.5951311052,0.08042851515,0.438534556,0.9402335139,0.2009793917,0.2110489302,0.4387997303,0.3341751837,0.111799919,0.2144780791,0.3280231764,0.8109142417,0.136900642,0.6901077515,0.5211600275,0.5495762679,0.06459003777,0.03716222221,0.2036631523,0.7295312505,0.9677428985,0.8086278489,0.4116598447,0.3489273168,0.61550326,0.1403029637,0.8023785664,0.05426430669,0.7725190422,0.7709578912,0.4508329877,0.9997882907,0.3877614569,0.5057619364,0.9846841262,0.9869895348,0.5142460353,0.5596322926,0.8943173256,0.3335163568,0.1935387767,0.7139780757,0.8685613954,0.8715842218,0.4091828642,0.9622273406,0.5699330147,0.5839138126,0.9910082261,0.5988692017,0.7023625278,0.782778924,0.6440801214,0.4156449017,0.7474080168,0.2120981855,0.2083119445,0.6249200104,0.1827561501,0.8626932405,0.6776685537,0.126544356,0.1317859682,0.3815588313,0.6711982328,0.04256147132,0.8448633839,0.3843756527,0.6135260117,0.6828124074,0.7679849226,0.2665737571,0.4774692996,0.6368319318,0.8847550987,0.09377802242,0.7491970851,0.530508667,0.5739308417,0.02748881662,0.05391421847,0.2625293159,0.6186643553,0.2303978271,0.9367047937,0.655941269,0.8257360862,0.4826528917,0.4704211586,0.4587310294,0.1237447667,0.7343429373,0.5031557157,0.1061828613,0.7944003765,0.1583056924,0.5333545822,0.0951787814,0.165774813,0.1568567313,0.0444851861,0.1712019513,0.00238958576,0.8396684878,0.3336155169,0.9824630161,0.8939819348,0.686442883,0.1709890314,0.5854300823,0.5996871762,0.2334022312,0.887643801,0.01499577252,0.8936837313,0.5106858413,0.9262429381,0.1155963801,0.4077050326,0.07363333819,0.4066818662,0.273839439,0.9111174801,0.972922373,0.2601848553,0.287836518,0.3157977636,0.4433924363,0.560800805,0.4192664425,0.9335023729,0.2783809869,0.5554648956,0.07130276533,0.8456156781,0.8304982501,0.4374711835,0.6484661133,0.5882866853,0.2827090088,0.6660428052,0.2815149378,0.1062906673,0.7696636056,0.3230824704,0.6867380444,0.1214815267,0.7987804548,0.9117278636,0.6726595135,0.223178194,0.1111108505,0.6500676537,0.7626129912,0.3466955605,0.2936922854,0.7159041526,0.058871648,0.4285164304,0.4646330628,0.4523402274,0.9750248878,0.6433183959,0.5494814925,0.3681663004,0.3900534133,0.1528471897,0.08376507525,0.1643945339,0.1734126314,0.6925157722,0.2914841132,0.5084199754,0.1829600544,0.8103450595,0.6295815872,0.2626708598,0.5908310857,0.6216729827,0.2691490886,0.03478702507,0.5876474265,0.316370892,0.8603907544,0.667493903,0.231662169,0.06820794391,0.6158699992,0.2743490962,0.7511788064,0.6766383185,0.2227536033,0.2346733871,0.5806870186,0.3310158503,0.9999959569,0.6800493136,0.2260424879,0.9999865747,0.5934488154,0.3221502881,9.698047918e-05,0.565689604,0.3963815969,9.240529259e-05,0.6608042123,0.2308377269,0.9999781133,0.562370788,0.4351663453,8.875527791e-05,0.6548301787,0.2357935463,0.03211378897,0.584339395,0.3136576517,9.716873545e-05,0.5595870928,0.428993492,0.9999869979,0.7010938278,0.2110082937,0.9999837307,0.6012534607,0.302421536,0.9999781076,0.5473567061,0.4883134123,0,0.4840232571,0.5705664958,0.0231499287,0.6777696842,0.2175280707,9.708727821e-05,0.5707929925,0.3685880007,0.8987767976,0.6308057123,0.2547659979,0.9999779856,0.5772456971,0.3731303418,0,0.5400826635,0.4771051266,9.71488517e-05,0.5376979176,0.6471622174,0.06645014497,0.6160690387,0.2641921359,0.9999781173,0.4785018423,0.5274822087,9.032683585e-05,0.6329908006,0.407454461,0.5855573892,0.7037301264,0.199747463,0.4683774976,0.5917525413,0.2828179127,9.764401375e-05,0.4987002553,0.5171691227,0.5649320721,0.7004144682,0.2014567182,0.4224351382,0.5850433305,0.2928805435,0.9999780122,0.6105441942,0.4451602862,0.1749794988,0.5105582495,0.3965269757,9.701969354e-05,0.4214011244,0.6219775679,0.649524441,0.6985351021,0.2011305153,0.6023333207,0.5803179067,0.3078971838,9.748574901e-05,0.5718545909,0.4748072987,9.707496352e-05,0.6450951877,0.6442518692,0.8061249571,0.5511440735,0.3759949443,9.700409931e-05,0.6531412042,0.3561780378,0.9999780089,0.5869978628,0.5329916729,0.4829294034,0.4958795761,0.4200615542,9.480186533e-05,0.4097045841,0.5431405032,0.06659708008,0.6564721806,0.2260669,0.9428083692,0.6207970754,0.2609598256,0.3617885449,0.6506411202,0.4279633969,0.1150108282,0.6245162446,0.2475492899,0.215257782,0.5674828104,0.2986675538,0.826864188,0.4039366532,0.5440895257,9.009393181e-05,0.5573996528,0.518806013,0.9643207011,0.6313517648,0.3460386932,0.06848468184,0.4875538836,0.4163212514,0.5624346088,0.7036890515,0.1955962053,9.02603146e-05,0.4141112277,0.6706723303,0.9999780452,0.5709136959,0.6435503608,0.8760265489,0.5037244645,0.4381505322,0.208144974,0.5965237672,0.2669493801,0.3259278941,0.5399968883,0.3453409986,0.555076552,0.6167281409,0.4696567293,0.1189241396,0.6672456215,0.3822326755,9.68596929e-05,0.4474656122,0.5191211924,0.5770834956,0.6952554377,0.1996688352,0.6284550098,0.6133956825,0.2530689767,0.2444449114,0.5741975596,0.5532334299,0.5706800747,0.5438285506,0.3431374972,0.9999780764,0.3867735575,0.5736633827,9.704077384e-05,0.4899298246,0.4427166699,0.7612337048,0.5072296948,0.4246321291,0.02579576745,0.6858015725,0.2053227076,0.08757525924,0.5983900715,0.2696628811,0.7207941352,0.6504664357,0.3329666331,0.3748406305,0.6032684428,0.4672316412,9.630825377e-05,0.3928459524,0.6026548848,0.0578830939,0.522655493,0.3588359848,9.711733289e-05,0.4817699849,0.4765829854,0.9999780465,0.455793493,0.7116023126,0.1584430593,0.6572390053,0.4167594555,0.6343335389,0.6962835092,0.1962632441,0.5785910673,0.6066397138,0.2490770004,0.6600607873,0.5232082163,0.3839645652,0.691679269,0.4816029681,0.4806712107,9.700731843e-05,0.5828118857,0.5672919053,0.4584252773,0.6162705368,0.2418497781,0.4325545833,0.5617387211,0.3048202362,0.9100486147,0.6254347531,0.4981136234,0.1875524734,0.5136162884,0.3858041771,9.669129191e-05,0.3827056067,0.6926173198,0.2618132258,0.6589800927,0.3208790707,0.3409329694,0.4926875605,0.4584532374,0.8155025453,0.7150307272,0.1923250677,0.7414198422,0.5894825692,0.2719208248,0.8009449345,0.6262352469,0.390113969,0.1949147487,0.5423260361,0.3247151576,9.781727296e-05,0.3936405789,0.5458655793,9.720717071e-05,0.5874351769,0.4634800032,0.5849408035,0.5295797792,0.5466011669,8.948209845e-05,0.6530533792,0.6719310377,0.673493599,0.5153583879,0.3987885876)
