mCurrentIter=100
mCounterStuck=0
mYPrev=-25.92689654
mParameters.n_iterations=100
mParameters.n_inner_iterations=1000
mParameters.n_init_samples=100
mParameters.n_iter_relearn=1
mParameters.init_method=1
mParameters.surr_name=sGaussianProcessML
mParameters.sigma_s=1
mParameters.noise=1
mParameters.alpha=1
mParameters.beta=1
mParameters.sc_type=SC_MTL
mParameters.l_type=L_EMPIRICAL
mParameters.l_all=0
mParameters.epsilon=0
mParameters.force_jump=5
mParameters.kernel.name=kMaternARD5
mParameters.kernel.hp_mean=[1](1)
mParameters.kernel.hp_std=[1](10)
mParameters.mean.name=mConst
mParameters.mean.coef_mean=[1](1)
mParameters.mean.coef_std=[1](1000)
mParameters.crit_name=cEI
mParameters.crit_params=[0]()
mY=[200](44.91454238,-15.2238948,-0.3241888852,-5.172970622,47.08254109,16.59776889,3797.156608,2223.121459,134.8868577,-17.72031716,-14.30354185,25.66871947,91.48072155,11.97282894,82.80875795,34.10673272,30.36074686,33.85381843,57.57683704,93.70862297,23.44859117,33.13425402,1002.44174,13.70854229,52.33770789,-0.9551316309,-1.410312754,35.92602984,3.175899797,842.6276812,27.41027504,39.18570338,-19.01885717,0.2106257525,36.55719124,1823.833398,15.88001979,-4.590798609,45.92153501,-9.169247251,6.430764246,-12.38339887,24.9717921,27.48268739,20.05739323,173.1585974,43.95725754,31.54289367,3161.211258,7.199241598,47.8315552,18.44797964,24.2736382,8.320551772,-11.83031271,1.222164639,-13.2097715,35.51738998,292.2173077,110.7601424,69.23169934,0.4379063091,-4.299177247,44.00132382,564.0040383,38.7460913,22.98482624,80.66234354,15.70570481,46.54970005,-1.072229126,-5.870034317,454.0513881,26.20715865,40.34634361,10.35768828,291.2735484,29.70332626,17.95697852,17.01193868,478.4377941,-3.971987791,31.97364906,31.77304177,40.31664874,47.51553395,53.77966334,-2.56775694,6.698617751,59.90411972,22.60775348,39.09367399,2207.28943,-6.610079214,5.019409473,25.25493423,-5.075576812,2.579781942,-0.2457576081,1.764171968,-15.14954734,-19.65792523,-20.86156043,-12.06937536,-20.72016885,-20.33776765,-17.90470425,-19.17236429,-16.08228269,-10.228016,-14.29891279,-16.23797697,-10.33841467,-16.16920889,-11.30980959,-15.03985377,-12.1194615,-19.21287724,-18.72740145,-12.68300125,-14.17451513,-12.5102299,-18.61671557,-17.51475747,-17.14409965,6.390898368,-5.893918761,-17.95591874,-16.21886539,-13.59870571,-13.50872635,-13.98644787,-9.342976716,-17.22321185,-10.06839969,-18.37118098,-17.99487438,-17.19173135,-12.61988997,-7.587202866,-16.25576996,-16.26484028,-9.473456908,-14.03701172,-7.120962753,-20.44418069,-12.19635668,-14.14796156,-14.34487476,-10.41046695,-0.8129911199,-20.83011458,-10.02723936,-17.05257207,-22.55657397,-17.69497105,7.184322807,-16.23349427,18.64608177,-21.14305447,-15.23862325,-7.50441966,-4.218961651,-22.13065064,2.062563398,-11.70161575,-20.60887696,-15.8564722,-15.71888829,-12.413344,-9.595781911,-14.02883416,-12.69147374,-18.27801192,-22.7527521,-14.49672712,-21.43948669,-6.47823673,-23.32975552,-12.42192526,-16.8573181,-19.25730858,0.009981448778,-23.0582428,-11.47086836,-21.17958107,-10.61924072,-15.95501836,-10.63705327,0.4382873702,-18.14114125,-16.24545995,-13.94374703,-20.34489146,-11.12008719,-19.45668703,-16.25866506,-0.2553603273,-5.148955664,-25.92689654)
mX=[200,3](0.4061158914,0.1028710439,0.5566246156,0.9663007665,0.6502395607,0.2478550001,0.3562207372,0.727818594,0.1392446788,0.02444632872,0.6926628297,0.1286571237,0.9951263997,0.9744760261,0.5848793174,0.1015987562,0.6026858456,0.7674199258,0.7228717055,0.2175067612,5.419000285e-05,0.06004024344,0.1601511902,0.04627765446,0.7956383406,0.1553801843,0.4588370314,0.04174394659,0.5054370811,0.4914512338,0.2047826459,0.6375136128,0.3772495943,0.7488554495,0.8356004544,0.6651287085,0.1516644559,0.2979983145,0.2735755788,0.3419705784,0.1354643504,0.7062478475,0.62579373,0.01096888437,0.5753277429,0.4441029397,0.04714808668,0.8766736419,0.8108031859,0.743731356,0.8228264289,0.7728900201,0.3597987046,0.8978024196,0.2306127104,0.02569218931,0.6057089251,0.2240729243,0.1705370631,0.3618404606,0.6875424915,0.8854396826,0.1439592581,0.09185577109,0.2439381524,0.9204135673,0.1367184422,0.3155146055,0.05862405954,0.707436781,0.5749024086,0.7840589486,0.2888194323,0.8644796117,0.8644263202,0.9204339971,0.4315087971,0.5647687961,0.6986862652,0.3440947525,0.6473917926,0.4205903761,0.6417592791,0.8844517295,0.5715382763,0.7799826188,0.4157602836,0.7599860034,0.3907297029,0.03411268682,0.8379786722,0.921471185,0.1991780455,0.6351795152,0.4775182277,0.9418476031,0.3909907571,0.3743186658,0.4673762339,0.5014873244,0.7803159622,0.4016885986,0.1894511816,0.3338158237,0.3108698143,0.7304909093,0.08461396299,0.1751836503,0.3678149432,0.8749037929,0.2657978597,0.3060231709,0.2690693093,0.4274280873,0.9058463107,0.4836714363,0.9632416973,0.6424464293,0.5671363621,0.6122957517,0.5204459548,0.8075168351,0.351425991,0.5161081016,0.4643591967,0.6340061274,0.5523322031,0.6880476916,0.801986357,0.9129162702,0.1421091679,0.739185948,0.3183339134,0.559036562,0.819916346,0.2101156147,0.2728886324,0.2507157676,0.432465994,0.4927269619,0.9588802191,0.6066425484,0.9473246924,0.3093461337,0.9754390388,0.06921225295,0.02844277255,0.4657032976,0.8161483297,0.2931707138,0.5600746048,0.9135554629,0.06957234459,0.01946835386,0.6694422744,0.7532822913,0.8263811938,0.1853407934,0.7408807868,0.111910687,0.2028522188,0.4383249445,0.8645093908,0.4594062438,0.3955353873,0.2709598491,0.7612678338,0.1038685681,0.0861408677,0.2577564832,0.6211223993,0.1797194307,0.9359009106,0.4445477397,0.07931560693,0.07468255146,0.3344686762,0.4752048257,0.5306808064,0.08574513341,0.3720632657,0.8477889782,0.9917022643,0.3850678258,0.6724309738,0.5999426277,0.03714765843,0.300784648,0.7171131063,0.4515579821,0.9813533072,0.3884928699,0.9807334057,0.9020541459,0.0137325231,0.2511668469,0.61877034,0.905326024,0.8548406458,0.2325860303,0.6832139566,0.001365217664,0.9648413769,0.978320588,0.6663881294,0.3256903834,0.7974602466,0.9371343569,0.9966772,0.2884526301,0.8036756283,0.3677248991,0.5206522778,0.2412654705,0.5102845782,0.2351227591,0.5478336587,0.4223739715,0.07421270892,0.1220130289,0.6288563154,0.1560625235,0.6766248552,0.2247128252,0.9345787457,0.9410550659,0.3877194641,0.6514894962,0.1930361532,0.09428668344,0.3299257607,0.8754550568,0.1161680604,0.8346243823,0.3270643416,0.820077816,0.5315971741,0.4955644014,0.8561620631,0.3447395661,0.4178821125,0.1924437556,0.2228071113,0.2951222316,0.5233116081,0.6748143733,0.5391798714,0.05602575509,0.8579398821,0.3321643052,0.03391085361,0.6972765961,0.8945470121,0.2823655029,0.5032064666,0.5914928545,0.4075486348,0.9868193485,0.8440479523,0.4428854156,0.2014731238,0.8879764371,0.418730217,0.5445780188,0.719416451,0.5921535797,0.7281252224,0.5879854109,0.9541971038,0.8429897204,0.7847551391,0.7123860878,0.7766487241,0.6576592708,0.1211870218,0.9177917184,0.4841559637,0.0008033768344,0.168548996,0.05048666078,0.7095835097,0.1126799395,0.2611097829,0.7595785809,0.5135665909,0.1467914714,0.8925192447,0.4848346468,0.9592702679,0.5479470758,0.1822158576,0.6149965968,0.7901844405,0.09625940451,0.7650762893,0.5821655346,0.2177528692,0.1618470013,0.7397967254,0.4790676447,8.916502745e-05,0.5310983468,0.3282591822,9.10713443e-05,0.5911533981,0.2911727445,9.693659262e-05,0.4578361623,0.3725966909,0.0001050465705,0.6466375454,0.2593111972,9.690579071e-05,0.4397865128,0.3832675404,0.2353268264,0.6502094655,0.2584177255,9.687364251e-05,0.4249637893,0.3925072599,0.7663843016,0.5703117455,0.3231486034,9.780050153e-05,0.3898178344,0.4167360846,0.00399298056,0.6726735676,0.2423739365,3.2404209e-05,0.5234309156,0.3222616282,0.8520282343,0.6839260672,0.2502310649,0.9160816297,0.5417740136,0.351600864,9.690819556e-05,0.3636541829,0.4393974121,9.710755537e-05,0.6811276512,0.2362614662,9.691611594e-05,0.4909866421,0.3402083529,0.8142317476,0.6913377635,0.2402848372,9.663142128e-05,0.3234082308,0.5037655862,0.0001054867647,0.4047771941,0.3963215681,0.9999779656,0.5798750853,0.4303871591,0.0001017607657,0.5901524153,0.2735179936,0.5217084776,0.6953858847,0.2310975721,0.5731936422,0.4958789719,0.3461326466,9.694646611e-05,0.3674867011,0.4270848989,9.689022377e-05,0.5497854026,0.4964885806,9.758292386e-05,0.3743182969,0.7725805589,9.692251743e-05,0.7109608759,0.2260334727,0.0001132421783,0.3064770398,0.5505389669,9.01401266e-05,0.5307116545,0.3108172744,0.0001062010952,0.3976561075,0.3992436103,0.9999767197,0.6222630168,0.3003895261,0.7297195977,0.4565196677,0.3817882287,0.9999781559,0.6241832319,0.5069838101,9.637072328e-05,0.4507876463,0.554407858,0.8648595826,0.7009142452,0.2312587629,9.024494703e-05,0.582435784,0.2724153377,9.077458671e-05,0.3388894201,0.4554294561,9.724236109e-05,0.5677884797,0.4208800269,9.703075755e-05,0.4642973845,0.3526136473,9.692102935e-05,0.7237272559,0.2227823573,0.9999839809,0.6021079421,0.3106191821,9.672074917e-05,0.2855606226,0.5705289258,9.715489805e-05,0.5706754218,0.5708259964,9.692922617e-05,0.3661407283,0.4255897674,9.620906979e-05,0.4058697459,0.6876126569,0.3939726697,0.5862957802,0.2734289271,0.7560732256,0.4440618948,0.4039758321,9.064955831e-05,0.6306277669,0.3780207122,0.5299207508,0.6627196926,0.2247587389,0.0001073283318,0.4654658171,0.3487423198,0.9999832039,0.662720476,0.5785068839,9.681497041e-05,0.4357528838,0.5068367944,0.9999781469,0.6665411038,0.3818478021,9.667699516e-05,0.2953026602,0.5110872179,0.6683449565,0.5199918719,0.4611837155,9.693130083e-05,0.4077516959,0.6018824008,9.677800938e-05,0.2693001183,0.7865991911,9.69190652e-05,0.3642627032,0.4191389173,0.9999763121,0.4217444527,0.7713119119,0.4641128963,0.5673205692,0.2877436198,9.696677735e-05,0.5904027118,0.4796090707,0.8890039669,0.7229582526,0.2266753155,9.703847935e-05,0.7435594607,0.2278025362,0.4799328079,0.5282059832,0.3171840769,9.702063621e-05,0.6559711631,0.62549663,0.6612650318,0.4266077763,0.4083468357,9.697599677e-05,0.4536993044,0.4837104598,9.676959608e-05,0.2624608974,0.6111082925,8.742513447e-05,0.6112942914,0.2403870718,9.698797506e-05,0.4747965257,0.3465484226,0.9999780476,0.6575727083,0.4704540928,9.682062268e-05,0.4796413558,0.6017158315,9.672393176e-05,0.6781723098,0.3392973462,0.0001047808885,0.3219466016,0.4696522516,0.5221878798,0.6138246537,0.2516967342,0.1570838334,0.6342784984,0.2234230706,0.5912773503,0.5308530946,0.3195162053,0.9999780922,0.7135637169,0.3116303706,9.752594549e-05,0.5174184491,0.4345458431,0.9123164903,0.5397230348,0.5249007683,9.699373561e-05,0.3802067393,0.4013028149,9.723516974e-05,0.3639451369,0.5685208105,9.94682714e-05,0.4433034307,0.7152952487,0.4607213524,0.5545094211,0.4019498,9.723513329e-05,0.6158180305,0.5203242981,9.769316645e-05,0.4244035737,0.4929956189,9.611255007e-05,0.2585521227,0.6567900962,0.4486483257,0.5739273739,0.2864315906,0.0001054521078,0.4316242253,0.3682478351,0.999977354,0.5919165172,0.6321052903,0.7220391035,0.4626564818,0.4576268533,9.676332802e-05,0.4897036767,0.5715054765,9.709547149e-05,0.6367213048,0.4196515877,0.0001015471502,0.2930768779,0.5027018872,0.6611046091,0.6917815659,0.209209454,0.5285687255,0.5438213438,0.3126244488,9.69559678e-05,0.3431220899,0.4332474577,9.70007458e-05,0.7583351559,0.2251247872,0.9999780528,0.7007856745,0.4687900935,0.4724055219,0.5058771791,0.4420880094)
