mCurrentIter=100
mCounterStuck=0
mYPrev=-13.8388297
mParameters.n_iterations=100
mParameters.n_inner_iterations=1000
mParameters.n_init_samples=100
mParameters.n_iter_relearn=1
mParameters.init_method=1
mParameters.surr_name=sGaussianProcessML
mParameters.sigma_s=1
mParameters.noise=1
mParameters.alpha=1
mParameters.beta=1
mParameters.sc_type=SC_MTL
mParameters.l_type=L_EMPIRICAL
mParameters.l_all=0
mParameters.epsilon=0
mParameters.force_jump=5
mParameters.kernel.name=kMaternARD5
mParameters.kernel.hp_mean=[1](1)
mParameters.kernel.hp_std=[1](10)
mParameters.mean.name=mConst
mParameters.mean.coef_mean=[1](1)
mParameters.mean.coef_std=[1](1000)
mParameters.crit_name=cEI
mParameters.crit_params=[0]()
mY=[200](-1.568457642,50.75046632,56.69590124,31.77545035,4.23197433,27.64237571,346.2898571,39.49367437,31.64439383,-10.72520568,-3.226624827,27.50618801,3818.550225,936.2968653,833.1974657,228.8152347,52.98844674,539.8786915,-13.81320117,45.11822397,-6.394407962,51.53910847,14.88324235,1198.030112,-6.846843913,39.97844145,24.9587493,57.31915902,19.72203966,54.69175787,20.37327668,88.28037081,1319.513932,47.82998062,1410.746945,-11.21922014,-8.553391571,-11.6549313,137.1973813,10.80996091,55.89403719,39.12263658,4.52591014,672.0073808,16.3931131,1551.919035,12.49332438,56.5151182,33.68818331,931.3061664,2.157471876,-7.907491934,19.43741065,43.90642187,27.75119012,40.84537259,50.64606809,13.24609419,-2.233798077,-11.47586158,-5.100661223,0.6105280601,50.76741,36.45187602,1054.44673,59.44112235,613.1385043,4.634919458,19.11897929,2201.900502,45.1787463,32.4681889,57.89354197,49.9889584,42.46703986,26.95891487,-0.5785286886,66.47044145,511.5652677,7.092755264,0.6211135229,41.40135507,3.7816385,27.05887373,50.42407702,354.5461284,2537.88386,-11.18412818,-5.156099295,35.95271241,8.810369103,0.3700033109,39.79913922,54.07024354,-4.199156061,49.5170671,1.423019209,304.4418814,54.47641174,63.25624047,-4.007291254,-7.096723104,-14.10311833,-12.04324849,-1.938644616,-13.25796854,-11.14060403,6.570494549,-12.80764013,-13.08365515,-10.41368883,-15.28909247,-10.11179546,4.460698201,-12.79791252,-13.83540278,-6.058486604,-5.290712322,-10.34345672,4.25552662,13.23254755,-6.907597575,-15.21273887,-1.752750802,-12.25488833,9.641854669,-7.076084645,-15.01675156,-12.36449211,3.385104533,-13.08987065,3.642086046,-6.828013278,20.64550851,-9.734791242,-9.286866595,16.25846634,-10.81774941,22.17988649,-8.157338625,-13.96938004,-4.193490256,-10.2173019,-1.353360332,1.100629776,11.26604356,-10.3064556,-11.20737126,-2.804744813,1.639460054,-11.63451817,-9.156854843,-4.230907437,-9.156540258,20.93833731,-11.96949306,-10.45512423,-4.113169922,-0.7343989768,-8.041508883,-12.75688239,6.859637096,19.86227192,21.43843472,-9.268964149,-14.30688394,-7.799297572,-0.547043751,-5.194514095,-1.593672864,2.911784545,-4.519605641,-9.748996256,-9.044546156,-9.533408787,8.895054229,8.094349553,-10.77783669,-11.36504678,-8.48501169,-10.97871205,27.04381546,-4.402448374,-4.492152045,-6.64809126,-10.65306962,-3.04894964,-5.459035116,-10.14657775,-14.5099921,-10.38520272,5.450542436,-13.42775104,4.984656034,-4.925382049,15.13407586,-5.552338844,4.8823592,-11.33297314,-13.8388297)
mX=[200,3](0.5103419106,0.7191097866,0.2304391135,0.888349646,0.4476727609,0.9497470437,0.2487540153,0.927064649,0.06988042492,0.0002687370754,0.8766760521,0.5250063874,0.09799717628,0.1312330618,0.5725955918,0.07239182069,0.1061436561,0.4896904323,0.03926236422,0.250842259,0.2166282233,0.8450180037,0.07721091209,0.7884687799,0.6327496549,0.2427169383,0.462279653,0.3991101384,0.6359134804,0.4278286177,0.2051055601,0.1799816906,0.5477393966,0.3130325875,0.7459846519,0.7261125922,0.7128838741,0.4013820382,0.0001155527448,0.8186974453,0.1226250555,0.2401248304,0.9954593107,0.05970912764,0.3102377613,0.3309566543,0.1966743365,0.2718080135,0.6937655059,0.01257785027,0.9537929058,0.3785748887,0.3251472541,0.1304919039,0.1744614301,0.5554458018,0.4044707665,0.7372011666,0.4356268361,0.9293427955,0.405724758,0.6737783571,0.1013026396,0.6599151291,0.8545862102,0.838492242,0.04273870705,0.3024830317,0.3603860329,0.1444467967,0.3677175869,0.01976660153,0.153311922,0.5953851122,0.5365484746,0.551331806,0.3456344691,0.9095286532,0.1228844407,0.8271846518,0.5529565628,0.5098008642,0.6501661541,0.9699654444,0.7732346452,0.3155535744,0.5938197585,0.5904075264,0.9537385329,0.7186250357,0.5276627941,0.8361585093,0.1951155899,0.9066035997,0.2969156624,0.4143621119,0.8775458887,0.08332893071,0.2227002007,0.56536453,0.9130915052,0.736237749,0.4159955192,0.2397773103,0.0713303286,0.7613199446,0.521442644,0.4401170047,0.5878891765,0.6272886783,0.4719049565,0.4543668514,0.419708915,0.4501303129,0.1094390564,0.4223583422,0.1773193233,0.2838797825,0.7835179818,0.1633024492,0.9112648395,0.1515748287,0.9747704052,0.2392348328,0.06960298294,0.8825183125,0.7058541114,0.3754819313,0.4350918064,0.4711809051,0.4750061068,0.02115503866,0.4907912902,0.2836358213,0.7710745902,0.02948299333,0.2118482107,0.08666103856,0.5711653599,0.3328354885,0.7432869145,0.4352359478,0.1852400637,0.9914666716,0.5414597085,0.7749448622,0.7600169843,0.6073119381,0.2639034158,0.09847630275,0.2559452644,0.4816153923,0.6849249869,0.7422047716,0.5769523948,0.3229740014,0.01390350325,0.5166291646,0.2007612062,0.3896118033,0.4636014522,0.9329864183,0.2958234399,0.5642406334,0.8229242737,0.3000242189,0.0477981352,0.8589224907,0.9236785078,0.9437249844,0.6730841295,0.3569930483,0.1464901185,0.6083949035,0.4619058177,0.6889448198,0.3886227707,0.5304079159,0.6113155758,0.263180413,0.3658088653,0.5352186627,0.29031237,0.08380892645,0.2213123769,0.5040015653,0.9733593027,0.9750061954,0.4958142929,0.9819642693,0.271064061,0.6992580557,0.2245661712,0.3592597755,0.03784729942,0.1359965099,0.8677042333,0.8659578065,0.9435481742,0.3948515497,0.1139539155,0.9611050522,0.7504592152,0.2518523883,0.4816346643,0.4919261341,0.795526195,0.6269069564,0.03961740772,0.1433194988,0.3260770918,0.985723456,0.1897826666,0.9572983017,0.3808153736,0.8091374523,0.7974445518,0.5498218944,0.9885024975,0.828679912,0.6996579923,0.9180657541,0.4235809656,0.9003049442,0.6561624267,0.115948457,0.8402578319,0.5179534483,0.2195087306,0.7078844018,0.3382432418,0.1825677135,0.9977055032,0.7528048123,0.6612901559,0.1170185266,0.3065049466,0.8637473001,0.6443845807,0.6378182617,0.4452149169,0.604410349,0.6154479851,0.6106812626,0.02331414455,0.8474565671,0.8584809423,0.5854372149,0.624602025,0.1911566168,0.7972814386,0.6436948072,0.7861392212,0.8017180927,0.8751514719,0.830756355,0.5017657034,0.05005523508,0.8019448667,0.001866368004,0.1238027473,0.3453779159,0.4546490891,0.3912691751,0.2670865264,0.2058410025,0.5846961726,0.1638049967,0.8877085023,0.5644039751,0.6426541628,0.7668049868,0.1591256167,0.8983691775,0.7294539582,0.3526576934,0.9337720666,0.09989297944,0.8198212361,0.6784755047,0.8182457955,0.04660424066,0.2760577847,0.6697629102,0.3737653924,0.05535986905,0.9388777691,0.663176992,0.7533611333,0.7356530464,0.3421473115,0.06600609959,0.1647360184,0.2864542352,0.6863548362,0.9604845901,0.7029284025,0.7292763333,0.8917375742,0.8921376656,0.0001058692403,0.659445199,0.2896122438,0.0001106642253,0.6417867739,0.298015088,9.76044341e-05,0.4428881132,0.497091772,8.96182387e-05,0.5581575153,0.3468622039,9.043882038e-05,0.7173419925,0.2641788242,9.673018139e-05,0.4290645896,0.5151287024,9.679494764e-05,0.5230383025,0.3714230131,9.053442241e-05,0.7269860168,0.2611619038,9.663506323e-05,0.4193550411,0.5499094634,9.672701039e-05,0.5120512011,0.3890742645,9.625104094e-05,0.5939806058,0.3183096336,9.02957594e-05,0.4492183413,0.4701007867,9.693921683e-05,0.3934214707,0.6104936921,9.043254179e-05,0.751099238,0.2516886235,9.678184661e-05,0.5293924316,0.3590859505,9.024940434e-05,0.4372672104,0.4864308028,0.0001102984698,0.6227848266,0.2926874235,9.660926582e-05,0.3838125831,0.6295888723,9.665697965e-05,0.4771325848,0.4239769631,9.045522689e-05,0.7628289953,0.2400883912,0.999978118,0.4773516299,0.550470791,9.683681205e-05,0.5495367234,0.3390046332,9.021634702e-05,0.3958547636,0.5345289575,9.667352688e-05,0.3119681423,0.6931560146,9.02910623e-05,0.4674779338,0.4294559245,9.702763565e-05,0.5506954335,0.7077619224,0.0001106724024,0.6218022766,0.287379065,9.833068722e-05,0.3820323731,0.5406857534,9.677612435e-05,0.5298894091,0.3536738428,0.9999781009,0.5760856916,0.519647779,8.94353004e-05,0.4415403889,0.4562590432,9.039819078e-05,0.7553928485,0.2363656896,9.642082132e-05,0.5420291301,0.5696353704,0.9999781039,0.5760856603,0.7330967632,9.760236963e-05,0.5829800514,0.3049159902,9.69276293e-05,0.3486089526,0.5861944238,9.725512024e-05,0.3040935718,0.805307865,9.01728058e-05,0.4766173892,0.4030135753,0.9999781591,0.3984742458,0.5935168273,9.754868536e-05,0.5818053351,0.4974682482,9.768187353e-05,0.3735113684,0.5018036074,0.0001052673002,0.6463541724,0.2635890422,9.681444042e-05,0.5382665324,0.334926401,0.0001052617573,0.2285661205,0.684139583,3.762386286e-05,0.5552847065,0.6318865906,0.9999845227,0.7857227697,0.2537933126,9.675532454e-05,0.3622298882,0.5176527878,0.0001055117117,0.478946203,0.3977701005,0.9999780777,0.5855745948,0.3783377991,0.9999781165,0.6588624108,0.520138076,9.029335118e-05,0.3333701747,0.6177141868,9.671756323e-05,0.5803095578,0.4778025258,0.0001010488929,0.6503632612,0.2588588226,9.644785391e-05,0.5570036845,0.3167192277,9.668768716e-05,0.5825668917,0.7703580893,1.036927976e-06,0.400166976,0.4740441788,9.67666959e-05,0.3489655045,0.5597115291,0.896678574,0.6528415245,0.2883388702,9.693518683e-05,0.5999692907,0.5728939387,9.518475941e-05,0.5764547084,0.2970604618,0.00015636887,0.4515634966,0.4230255172,0.9740339277,0.4602824787,0.518731839,9.647114554e-05,0.2949416318,0.8264625864,0.9999854989,0.4265949306,0.6698843646,9.679655312e-05,0.503544066,0.3571434882,9.668377757e-05,0.3470167546,0.5336613655,9.67443454e-05,0.6088900626,0.4580452988,9.79455187e-05,0.1914029301,0.6915699754,9.661648704e-05,0.3763966762,0.6477744623,0.9999778242,0.570944759,0.4141273003,0.0001028385944,0.7403315728,0.216646694,9.705844943e-05,0.6482955899,0.2533865026,9.027354582e-05,0.4257680502,0.4440123683,8.944756836e-05,0.5302203199,0.3303694663,0.8133709375,0.6581585894,0.2777232294,9.699307757e-05,0.6386471461,0.637927915,0.9999781013,0.7021134849,0.5693113851,0.0001051271562,0.3267089243,0.5673202142,9.667313408e-05,0.5239557325,0.5189488874,9.67918904e-05,0.4896808514,0.3633884724,9.675756249e-05,0.3759805313,0.488393894,0.9999783605,0.6221306205,0.7730711415,9.709082589e-05,0.6432309622,0.4397444645,0.7288710338,0.6525928264,0.2744465851,0.0001043954915,0.2957469627,0.6225356146,0.7705378486,0.5042554549,0.477754339,8.784126972e-05,0.7022456993,0.2270333317,9.706741496e-05,0.5773424454,0.2932350469,9.665944216e-05,0.4761283283,0.5735139908,9.660268079e-05,0.4471239385,0.4184182114,0.7709898631,0.5662483781,0.3524213781,9.618516569e-05,0.4053649971,0.7164649493,9.683835206e-05,0.3384180228,0.5263279383,0.793673689,0.3840602298,0.5551362811,9.610020961e-05,0.6072191596,0.5234666597,9.701576251e-05,0.8003976146,0.1952296122,9.803320581e-05,0.6004759614,0.2703319878,0.9999779953,0.70335259,0.4660474989,9.687038012e-05,0.4787782193,0.3733247991,3.274431692e-06,0.5011990612,0.4627576187)
