mCurrentIter=100
mCounterStuck=0
mYPrev=-5.496806117
mParameters.n_iterations=100
mParameters.n_inner_iterations=1000
mParameters.n_init_samples=100
mParameters.n_iter_relearn=1
mParameters.init_method=1
mParameters.surr_name=sGaussianProcessML
mParameters.sigma_s=1
mParameters.noise=1
mParameters.alpha=1
mParameters.beta=1
mParameters.sc_type=SC_MTL
mParameters.l_type=L_EMPIRICAL
mParameters.l_all=0
mParameters.epsilon=0
mParameters.force_jump=5
mParameters.kernel.name=kMaternARD5
mParameters.kernel.hp_mean=[1](1)
mParameters.kernel.hp_std=[1](10)
mParameters.mean.name=mConst
mParameters.mean.coef_mean=[1](1)
mParameters.mean.coef_std=[1](1000)
mParameters.crit_name=cEI
mParameters.crit_params=[0]()
mY=[200](-16.62817313,179.1887972,28.8305077,25.29020117,201.3912119,24.39791139,2.456398563,1749.842704,4.871061039,35.47477922,1223.738568,-16.39807436,16.05729475,2.933557113,70.53572246,20.14352809,-15.37013641,17.2443999,1709.856795,33.60942828,40.30075246,-13.13629898,18.72790093,44.24127116,258.1825331,15.11979746,13.23236673,135.2136503,11.75949342,912.4626276,13.70797761,48.68803697,28.8177122,261.462549,19.74226293,51.05809328,20.58606803,34.94784342,-7.510582259,73.17682777,1029.953037,29.58971296,221.4513114,-22.92029956,46.37119447,-9.199981442,36.11204269,26.70736907,3.903234972,8.129467157,42.80893446,68.49952889,449.3029307,6.729073579,65.42706187,-3.954288849,2217.986016,45.93563163,51.16950188,11.53016177,10.47194127,48.61507615,1.581385822,12.20287393,25.75864027,36.44776975,34.84999211,54.23625217,3516.410856,47.94925674,-15.04284029,47.58272767,-6.758863205,2682.887101,-20.92624091,79.30196682,1.150083452,59.72991964,13.42060022,47.14124758,509.1977598,36.71451513,72.06247024,-17.50043676,183.6584003,78.33418201,1073.05143,27.34910717,1291.611705,24.27108489,42.77210582,450.011251,47.06996636,-15.75413243,3.947118646,-14.07568195,8.550812395,27.822836,59.92072832,-2.191026274,-3.474667066,-9.266959418,-9.258933857,-9.440455393,-7.137483665,-17.08248322,-1.989045165,-21.91449543,-2.768110791,-22.63312603,-10.97480084,-3.525675604,-22.07048162,-8.551949629,-23.73951771,-5.963981214,-1.788938127,-19.22574152,-22.61942522,-8.664856113,-17.85293879,-17.66179781,-18.98947474,-5.031657919,-3.890479245,-22.84554773,-12.72188903,1.781907766,-23.83690647,-24.08909829,-21.46640708,-18.83620673,-17.25028453,-19.29665658,-0.9971950597,-23.12501083,-7.517505558,-9.385362046,-22.8509892,-18.19166907,-7.266875955,11.90892505,-22.28847933,-17.16183432,-5.064926379,-18.80328362,-22.01352061,0.2822641095,-21.33840835,-20.51476573,1.280480859,-23.67578874,-12.15264709,-7.604984949,-20.98245017,-16.46215294,-15.5652299,-21.832218,-17.79429671,-23.08205073,-20.0147349,-24.35067782,-6.060727823,19.86164322,-22.24458394,-16.07999306,-7.027719571,-16.86374342,-1.974847125,-24.70592626,-20.20663561,-21.22117452,-14.75694084,2.228423869,-24.59407891,-16.07002483,-23.52786666,-8.293124983,-23.50569353,-22.07288939,-21.38747252,-3.932722145,-22.51816405,-19.35202678,-25.375256,-7.272484348,-14.34871549,-10.08187665,-9.041008632,-11.91895359,-8.084294574,-20.86970127,-24.37547201,-20.5274327,-17.8941098,6.781014214,-24.41256526,-23.11043,-11.84642631,-5.496806117)
mX=[200,3](0.3585284876,0.5375447374,0.5433608665,0.4455149407,0.7610020263,0.02346226238,0.7387949314,0.8822406314,0.09650450279,0.7052069016,0.4829496604,0.8406751916,0.8324537404,0.5723341642,0.07230993815,0.998696021,0.464663982,0.305436924,0.3900173427,0.5148880317,0.7163619037,0.7265711429,0.1359987386,0.1191731489,0.2157383153,0.7143717116,0.5934896872,0.2836912114,0.2129717502,0.4393095421,0.404736354,0.1630080214,0.1474358406,0.4683514998,0.6637581529,0.3534375628,0.8897633188,0.8669793607,0.3658436615,0.4360895683,0.2545623279,0.6423035248,0.1322701132,0.8952946011,0.9534357475,0.4599444036,0.8522658483,0.1037767964,0.267807924,0.3594231079,0.4044813966,0.1224148648,0.7304977744,0.682458455,0.248963713,0.2095243699,0.06703253062,0.6066266058,0.112306107,0.7996336091,0.04408589615,0.5852607271,0.9042374837,0.4940220987,0.5413209717,0.1842270102,0.7108315211,0.5941785965,0.7865425671,0.6693164075,0.9722313924,0.1946792731,0.09349447976,0.2435996722,0.227156036,0.422409845,0.84407646,0.4470236337,0.5601898631,0.6457271852,0.7378711606,0.7863932374,0.2245032667,0.411317501,0.9220887819,0.3970527376,0.6206066933,0.6418227138,0.08543577369,0.2503922965,0.8173057029,0.41799008,0.7287654647,0.4722562869,0.9810551097,0.5532244986,0.9117480321,0.4442481166,0.831593504,0.9566262442,0.3345082541,0.2835781095,0.1475738988,0.7904107089,0.6389765501,0.02159064407,0.9986047162,0.5654581101,0.6394627427,0.471068711,0.8154841927,0.7552762361,0.8278107619,0.7506653745,0.05983130928,0.6006533041,0.1603366199,0.7489178756,0.3482157913,0.2980810859,0.76305682,0.1920710373,0.1733733091,0.9614328334,0.9101535399,0.4926379491,0.06213204764,0.264483477,0.2395640138,0.5323769046,0.5575224861,0.4264029619,0.6255488229,0.3853438173,0.2411520879,0.226363519,0.6282079951,0.5390676771,0.3273223535,0.03802191265,0.82389793,0.9340153576,0.8748813611,0.614154053,0.6880794592,0.3242806736,0.5063624792,0.3645772369,0.6534009481,0.1232480369,0.1046330631,0.0446743318,0.9167162601,0.5793892714,0.3035993825,0.3301482348,0.01892008611,0.05996587114,0.3154873574,0.2029974663,0.3109621438,0.3998431933,0.5068907985,0.9536237912,0.8784170882,0.2314662111,0.5022088519,0.2126922743,0.2781586383,0.2346573149,0.01331413745,0.8215341619,0.1804909252,0.9330619183,0.006825147164,0.7866215301,0.8800794266,0.6919080733,0.8197080936,0.3811155271,0.8777995633,0.429237579,0.4867004991,0.77313501,0.8369316412,0.8651108422,0.172870523,0.7526250181,0.4552370612,0.5569252398,0.8020065772,0.525525483,0.08219160847,0.07388120134,0.8069601871,0.3438329713,0.1045501874,0.6076965264,0.5980822265,0.09415375468,0.7696003949,0.8659101833,0.01790394468,0.6694157236,0.3887533395,0.02910275793,0.03355441101,0.1545216705,0.2831694683,0.9774587898,0.1828005355,0.4950078869,0.5833502313,0.8930646283,0.7290525139,0.9205926754,0.906323751,0.7089626002,0.3419548614,0.4832830171,0.7749230821,0.002140610854,0.07019346028,0.4059442827,0.5103248445,0.2570706781,0.928336505,0.9962662327,0.1632699366,0.2999977822,0.7071172128,0.9717993372,0.9476138847,0.05968983081,0.6186042601,0.6928963106,0.6957895528,0.6787754873,0.1411592638,0.9446168941,0.8024084194,0.4364281118,0.04426438386,0.3113490885,0.5694453041,0.8974492257,0.7953463425,0.9313597967,0.9695599561,0.3048385193,0.6176450986,0.3211548754,0.9409035128,0.2748930868,0.3741694559,0.8402151296,0.1595127692,0.574394458,0.5257601332,0.007310834001,0.2763065018,0.4154477232,0.1278431686,0.7798859243,0.5159727596,0.06722720552,0.2008951399,0.9821310786,0.3717060463,0.7444436764,0.3339341917,0.9089637852,0.08286304683,0.5469170291,0.1751024093,0.2661498265,0.5836191198,0.9640107997,0.1570620701,0.3751751005,0.3606777971,0.4706551084,0.8523710008,0.4592272568,0.6527603449,0.1969898708,0.6346685988,0.4681112798,0.652298183,0.6884099964,0.67953625,0.2934588653,0.5268010895,0.8582483164,0.1131894334,0.6752040709,0.9844727965,0.03694124213,0.7499222572,0.1307490393,0.3597455083,0.7319830221,0.247847159,0.3906151179,0.7272352896,0.2477828842,0.4109401309,0.7226917419,0.2480646698,0.4168516276,0.7190267056,0.248646292,0.535228787,0.7236033662,0.2434156484,0.0001053355122,0.6404003954,0.2913324824,0.8834796338,0.745002043,0.2338584228,8.942322818e-05,0.6083887161,0.3109254282,0.6758075216,0.7387975952,0.2328314149,9.689202183e-05,0.5730940938,0.3440777417,9.770966086e-05,0.7114648306,0.2505389253,0.9999851562,0.7444299778,0.2295940338,9.688730467e-05,0.5529035787,0.37142371,0.0001057863917,0.6705733496,0.2641358859,9.727020795e-05,0.5436429205,0.3923243548,0.9018489697,0.7384179027,0.2297928427,9.92940787e-05,0.7635417359,0.2306876677,9.664903939e-05,0.5749737987,0.3254600606,9.694908545e-05,0.5331107089,0.4383546077,0.9999780072,0.572416892,0.4200153384,0.779076201,0.6409058437,0.2759789602,9.654603916e-05,0.5980023159,0.2972521228,9.683808801e-05,0.5260839453,0.474376907,0.9999781633,0.5778591379,0.5221076688,0.8655524919,0.7530283429,0.2190678015,9.701094838e-05,0.5406398669,0.372713287,9.668000865e-05,0.4654959218,0.5989982546,0.1066588323,0.756482598,0.2230972703,0.6880517332,0.6127289652,0.293097024,0.446835107,0.6073271862,0.290648135,9.687717869e-05,0.5272670773,0.4299520239,0.8339665812,0.5680980791,0.3806691562,0.2380681441,0.6428345397,0.2561946899,9.675651577e-05,0.5199486294,0.5186051155,0.9999782082,0.5801484057,0.5454877288,9.70046476e-05,0.5426763788,0.3536120254,9.039935954e-05,0.4463893663,0.6438703544,0.6803089839,0.7079085764,0.2329611655,9.685107302e-05,0.5252233461,0.4475019248,0.2044341285,0.5980372411,0.2891698739,0.9847772259,0.5701942042,0.4372698811,8.921387542e-05,0.3456871281,0.7824887796,9.970927972e-05,0.5337111464,0.3669060312,9.002727444e-05,0.4815484757,0.5412639966,0.7258813557,0.7695654315,0.2092630107,0.7016713758,0.6109872759,0.2873088262,9.67965647e-05,0.5223413761,0.4528811953,8.613418905e-05,0.7606949406,0.2185942723,9.761191655e-05,0.5810031737,0.2982688306,0.6585441766,0.5585283426,0.3693806885,0.9999780857,0.5755819066,0.5849100453,0.6514916942,0.6243138795,0.2655477466,9.716913136e-05,0.6090618923,0.5121907064,9.034858538e-05,0.4610882127,0.6450688671,9.698601713e-05,0.5174247313,0.391607337,0.8499123154,0.5672822197,0.4642628687,9.013492405e-05,0.6705933033,0.2389807919,0.676507751,0.6291660049,0.2568724093,0.0001050177981,0.4189139734,0.5502225908,9.702452447e-05,0.5440041732,0.3361233759,9.695022182e-05,0.4945991304,0.4556787455,0.663184547,0.5611349076,0.3623347641,9.685739723e-05,0.606775364,0.5793613909,9.692353503e-05,0.3157558255,0.8300225422,9.705153764e-05,0.5141295014,0.4060997805,0.7687936485,0.569699333,0.4795064384,0.5349585095,0.7520254732,0.2066973626,0.0001039273085,0.6112532482,0.2703682926,9.695855321e-05,0.3785595799,0.6942282546,0.5944978101,0.5678513091,0.3341581907,9.046116362e-05,0.4667812556,0.4937428825,9.052633077e-05,0.5577607732,0.3101248121,9.690343579e-05,0.6372930548,0.4472025799,0.9999780888,0.542614673,0.6012213093,0.5735370138,0.5400860003,0.3959535819,9.708289402e-05,0.3869940209,0.5735087596,0.6060356801,0.5698221124,0.3153523269,9.691083783e-05,0.6429753566,0.5281199016,9.697837705e-05,0.5000372501,0.4037117675,0.4295510961,0.5892448659,0.2789402225,0.6274813547,0.5158767161,0.4789715111,9.089721011e-05,0.557045499,0.6336810806,9.693086653e-05,0.5294088186,0.3432085968,9.712938457e-05,0.4646924593,0.4803027023,0.5995659069,0.5470619606,0.4015289524,0.9449430938,0.6485089197,0.4984491284,9.725649684e-05,0.6441921917,0.4117854374,0.7472723751,0.4462794339,0.5540479556,9.797071156e-05,0.711859753,0.2171677889,9.768049169e-05,0.6601186025,0.2348576984,0.7614719329,0.741419816,0.2037527187,9.756972635e-05,0.5670888414,0.2955379011,9.691672622e-05,0.4834000453,0.4227264996,0.6835818324,0.5694486473,0.3428976678,9.682072047e-05,0.4611074025,0.5062291112,9.660531326e-05,0.4912760971,0.7288573031,9.708953155e-05,0.5132302598,0.3562272277,0.5620018047,0.521149326,0.430280827,9.691618862e-05,0.3593539256,0.608366794,9.674131409e-05,0.6354951924,0.5494493302)
