mCurrentIter=50
mCounterStuck=0
mYPrev=-9.012817467e+15
mParameters.n_iterations=50
mParameters.n_inner_iterations=1000
mParameters.n_init_samples=50
mParameters.n_iter_relearn=1
mParameters.init_method=1
mParameters.surr_name=sGaussianProcessML
mParameters.sigma_s=1
mParameters.noise=1
mParameters.alpha=1
mParameters.beta=1
mParameters.sc_type=SC_MTL
mParameters.l_type=L_EMPIRICAL
mParameters.l_all=0
mParameters.epsilon=0
mParameters.force_jump=5
mParameters.kernel.name=kMaternARD5
mParameters.kernel.hp_mean=[1](1)
mParameters.kernel.hp_std=[1](10)
mParameters.mean.name=mConst
mParameters.mean.coef_mean=[1](1)
mParameters.mean.coef_std=[1](1000)
mParameters.crit_name=cEI
mParameters.crit_params=[0]()
mY=[100](-7.622675682e+15,-2.07641639e+13,-8.8364944e+16,-4.702223309e+12,-2.753170935e+15,-2.055214925e+15,-6.320262158e+14,-2.441066611e+15,-8.313460675e+14,-2.030867694e+16,-7.380783709e+15,-5.960979299e+15,-1.742498982e+17,-2.861996108e+16,-1.577323885e+14,-6.119408851e+13,-1.081576926e+16,-2.946405385e+14,-3.52251142e+15,-8.99151247e+16,-1.941670823e+14,-4.168106054e+14,-5.056203843e+14,-1.04730255e+16,-2.777505643e+15,-2.391230435e+14,-1.6134839e+15,-4.098036901e+14,-2.661355646e+17,-6.742049869e+12,-1.974968089e+15,-2.858001898e+15,-1.694151762e+15,-5.597601829e+15,-2.755537975e+16,-8.328540031e+15,-1.811883626e+16,-1.331310964e+15,-2.859540515e+16,-2.000927922e+13,-1492604058,-8.757023194e+13,-1.274993226e+16,-4.052647652e+15,-540740555.7,-1.429692122e+17,-9.364340186e+16,-9.72865055e+15,-1.572287291e+16,-8.281605021e+11,-1.392741792e+17,-3.405801939e+15,-5.314261086e+16,-1.31454525e+17,-1.876317004e+17,-5.405856932e+16,-5.663604197e+15,-6.373247165e+15,-5.333995602e+16,-5.931004848e+16,-3.584807057e+16,-7.86332205e+16,-5.483504341e+15,-1.105568643e+16,-1.263792047e+16,-7.479311387e+15,-3.252638053e+15,-5.667394946e+15,-1.875811387e+17,-3.077424651e+15,-1.957467538e+16,-1.057778891e+17,-1.838130829e+17,-7.277601389e+14,-1.303512348e+17,-3.870801892e+15,-9.020767457e+15,-1.048774427e+17,-4.614078289e+14,-1.785028423e+16,-4.792437836e+15,-3.10250381e+16,-7.549549023e+16,-2.047141148e+16,-1.565468186e+16,-1.862707659e+16,-4.312244245e+16,-1.498551556e+16,-3.472037795e+14,-1.649158695e+11,-8.459058764e+13,-5.803702444e+15,-2.666338472e+16,-5.791703229e+13,-1.469756857e+15,-1435511337,-6689910239,-5.71894482e+13,-2.73768467e+12,-9.012817467e+15)
mX=[100,3](0.4386667148,0.7426558365,0.6076226336,0.9703052306,0.2202617858,0.4350037464,0.1688643338,0.3743347476,0.4524008034,0.2789035213,0.1782877344,0.1618165836,0.6092786576,0.3532781203,0.2084608864,0.7850923856,0.1229454239,0.822284516,0.3317525601,0.5539666454,0.1050051223,0.5162233805,0.9386519479,0.1371517385,0.4184483051,0.5883521047,0.07689685157,0.3690530616,0.2867212735,0.3481494032,0.4740943236,0.4885961447,0.4774554495,0.8649154686,0.7359868076,0.6417224755,0.3133907496,0.4110373647,0.4936224584,0.1088690243,0.4539798756,0.3189900096,0.8304337566,0.2429953203,0.3901686986,0.858810888,0.5030084385,0.7835709166,0.5584999595,0.9559646371,0.5943003594,0.9418147423,0.8218951885,0.95936528,0.7077017372,0.7164296687,0.9391729525,0.3465735161,0.1488047452,0.5024645211,0.2847290205,0.8705241786,0.1880330316,0.7298419452,0.9184576576,0.03927577737,0.6705453046,0.2050655914,0.5244587471,0.09018480561,0.3344681775,0.5649761811,0.1992975907,0.8871347972,0.8658060304,0.07153395377,0.009307672861,0.4194920036,0.8192328702,0.6747360206,0.9022211828,0.1464676823,0.7768010115,0.8185456324,0.6823680934,0.2636600753,0.7419624059,0.9212104452,0.388611613,0.08417917252,0.2503256862,0.05867595071,0.8879466871,0.7593212576,0.97427512,0.3725666498,0.7697524266,0.6858605029,0.9794765703,0.2121257351,0.6216754755,0.9824833324,0.5821896379,0.8465687546,0.677823826,0.4568872292,0.6530796772,0.5539032668,0.01462883011,0.5315909013,0.638782509,0.220796954,0.1113179631,0.246147568,0.9819166961,0.8027960259,0.7172615202,0.04749543263,0.09133144042,0.3272877655,0.02898508145,0.07084427907,0.004305337509,0.5219560065,0.3158964901,0.2320568058,0.8958952371,0.4710417792,0.6852987288,0.6583028117,0.7870130757,0.7699208976,0.6391738129,0.1835766562,0.05221100837,0.3869169715,0.4226576454,0.8595861296,0.563380069,0.5697690115,0.7386074369,0.4814825374,0.6014927059,0.1479657931,0.1234086068,0.9907526969,0.2625120578,0.9025092632,0.02607139151,0.288713793,0.5985369721,0.2664822491,0.8532557007,0.9999777584,0.2809017504,0.7391027214,0.4941996547,0.3214304848,0.7294609563,0.6382543954,0.170075533,0.7402643089,0.6691681548,0.3641382709,0.7349816317,0.6971169761,0.3154293836,0.6968352723,0.6004351709,9.286375207e-05,0.8073307382,0.7337602965,0,0.7389893604,0.6446993837,0.3779370443,0.8210021967,0.6738424066,0.3574386631,0.7519494914,0.4744094513,0.2946168769,0.9999712574,0.3080171226,0.3853866857,0.6565325048,9.734773723e-05,0.283236844,0.9999701698,0.4675862419,0.5701911999,0.9506930737,0.4234433257,0.1380792706,0.6731807625,0.2342125127,0.5688683362,0.5005380972,0.7410097849,0.2780587861,1,0.238714112,0.3723404274,0.8320219753,0.2989400633,0.3007259368,0.528875161,0.2436841135,0.2344814111,0.5478396589,0.3876985899,0.3326349844,0.5406026652,0.6716999325,0.04760611069,0.780381955,0.3171921124,0.6248785892,0.5279147089,0.3059141985,0.7514381871,0.4636655668,0.3219047939,0.4173357783,0.561505504,0.6639358406,0.001620359379,0.6889310683,0.3002340781,0.6531798452,0.5786497605,0.3200445549,0.3327096577,0.5234938647,0.675048689,0.02378278167,0.7399750965,0.6151024349,0.3457958875,0.6952551993,0.2973704897,0.3180743349,0.4471118537,0.3019696183,0.4953923212,0.5208751656,0.6857368089,0.3582622759,0.7408932273,0.6813048684,0.2097450854,0.7725101081,0.9758526046,0.2615330119,0.639432792,0.707217289,0.245444822,0.7362236216,1,1,1.387778781e-17,0.6631579387,0.2626715941,0.64387278,1,1,1.468367007e-14,1,0.6013760369,0,1,1,1,1,1,0.4633825,1,0.6297342097,0.3065900663,1,1,0.9973601121,1,1,0.0100810341,1,1.18058355e-15,7.673309012e-19,1,0,0,1,0.6392617112,0.3372148088,1,0.3992307656,1.595945598e-16,0.6596043594,0.2616062586,1)
