mCurrentIter=50
mCounterStuck=0
mYPrev=-9.739288206e+17
mParameters.n_iterations=50
mParameters.n_inner_iterations=1000
mParameters.n_init_samples=50
mParameters.n_iter_relearn=1
mParameters.init_method=1
mParameters.surr_name=sGaussianProcessML
mParameters.sigma_s=1
mParameters.noise=1
mParameters.alpha=1
mParameters.beta=1
mParameters.sc_type=SC_MTL
mParameters.l_type=L_EMPIRICAL
mParameters.l_all=0
mParameters.epsilon=0
mParameters.force_jump=5
mParameters.kernel.name=kMaternARD5
mParameters.kernel.hp_mean=[1](1)
mParameters.kernel.hp_std=[1](10)
mParameters.mean.name=mConst
mParameters.mean.coef_mean=[1](1)
mParameters.mean.coef_std=[1](1000)
mParameters.crit_name=cEI
mParameters.crit_params=[0]()
mY=[100](-4.682102633e+17,-1.86728175e+17,-3.740194836e+17,-3.136902578e+10,-5.925507961e+17,-1.615897723e+17,-1.080182004e+16,-1.147394363e+14,-1.376856639e+18,-3.779655976e+18,-2.313053467e+18,-2.158883573e+16,-1.725424891e+15,-6.428141856e+15,-4.734514109e+16,-0.0005050369398,-3.529202537e+10,-3.434016189e+11,-3.472114538e+16,-6.884971646e+17,-3.493223982e+15,-5.95240064e+16,-1.94241255e+16,-7.643724226e+13,-6.635706182e+16,-1.440917036e+18,-3.567690568e+16,-2.293845738e+17,-5.424561141e+16,-1.233678605e+17,-8.084980696e+15,-5.128235981e+16,-1.718052321e+17,-5.575859969e-06,-1.953502742e+18,-1.085491351e+16,-7.32121525e+16,-5.389731086e+16,-3135.084472,-8.831274085e+13,-4.158654575e+10,-3.192910271e+15,-5.16854019e+18,-2.682331112e+17,-7.787989466e+12,-1.352891086e+15,-2.883630659e+14,-1.193201609e+15,-2.443902438e+13,-3.469740461e+14,-2.379624626e+17,-2.772030976e+18,-1.366644761e+14,-2.271034347e+18,-9.965944001e+17,-4.462252637e+17,-1.709823851e+18,-1.708307404e+18,-8.040974331e+17,-1.592919082e+18,-7.155897543e+17,-5.945429333e+17,-1.647212491e+17,-7.462255202e+17,-1.615824492e+18,-2.421996174e+18,-6.917179112e+17,-1.441062426e+15,-1.945111076e+18,-3.98599116e+17,-2.58921782e+18,-5.4324999e+18,-6.167498648e+18,-5.023053609e+18,-8.355937259e+18,-2.386978048e+17,-1.356402821e+18,-3.213217585e+18,-6.016025051e-10,-3.882684668e-06,-1.283060585e+15,-1.611422298e+16,-1.236124179e+18,-9.008866678e+13,-2099427214,-8.019212728e+17,-2.696813534e+15,-7.017866234e+17,-1.484147635e+18,-3.913123422e+18,-4.185985016e+18,-1.364579508e+17,-1.79480168e+18,-1.31204919e+19,-1.469694957e+18,-2.197735323e+14,-9.139992058e+15,-3.570593015e+17,-8.429822615e+15,-9.739288206e+17)
mX=[100,3](0.5455042686,0.02473947349,0.6436201787,0.9798922128,0.9953147535,0.6724125077,0.5939784832,0.3033693994,0.5862916071,0.113166555,0.4797786687,0.2226736134,0.6376802928,0.4157379993,0.7931647536,0.4811139441,0.8050160986,0.4508131011,0.5738871729,0.4450256009,0.3127939298,0.1365661186,0.5022265199,0.1688570669,0.7320580892,0.6931650203,0.7747409456,0.7933939863,0.3634503883,0.7085719845,0.7060508795,0.2413307264,0.9846833263,0.07401987993,0.5458361521,0.4837149289,0.8735916532,0.6724674937,0.2142417584,0.9212090348,0.5614616723,0.3426571431,0.05736265899,0.05928030537,0.6044542342,0.2038508928,0.1212907298,0.05344801503,0.3884743005,0.3937451002,0.1298990392,0.4485648164,0.4943864317,0.03706811193,0.378084854,0.298739956,0.5404980846,0.5304434733,0.7571390735,0.8072031013,0.749863249,0.5968526247,0.2661651,0.7738453162,0.06214913906,0.6949247256,0.9073460201,0.5313016163,0.9252784125,0.8474910687,0.1796165383,0.4221788852,0.9459416175,0.2792002373,0.8271516697,0.4345585452,0.7221426262,0.8813409927,0.6729567408,0.8780379487,0.1874332688,0.6520878543,0.01319410801,0.8600496589,0.03385846135,0.6162523391,0.8409887466,0.2824449785,0.8207577398,0.5372379499,0.5126052659,0.9167328496,0.4139176132,0.8912689065,0.9612775692,0.2502469738,0.6815645451,0.7986109111,0.1581017991,0.3494081206,0.110694406,0.009874973474,0.4119605346,0.2026315333,0.7394187626,0.198299212,0.8530078565,0.5082335384,0.3164672052,0.7103503725,0.9169015691,0.467334545,0.768541215,0.6351211394,0.08362112049,0.1825509161,0.07933724419,0.1516456974,0.1573657125,0.3984224117,0.2656891367,0.2289334844,0.2821229332,0.2474235984,0.9453584374,0.3735692381,0.8154200798,0.3495276861,0.7404189681,0.9945553365,0.6484962359,0.9418085206,0.3382463047,0.6277503574,0.08056820358,0.006422504657,0.8863738395,0.9785898058,0.615993099,0.3205349609,0.3301871105,0.1711846489,0.9356085196,0.1106627955,0.8372843893,0.08058415933,0.5607535064,0.2224025659,0.4272318319,0.470423066,0.9999779937,0.4542647885,0.7211258326,0.7942648674,0.3390618721,0.999976667,0.8070249742,0.3489879811,0.3780928454,0.7812234039,0.3932008146,0.8145558464,0.8008313362,0.2843386183,0.8040665924,9.534393238e-05,0.3545359796,0.852943393,1,0.3503371522,0.8065204457,0.7534322706,0.3470503291,0.8126555462,0.8713414477,0.3688791466,0.7258555888,0.8176461553,0.3547864865,0.8301560236,0.8049433201,0.399834082,0.6434336408,8.875570963e-05,0.225019997,0.9999873344,0.9999811663,0.1691535031,0.9999882353,0.4869061589,0.326640358,0.9999677317,0.8006909702,0.3328244466,0.6779755649,0.4867252899,0.1574004582,0.9999773355,0.9999834885,0.8286891568,0.9999884087,0.519064717,1,1,0.478736461,0.5646859222,0.9999792642,6.279457985e-20,4.722334199e-15,1,0.3461761089,0,1,0.2940943806,0.1841411573,1,0.2527940342,0.1688259608,0.9999740397,0.2486045873,0.2287131629,0.9999775625,0.2327983365,0.09638548037,1,0.2080332475,8.822061644e-05,0.9999850982,0.2070076691,0.1420627484,0.9999792275,0.2738454119,0.3762684655,0.9999776269,1,6.80747747e-21,6.776493886e-21,0.6524848049,8.73028592e-05,8.793946419e-05,0.7682004419,0.9999922729,0.9999787302,0.2965916103,9.268335113e-05,0.717096867,0.2323288108,0.294068705,0.841614661,0.2319441681,0.9999941754,0.9999793838,0.999990318,0.4269893729,8.741886872e-05,0.1794360152,0.4629663496,0.9999891627,0.4526785493,0.9999866178,9.785615021e-05,0.3554327142,0.1617407581,0.9997637263,0.269821125,0.0378580333,0.9984063155,0.2639842392,0.1825836554,0.9421860238,0.2877495603,0.2656433757,0.9973992053,0.8184303974,0.6170021069,0.7511821559,0.2305983181,0.2786518416,0.9996328976,0.3039356402,0.2335904496,0.9056302947,0.3102115661,0.247307243,0.835440111,2.818925648e-17,0.9937672023,0.9227135495,0.02102931924,0.6494925665,1,0.03988980336,0.4262341574,0.9859983336,0.9949988903,1,0.9921895468,0.6220706764,0.636713731,1)
