mCurrentIter=100
mCounterStuck=0
mYPrev=-49.49112096
mParameters.n_iterations=100
mParameters.n_inner_iterations=1000
mParameters.n_init_samples=100
mParameters.n_iter_relearn=1
mParameters.init_method=1
mParameters.surr_name=sGaussianProcessML
mParameters.sigma_s=1
mParameters.noise=1
mParameters.alpha=1
mParameters.beta=1
mParameters.sc_type=SC_MTL
mParameters.l_type=L_EMPIRICAL
mParameters.l_all=0
mParameters.epsilon=0
mParameters.force_jump=5
mParameters.kernel.name=kMaternARD5
mParameters.kernel.hp_mean=[1](1)
mParameters.kernel.hp_std=[1](10)
mParameters.mean.name=mConst
mParameters.mean.coef_mean=[1](1)
mParameters.mean.coef_std=[1](1000)
mParameters.crit_name=cEI
mParameters.crit_params=[0]()
mY=[200](-6.714108346,-4.510324723,-48.94784246,-44.90749826,23.30673576,-35.05745589,21.38565154,1962.895968,4.062380763,13.77781489,-32.83746756,-53.61502239,1233.053476,-20.2949271,-20.1447703,-51.11042611,816.4001107,4.986068097,-46.35093448,16.07849078,-56.20348615,7.644781665,-16.28594236,-53.11911065,16.47598351,49.46561336,-42.82727677,20.62222805,-1.231204205,1568.760467,18.76343428,70.94919189,10.22641805,-51.12966564,-33.41384049,-36.82907962,3.400791555,-30.26850106,-24.85230061,-43.85681637,-27.03966477,13.75315098,19.82325998,3.591650114,-43.81310616,7.370332655,12.22345179,-7.362513689,-35.92586386,-6.003638493,15.34625321,-21.61749376,14.38223979,-10.37700099,-12.10300838,-42.552185,9.756927266,29.55338921,182.2171659,-0.02280551724,-14.15001488,123.1476689,242.671977,-7.644810762,-6.775944821,492.969867,435.1760103,1576.800703,46.80990305,-10.40020888,-26.24061576,-24.196967,-14.94551272,17.66811523,-4.373017689,264.9746151,-57.50750608,2538.088392,-36.33520638,11.97686414,-40.57793609,36.42552127,33.46948821,29.35902006,-35.46151931,-5.107388116,34.09413701,-38.91666576,1841.351886,-34.35632427,-44.91271908,44.93528928,31.09046118,26.80209105,3313.338073,1452.397587,2042.473409,-44.46311236,6.34928042,-8.2559606,-51.98315214,-50.98358326,-54.09649966,-45.98941609,-45.8426931,-53.03815097,-41.45518066,-50.10892591,-46.40982316,-53.4036722,-40.11982403,-36.09782211,-51.10645095,-46.0245763,-43.51914256,-46.96748671,-56.82376123,-47.26561897,-46.85930381,-51.10298211,-48.73195727,-45.24222052,-45.21776738,-53.60194458,-23.21813842,-34.45093907,-45.69686035,-45.29639669,-46.80248973,-48.74778079,-52.45480281,-45.58978082,-46.33795442,-42.58230049,-52.85075129,-49.55715833,-37.1141018,-44.97857154,-37.33653301,-43.76690688,-48.73211586,-51.49125376,-45.45123392,-47.20202208,-51.25457074,-51.40933052,-49.18781565,-35.27273887,-42.41278302,-40.76908516,-54.41427824,-23.34062925,-52.48223878,-42.17142749,-46.66945983,-38.29804757,-42.54882107,-54.52126259,-51.30433,-17.0189283,-45.27103965,-33.64866142,-52.09347359,-50.3887788,-53.62418937,-53.64345919,-41.55977611,-35.08509003,-55.78257941,-43.7988791,-47.26110569,-52.74677506,-53.91355418,-43.75618396,-50.40030054,-53.37539137,-40.34519958,-49.43772715,-54.14508431,-53.34750431,-29.82803023,-50.39936117,-28.45237751,-40.73871049,-49.90533474,-53.58219682,-53.66299232,-50.23175594,-54.53707096,-32.78476022,-49.98160664,-52.41187789,-51.36225616,-50.96215242,-26.18984609,-36.87098504,-53.72224736,-49.52363498,-18.60534561,-49.49112096)
mX=[200,3](0.7188649666,0.6198263089,0.7958440351,0.3146986968,0.7206779761,0.05178705172,0.3534586971,0.5257618152,0.3172824896,0.1871976763,0.3480355094,0.3884231947,0.3772688137,0.9562760274,0.6526644031,0.2383096074,0.5858633466,0.594920336,0.4695601103,0.1332167625,0.9774122122,0.8652170719,0.1123975192,0.08923250332,0.07295952356,0.7517790522,0.06219874054,0.9448220131,0.2993118942,0.3736633917,0.240130842,0.3730613416,0.7030221427,0.4415472774,0.3683328727,0.4062945587,0.4517866859,0.008721856729,0.2024886295,0.3861006403,0.2882598115,0.7762063304,0.2527923819,0.4585972863,0.7540675677,0.09436048506,0.3027343184,0.4861947278,0.6312837977,0.03718006209,0.24908699,0.03309237984,0.4988555531,0.8789293255,0.9164777848,0.5063430354,0.2693874494,0.2726011747,0.9217662974,0.632695166,0.470699472,0.4398522671,0.4159110301,0.4848255856,0.2358713022,0.9139166996,0.9298923784,0.273528401,0.533802661,0.7648302532,0.4443575507,0.4446362183,0.5763385398,0.889857367,0.7313718151,0.7435508939,0.1047579348,0.4761832921,0.7359165799,0.6437326691,0.4524907457,0.9676526524,0.9734227411,0.5090623169,0.3470527093,0.6328346258,0.8038196933,0.1994983843,0.1404171343,0.09864839913,0.2832945091,0.05297307808,0.96303382,0.101094832,0.2022052151,0.2958604432,0.4208843032,0.9001994462,0.6169902531,0.6141388441,0.5363828865,0.4660264677,0.8313135646,0.6004046111,0.6016237026,0.8190689818,0.4723366278,0.6270433972,0.5592168329,0.2468003395,0.888561258,0.4131153044,0.6551545336,0.5758386612,0.505289036,0.7712943899,0.3537246211,0.6446372518,0.6733767607,0.2328479633,0.1206892072,0.7340496922,0.1390830621,0.3958932672,0.0682011926,0.935702659,0.6620300804,0.482199667,0.1631858873,0.6707819708,0.8413124154,0.6822133293,0.8837290437,0.6678389713,0.2865823928,0.8492876359,0.3243643374,0.8999113481,0.8213237784,0.8686371354,0.7258967174,0.01052628519,0.8307482116,0.4984331883,0.04295702922,0.2223438509,0.4336338403,0.5248765843,0.5718600508,0.04782094942,0.7016458478,0.3334324393,0.9471202571,0.7504755855,0.8063152801,0.3060029642,0.08981570973,0.9395008334,0.5549012968,0.7865199548,0.02037687453,0.6959096734,0.5163008708,0.08553273325,0.7468143192,0.8773742889,0.562933922,0.5420632143,0.5859579103,0.9402617306,0.3225724276,0.5300409288,0.814832736,0.9081588401,0.06727175378,0.4297791706,0.1425257894,0.8988653482,0.2530889075,0.8554327489,0.1324827252,0.8273216406,0.3662684259,0.9705568528,0.1836689292,0.3920233684,0.9520132433,0.3943344093,0.1203445718,0.6887310346,0.8572271487,0.3460540381,0.6061580501,0.5434587766,0.8170846545,0.9887658457,0.3550878847,0.1047119063,0.566574231,0.4148828885,0.02637697854,0.1516197023,0.09443045258,0.1193031419,0.3034010462,0.0157000655,0.5129826825,0.2086182718,0.1722168239,0.8235207381,0.6539177758,0.7189817139,0.521174519,0.8555098168,0.7895299182,0.1783313031,0.7983386607,0.1608093048,0.6780478742,0.3655717276,0.4074883498,0.9587720264,0.7705682134,0.7648051369,0.7156391887,0.1731745507,0.122716951,0.2713588094,0.6225725787,0.5174098846,0.3340697677,0.7266225987,0.2191791422,0.005790244215,0.0205607194,0.5597702576,0.2513857278,0.904497232,0.9184707443,0.1857239044,0.6962386188,0.3135464763,0.5601939362,0.1114334773,0.6916287274,0.9843738465,0.4926929115,0.8977146897,0.8647282076,0.4068098291,0.9854637182,0.6480609319,0.007861889594,0.4609225687,0.6638450977,0.05802725094,0.387341443,0.84408346,0.2130510342,0.9682658792,0.7694697891,0.4351240132,0.7024949949,0.2282736235,0.2923807429,0.154134876,0.0770253569,0.2646647608,0.6883063578,0.4237756781,0.1463335577,0.5942186193,0.2129568918,0.2294595558,0.9978607467,0.8399525206,0.5914939667,0.6285223523,0.9940589258,0.9920660261,0.7961189496,0.9247628925,0.3214974279,0.04360940806,0.0188835542,0.801197007,0.07254660429,0.154744682,0.3361695143,0.1992807817,0.03237963217,0.5462416885,0.2640532267,0.5848725434,0.1604823538,0.7400307897,0.7864570599,0.9328154877,0.8726999083,0.1951653248,0,0.5171057482,0.3926773124,0.9208075337,0.6349837905,0.2209040062,9.68325209e-05,0.4190440275,0.4900368722,0.9999843045,0.5846919128,0.3265134511,8.930908521e-05,0.5865565727,0.327495725,9.67629709e-05,0.4155072363,0.4866478464,0.9954967003,0.6464233003,0.1930457197,9.69254875e-05,0.4925107613,0.4007343232,0.9999781033,0.5443524341,0.3721287641,9.685257694e-05,0.3719089413,0.5345424577,0.0001007886365,0.646193716,0.2441170369,0.9999780977,0.4322727543,0.4803471754,9.686124873e-05,0.4606668491,0.4165719968,1,0.6254009038,0.2348337513,9.685330463e-05,0.2757895105,0.6146263814,8.955472627e-05,0.6052227107,0.3095715181,9.673132022e-05,0.3684111643,0.4810894452,0.9999825916,0.5977266444,0.2971647387,9.665081824e-05,0.5062989641,0.4919197756,9.688862142e-05,0.5039408638,0.3718413831,9.690286059e-05,0.3886685037,0.5703963146,0.9999781236,0.5118496369,0.3996636424,0.3774380464,0.6505576863,0.2336966936,9.688744583e-05,0.3627310539,0.4622447097,0.9999781193,0.3458655987,0.6600342051,0.9999780002,0.4141291746,0.5020120435,8.975909649e-05,0.5932671591,0.3764626031,0.9999694996,0.6654936075,0.1799576443,9.806045818e-05,0.260539401,0.5591982422,0.9999830565,0.6078968836,0.2779405573,9.597749336e-05,0.4120866643,0.4277770052,9.667481253e-05,0.4815082306,0.5427745789,0.9999781235,0.6087015681,0.3766939128,0.0001059634339,0.6642740508,0.201999677,9.702782351e-05,0.4666252417,0.3854252452,9.586761315e-05,0.3299402911,0.4867742942,0.9999772752,0.6658630877,0.1810867663,0.2747521051,0.5983113841,0.2847802094,9.695612282e-05,0.2394879876,0.668532654,9.724069106e-05,0.5824042961,0.4657606021,0.8435559456,0.4683608086,0.398176972,9.683791382e-05,0.3102090306,0.495063142,9.710826708e-05,0.4116007006,0.5880085152,0.7630639029,0.3896224452,0.4807356455,9.700506517e-05,0.4984067501,0.3499686389,9.688801227e-05,0.5131373003,0.4736295251,0.5945762774,0.5982380789,0.2660842275,0.9999779646,0.4231619585,0.5763613787,0.9999781018,0.6372667561,0.4025838678,0.245826004,0.6623385023,0.1834284455,0.009580473573,0.4051334298,0.4286735589,9.774636717e-05,0.6138955506,0.6577341935,0.6396692004,0.5065432373,0.3530526557,9.048126218e-05,0.6438603027,0.3186442087,9.794763645e-05,0.4944874925,0.5174273004,8.163238112e-05,0.3195658076,0.6583931051,0.9999779768,0.6713387161,0.1658664224,9.998822454e-05,0.4184300418,0.4233512963,0.7494077094,0.5090217004,0.4445054258,0.9999780578,0.3302348721,0.7187842189,9.701002826e-05,0.5945980619,0.4247018408,0.210103355,0.6649675825,0.1852535793,0.616756982,0.5702536342,0.2952496987,9.688901522e-05,0.390317266,0.5550973203,9.770958059e-05,0.3988536336,0.4334215487,0.4841170176,0.4858391465,0.3603963977,0.9999779944,0.5486327813,0.4867839096,9.718153707e-05,0.639737525,0.5136479362,0.5128133495,0.4158838695,0.4670824622,9.84894973e-05,0.4494357567,0.5937700242,9.697254051e-05,0.5013326093,0.3475389069,9.688689232e-05,0.2695297865,0.5266018247,9.765036186e-05,0.3330077311,0.4700342546,9.686837052e-05,0.2037138969,0.603556324,0.7887035226,0.586724907,0.2399935987,9.050445636e-05,0.3171562946,0.4983678167,0.9999780055,0.6712033861,0.3263635889,0.6714846162,0.3658039384,0.4924630203,0.7018032321,0.4638352579,0.3986226857,8.990712015e-05,0.4534877225,0.462821372,9.701762048e-05,0.2356953666,0.7156575048,0.8600503479,0.5591986628,0.2955048973,0.9999781314,0.7264803374,0.4756219068,9.711653472e-05,0.6441775949,0.3618256459,0.0001147065448,0.3310516803,0.5718099532,0.5389555113,0.5378879645,0.4107981294,9.686296389e-05,0.3650954137,0.4438291814,0.6984061572,0.5660297124,0.2717955028,0.4846765064,0.4354663883,0.516551832,9.691473417e-05,0.7043266678,0.2604899654,9.018784574e-05,0.4132988909,0.4172432163,0.0001040659514,0.2744728018,0.5307927027,0.5372479737,0.5489153233,0.3982887048,9.077470777e-05,0.4155999541,0.5110131309,0.9999848626,0.5323371754,0.6749623971,0.8145947292,0.3443925803,0.5836904599,0.6521391583,0.4274869011,0.4262429359,0.3704780376,0.5492961445,0.3088170836,9.704621633e-05,0.7065195192,0.6083608537,9.72841615e-05,0.5039420735,0.4551953903)
