mCurrentIter=100
mCounterStuck=0
mYPrev=-15.95534494
mParameters.n_iterations=100
mParameters.n_inner_iterations=1000
mParameters.n_init_samples=100
mParameters.n_iter_relearn=1
mParameters.init_method=1
mParameters.surr_name=sGaussianProcessML
mParameters.sigma_s=1
mParameters.noise=1
mParameters.alpha=1
mParameters.beta=1
mParameters.sc_type=SC_MTL
mParameters.l_type=L_EMPIRICAL
mParameters.l_all=0
mParameters.epsilon=0
mParameters.force_jump=5
mParameters.kernel.name=kMaternARD5
mParameters.kernel.hp_mean=[1](1)
mParameters.kernel.hp_std=[1](10)
mParameters.mean.name=mConst
mParameters.mean.coef_mean=[1](1)
mParameters.mean.coef_std=[1](1000)
mParameters.crit_name=cEI
mParameters.crit_params=[0]()
mY=[200](-8.371431927,502.7535297,1707.754425,46.88387557,1722.588591,-19.92513714,9.210552119,30.81964969,38.10332924,82.52632848,26.82971353,-14.05112381,-4.713060999,593.4903028,8.861605251,88.78020711,33.13019546,-5.026395022,31.68026299,7.140950498,46.99533625,14.40302975,348.9353275,19.04169606,59.27521194,34.00084388,71.43192212,2.588402087,77.5978732,25.53242651,240.6504334,24.16779888,5.539397089,-2.883362243,-17.30191235,-12.80868213,538.3962544,-26.70645876,-11.21920473,-8.398818204,3.82880397,2.963644328,-2.193337588,9.270857617,16.90852016,21.56574876,12.74439356,-9.749124933,-26.29969819,42.40287342,28.07288262,39.25172873,-12.61436862,27.69060812,6.606080779,271.2816587,-13.55041552,25.33287219,-0.280264377,214.3732685,-0.910253654,16.04318653,51.59872098,44.08272286,41.50993379,33.08682508,66.34305494,6.87333566,6.700669151,38.07182153,131.614513,5.662397996,24.41749596,1742.716694,385.9923798,16.95319844,42.39476108,-14.88539651,12.48420484,1.426423143,-26.59633972,66.25960996,539.9087663,12.07538943,38.94875976,15.77170725,178.2160486,20.12160681,21.54875011,547.0852538,28.28210566,235.8798845,46.97487614,20.27284039,35.69545145,111.6989914,35.53646593,-27.12455134,39.82415416,-26.96325313,-23.08895551,-20.90950218,-18.46974405,-23.16897763,-26.06470801,-17.89339448,-21.60458341,-7.557433984,-15.93543636,-27.28289173,-3.825816051,-20.84949442,-17.35305171,-17.90318907,-18.99154499,-21.13021272,-15.8247369,-21.34723367,-10.26031312,-5.241402659,-18.95690006,-24.83702744,-22.98349915,-15.36799018,-19.23179663,-23.30505013,-8.024456882,-14.93879757,-28.11456168,-11.12009587,-6.71908798,-20.16571456,-19.91115611,-21.01901704,-22.32865153,-24.42606862,-18.57890694,-18.38169617,-22.31996555,-22.66555131,-20.96392138,-23.36339486,-20.66446755,-19.54627882,-14.68223857,2.546675018,-14.98899361,-24.81126936,-16.93858896,-23.27378109,-21.1147364,-18.5165576,-19.87920154,-25.31596953,-23.76702392,-26.22906549,-18.26214913,-24.79186925,-23.53745151,-21.62931846,-18.5510908,-18.77529279,-19.33920171,-17.70019143,-26.06068447,-18.04884005,-24.5696408,-22.99329374,-22.86065244,-15.98860076,-19.60374271,-26.39725476,-10.5290603,-22.62781657,-10.99296656,-22.32421507,-19.41011831,-11.55330709,-28.34453921,-23.91327998,-25.40248637,-20.73588192,-12.92119018,-27.060277,-28.41407667,-1.647185016,-18.65866197,-18.96121693,-24.77113612,-22.51434983,-23.88159954,-23.25689055,-21.74683424,-20.64841466,-22.83823094,-26.88492545,-19.96725423,-20.29267189,-23.07758254,-15.95534494)
mX=[200,3](0.3775302131,0.705648873,0.3077649996,0.1275607354,0.300360691,0.1513338264,0.06070359116,0.2818330866,0.00702908746,0.8087510103,0.9895042535,0.6478884696,0.982840649,0.03778043932,0.1612344367,0.04680040267,0.4990472573,0.5743927805,0.0339794341,0.8106250769,0.3999816886,0.677225287,0.9187070659,0.6048363447,0.4603471253,0.6313508824,0.07957084991,0.7068521292,0.05742348904,0.4863057848,0.5198943449,0.3884103197,0.2909299023,0.05206124015,0.6583824563,0.3447150226,0.1350844495,0.7432571781,0.2343690816,0.7551367828,0.3595109361,0.117116413,0.8608614948,0.007809089711,0.7718804967,0.8778692235,0.3721639622,0.2683860984,0.1991655111,0.2214373323,0.9474887198,0.3545215993,0.5618330543,0.6882987797,0.7243945468,0.7163959632,0.8695079378,0.08018299629,0.8265533806,0.3682245375,0.7347243132,0.3693603402,0.2778490277,0.2837776564,0.8643624953,0.2482814277,0.1793933336,0.5968362469,0.02116472033,0.9225469919,0.8759831588,0.1749872474,0.8890157199,0.9457880684,0.06680415284,0.7469272666,0.8444466129,0.7874214894,0.5226094335,0.6803550234,0.05032676651,0.3490682186,0.2763160942,0.4067848601,0.248355779,0.9502469408,0.04803165682,0.7640957406,0.7374492454,0.8240476505,0.7196860967,0.4678582861,0.08060578509,0.5699772354,0.1151576816,0.8956262775,0.1546052506,0.1071178151,0.5341758955,0.01661199718,0.6401610055,0.6219900502,0.1041894726,0.585157149,0.4648036,0.5980330154,0.6624638451,0.5006643772,0.3385324876,0.4537171477,0.03233562506,0.007542089391,0.4355091831,0.5278340541,0.3081503275,0.5034361452,0.6729944045,0.6662886965,0.6084903789,0.6348106838,0.4409237616,0.8058199279,0.3727872045,0.2146640157,0.783963841,0.4719189192,0.826325183,0.7731246697,0.3347699814,0.5057188842,0.02309386059,0.6581705432,0.9020950681,0.08096881536,0.8454840139,0.41539542,0.6223041336,0.09697239422,0.2266124917,0.7575751659,0.6698258076,0.1838456123,0.2604274902,0.7140685335,0.2960452063,0.4158582301,0.5531582362,0.7792896581,0.5376535069,0.9774394146,0.6807654605,0.3343287514,0.9171066861,0.5477603393,0.9243248251,0.7297082477,0.9754878605,0.6929385129,0.490963093,0.3627347016,0.6146656023,0.8722347582,0.8999310149,0.1551400045,0.7583320052,0.07939999045,0.839869123,0.01960382324,0.1146898512,0.5756899924,0.568369284,0.3921227186,0.1377018358,0.9076643168,0.8387200503,0.2563325836,0.7039318875,0.55649774,0.2986441614,0.2229639616,0.6111175714,0.1845685178,0.5932570982,0.9504194909,0.7912688304,0.6920287458,0.7952179005,0.3201952781,0.3204777406,0.6539790128,0.4215456697,0.9961141115,0.9637798962,0.04610876075,0.9884836312,0.279292795,0.4484881117,0.9342058123,0.6290593112,0.939307027,0.9500910622,0.2033851371,0.01450982092,0.737992591,0.9901726651,0.2139921278,0.6187188715,0.3197516044,0.9733650631,0.3118253659,0.1651316289,0.5159509569,0.1237398106,0.6040156154,0.766259396,0.5818869801,0.9145847432,0.5227184811,0.8811145286,0.9375244497,0.07129331804,0.1460430505,0.4014836997,0.3983752365,0.103031339,0.6480889161,0.5487212361,0.8374873787,0.9462374903,0.9937869576,0.1942124465,0.8465863418,0.7218967806,0.2079061311,0.02568144612,0.239525032,0.3850048969,0.780954732,0.553944062,0.7420752903,0.3800954452,0.4731173241,0.452380583,0.698855389,0.173997103,0.4250868091,0.8114380819,0.1417673054,0.2544126924,0.2346382209,0.06807100334,0.8183619272,0.4932519087,0.8594241115,0.803141065,0.09254026497,0.2417393555,0.8580890029,0.5344359041,0.122907041,0.3508707206,0.4558871302,0.8881152017,0.4354175029,0.6345145292,0.9012419156,0.2853840415,0.4893513429,0.1996081354,0.1847256891,0.5817137632,0.3473022207,0.92284407,0.4384740924,0.3134585611,0.2121882579,0.140400905,0.9658367676,0.136104624,0.251179964,0.6781813966,0.7967203038,0.423564826,0.1688223984,0.413196425,0.8510106707,0.09588953178,0.4481913547,0.2618814823,0.2040256729,0.9607350705,0.5702979714,0.481061373,0.5178786898,0.4723469556,0.8918378821,0.7681698652,0.3271786606,0.4083615184,0.5486799101,0.4693737759,0.5098386041,0.3680396037,0.4345584837,0.5007213899,0.3746136527,0.2202302166,0.4383355923,0.4156925469,0.8213641251,0.5773848614,0.3195165463,0.618047937,0.4010717426,0.4508946671,0.3072123268,0.553543939,0.330931181,0.0001059691722,0.3595521099,0.4742083746,0.9999772612,0.4839093422,0.4097695841,9.688118823e-05,0.4829005698,0.3816358651,9.700173201e-05,0.3155728209,0.5213023265,0.9999779903,0.3710138875,0.4980698959,0.8897270724,0.6239328619,0.2803836312,9.22486778e-05,0.5820929295,0.3054016733,8.913287463e-05,0.4157264866,0.4294686985,0.9999738993,0.6322591755,0.2782919541,9.779665613e-05,0.2988184191,0.559867693,0.9999777982,0.5471125931,0.367799573,0.0001048561074,0.4090342996,0.4344616678,9.678160666e-05,0.5557425864,0.327949751,0.9999779353,0.3588938694,0.5243346801,9.701988209e-05,0.3230928106,0.6329087492,9.699424061e-05,0.3435193894,0.4856547607,9.710042764e-05,0.4589036991,0.4003333817,0.9999977372,0.6620094111,0.2522219954,0.9999780946,0.4809222762,0.4165565822,4.285503808e-07,0.3084800889,0.5231774991,0.9999780251,0.3985500006,0.6375575366,0.9738823416,0.6533153112,0.2592948321,0.0007087337655,0.4063281028,0.4457823944,8.949002248e-05,0.6309032531,0.2708861975,9.703131099e-05,0.3618654628,0.7249897177,0.9999779731,0.5628552091,0.3599857296,9.695204348e-05,0.4878626654,0.375132175,0.6660092495,0.3904535453,0.4568572881,9.685185028e-05,0.2836175822,0.570354857,9.691102708e-05,0.34920053,0.4810780778,0.999978012,0.522838739,0.5055559113,0.5115833675,0.5573982815,0.3219867186,9.725013029e-05,0.5441820522,0.4467242124,0.5740307794,0.4158688458,0.428681981,9.712932864e-05,0.343130215,0.6055666334,9.720856743e-05,0.346755467,0.4876406658,0.9999780026,0.6130600885,0.3868852264,9.764595195e-05,0.4803439172,0.3759619347,0.8100357894,0.3269986526,0.533508643,0.9999780231,0.3638204268,0.7469255648,9.110624382e-05,0.2211461595,0.6483718235,0.642931302,0.4401800013,0.4106964753,0.9999779594,0.4924902982,0.5771955757,9.767070709e-05,0.4881292134,0.4978972629,0.6369401205,0.6691653503,0.2427927676,0.4591213947,0.6002307646,0.2872183794,9.69172549e-05,0.410411519,0.6075852014,0.0001065715282,0.3632137228,0.4737128888,0.6246314432,0.5116739401,0.3567281861,0.5943923786,0.3912722824,0.4579855772,9.700951159e-05,0.5891263053,0.422868073,0.0001080153299,0.2924131152,0.5339237815,9.715245882e-05,0.4615809482,0.5052630914,0.0005774391414,0.4137798382,0.4165218163,0.9999840018,0.565737002,0.4588049533,0.7930290285,0.3462199957,0.575639876,0.9999864485,0.6017923852,0.3102135939,0.2491837831,0.5293962721,0.3363682703,0.5582658565,0.3740502685,0.4722571285,9.683440757e-05,0.4184166276,0.6169890116,0.0001016122475,0.3013907802,0.5215262117,9.775440952e-05,0.4637286887,0.5031683059,0.6412572208,0.4480325607,0.4024864702,1,0.5540960112,0.5610449665,0.9999779871,0.6425195477,0.3798323303,0.5290729864,0.3554270852,0.4912424494,0.9999779779,0.7023817467,0.2292939774,3.461294752e-05,0.3903682711,0.4435019414,0.0001102849945,0.2141527165,0.6829862568,0.6264661806,0.4792091551,0.3794155921,8.997009558e-05,0.5657916612,0.4989443047,8.937520586e-05,0.6605343686,0.2574988439,0.6516654782,0.4553318264,0.4897199422,0.4962066131,0.3074002475,0.5538279292,9.702489359e-05,0.4088511939,0.5535539528,0.2023482757,0.6038376828,0.3970574545,0.8991152677,0.4178776393,0.6167397482,0.0001047136083,0.3251694322,0.5008106693,0.5981379445,0.4680799093,0.4707721245,9.699498104e-05,0.3949432151,0.7422564237,0.510405809,0.575496913,0.299855153,9.487444169e-05,0.4241299914,0.4121390368,9.692986466e-05,0.4103431455,0.5352812874,0.5908163257,0.3780848868,0.4700284068,0.6284720577,0.538551982,0.4501456712,9.703498391e-05,0.2623722109,0.5844586774,0.6646720736,0.5011732735,0.3591857187,9.050979019e-05,0.4657644233,0.5706085513,9.101915791e-05,0.3232885629,0.5023433361,0.5611266837,0.4400337056,0.5078293251,0.3404334518,0.615136714,0.3923328441,0.0001004143584,0.3085077627,0.6076103901,9.71529784e-05,0.4416384648,0.4734327127,0.9999779542,0.599521153,0.5506289102)
