mCurrentIter=100
mCounterStuck=0
mYPrev=-26.22639366
mParameters.n_iterations=100
mParameters.n_inner_iterations=1000
mParameters.n_init_samples=100
mParameters.n_iter_relearn=1
mParameters.init_method=1
mParameters.surr_name=sGaussianProcessML
mParameters.sigma_s=1
mParameters.noise=1
mParameters.alpha=1
mParameters.beta=1
mParameters.sc_type=SC_MTL
mParameters.l_type=L_EMPIRICAL
mParameters.l_all=0
mParameters.epsilon=0
mParameters.force_jump=5
mParameters.kernel.name=kMaternARD5
mParameters.kernel.hp_mean=[1](1)
mParameters.kernel.hp_std=[1](10)
mParameters.mean.name=mConst
mParameters.mean.coef_mean=[1](1)
mParameters.mean.coef_std=[1](1000)
mParameters.crit_name=cEI
mParameters.crit_params=[0]()
mY=[200](2865.949508,-1.37818584,1479.293993,-40.64813994,1440.805813,9.349295823,-44.1300829,-6.597174052,-31.62429866,-36.67877713,-15.1156488,-36.92554432,-30.14422748,56.90186285,-36.86054756,-32.22667804,48.99592216,41.98290318,168.3908467,-27.69832644,-19.51039643,-31.38381422,20.61594985,-35.91833849,32.80989235,-0.1848399047,-11.64148594,1632.114288,22.93900075,183.4036032,3.569946365,84.6715008,-5.884330142,-34.6532477,2629.321724,-42.78821754,-29.99056124,4.27536791,34.04492792,30.48387566,-36.18345884,36.18631525,17.05660282,-29.17342512,0.7522038363,46.25647984,20.6757632,-22.66818591,28.59556882,-5.099081633,-0.444007833,25.61396743,-14.22723732,2978.600009,-38.89991765,-23.36409123,37.09004637,-36.94544313,273.8464462,483.0969039,10.00268471,-31.28436264,-33.82722553,-16.05176081,22.43831555,-32.34205825,2374.698537,17.73498563,-9.244903832,210.1264678,26.99867069,42.63695674,15.21590451,-35.69211441,16.71808142,211.4866767,67.66063679,-34.83983379,38.39109173,1.476733112,29.93616937,-9.498370669,56.13212234,33.53073929,-19.51561752,113.7504549,11.47590395,-2.946041114,38.62354428,-5.349098759,-14.37872261,18.59450812,-3.015679572,-41.36244672,-9.460939385,155.0775959,7.681281445,-13.56526128,25.23095425,0.9365504808,-42.64023926,-38.05802566,-40.70624509,-34.53596275,-37.38430255,-45.42239389,-39.41973152,-35.09782944,-46.05635348,-40.36596435,-41.7050086,-37.60243112,-43.46567672,-38.7725547,-41.14758318,-37.26301118,-33.30432182,-33.90768024,-40.72172322,-34.70811668,-45.72824305,-36.23081803,-44.18601433,-39.89621086,-30.46042721,-34.72903298,-38.98306216,-39.01284509,-37.69568519,-39.85742643,-33.22038538,-41.46908753,-44.45652354,-42.7327434,-34.65358385,-36.13742152,-25.04003953,-41.20956007,-40.73197441,-37.10898105,-42.25175269,-39.64173593,-45.7089696,-32.5500102,-40.00165984,-39.6722771,-28.23716208,-28.5347429,-40.84984712,-25.83076695,-40.89444158,-37.9992173,0.01177236971,-38.20764881,-45.9851064,-42.36174408,-47.42048048,-27.12062227,-35.85180636,-43.96153958,-40.01952042,-26.20078108,-45.02217228,-37.48991362,-33.01685066,-38.76740943,-37.15337764,-43.6263626,-22.81313072,-46.21024466,-43.73221456,-40.55549226,-35.3365465,-38.87980795,-45.6643132,-40.16282321,-45.85655859,-28.40363612,-40.5420389,-31.40722147,-45.87133227,-40.74519834,-42.92238625,-46.21380515,-42.99420702,-43.00296084,-39.72877042,-36.61186134,-37.35397943,-40.74853147,-41.27820444,-39.81617838,-31.56586944,-48.29611181,-34.49891373,-30.39440293,-41.12167336,-39.62004139,-43.99226954,-26.22639366)
mX=[200,3](0.5463230005,0.02654840562,0.07252431395,0.3918183779,0.8193864145,0.5072255083,0.6355746947,0.0838568896,0.1506393266,0.4928383036,0.4058969372,0.5761479781,0.1924721241,0.03282505362,0.1815450499,0.501638363,0.7755375068,0.7417266114,0.2812570829,0.436485113,0.520967776,0.08241954349,0.8210027322,0.2527324573,0.6125917357,0.3196754904,0.3856273082,0.5222087421,0.5275159188,0.2229595625,0.03578188365,0.3348970797,0.7519495401,0.6535368541,0.4598673989,0.2339100862,0.06393598972,0.5328657952,0.1777537176,0.9050755128,0.1469825934,0.4473708019,0.4883042774,0.2436606369,0.5804459883,0.1485866283,0.6491424996,0.09217284483,0.1689921326,0.9732088425,0.8324782096,0.576261933,0.9684267452,0.7865629108,0.3720412804,0.1523849639,0.2843492545,0.5136730721,0.3933108184,0.6752449328,0.5516345695,0.4871974743,0.7079797909,0.4377963392,0.5125610208,0.1255068253,0.3497385811,0.7922665061,0.8016467946,0.7556260037,0.5755693169,0.1023696173,0.1841004333,0.4686506751,0.9786527999,0.9852797165,0.8378113886,0.4288655554,0.8239908416,0.6778351598,0.6586669673,0.8717292442,0.1061591123,0.1353896353,0.4650622124,0.01295867737,0.5387911061,0.771000769,0.4120870639,0.08258069984,0.8566060578,0.8630286477,0.4811207534,0.1109915337,0.2585185993,0.2441540593,0.9680283949,0.1600486327,0.6003264525,0.2088736953,0.3290875201,0.3601141091,0.2219163077,0.06229556221,0.06704415102,0.2549609073,0.3520610758,0.4011587483,0.1528731514,0.3711694113,0.6489087729,0.6026278159,0.04672915687,0.8457531122,0.09886294077,0.9971822143,0.4605419829,0.4015784454,0.9868841816,0.4712229391,0.8633457109,0.6228510817,0.4560476129,0.07316470866,0.8086225876,0.8871176066,0.5694847557,0.9104196963,0.5666306264,0.7313059086,0.2949456887,0.4331175249,0.3151436746,0.8577351385,0.3347024849,0.6602350334,0.9408110355,0.8781381952,0.9726646221,0.6682474199,0.04220154783,0.3290196925,0.7264766418,0.3511440094,0.2919636657,0.6096829204,0.9332371488,0.6983143356,0.1965801509,0.792391899,0.840718375,0.2030973777,0.8195938251,0.01104557169,0.9531988296,0.1121652,0.8901350409,0.2752740141,0.4990307608,0.4223133411,0.07829044934,0.02395090123,0.622106531,0.4232195644,0.3134953373,0.1775107003,0.7143861381,0.4143676267,0.6422202554,0.7328549699,0.9501800982,0.5877501971,0.5072317131,0.2150437337,0.02841891835,0.1172981758,0.2791395404,0.04892581782,0.6134802313,0.007170813971,0.8380948675,0.7495582588,0.7767172828,0.7839360004,0.6953770649,0.1602860356,0.2667043342,0.2625375468,0.6345998636,0.1285463233,0.7811258377,0.3016035759,0.3623212247,0.9026577382,0.6866936335,0.3359913164,0.6359031189,0.2012500099,0.6715734288,0.1721857496,0.01242035286,0.5372144297,0.002804259027,0.923876659,0.4152704579,0.7524730612,0.5555104634,0.7012564707,0.1808938167,0.2684871024,0.3530266824,0.927658835,0.6904115669,0.796959051,0.8928611703,0.9087405285,0.741213596,0.345610997,0.9116043463,0.4550556571,0.5672324337,0.5440430425,0.8846022105,0.7073000505,0.8565598857,0.6841529877,0.12227349,0.3252500054,0.2307863262,0.09887416359,0.3952166123,0.0009245552146,0.554793825,0.5133453963,0.762729856,0.4938858181,0.05446699498,0.7268017368,0.1331271502,0.8290546452,0.3826917393,0.5895360917,0.9464690772,0.9984143253,0.5913582651,0.7282130032,0.4793378165,0.8857105503,0.9840200171,0.7110848072,0.4720183815,0.9925814807,0.8170175909,0.4480301583,0.191242334,0.9517742626,0.939195189,0.03088460623,0.446839502,0.2227037066,0.8967155132,0.2738314027,0.650457143,0.7324906699,0.9239727503,0.28290899,0.345638688,0.1348276662,0.05370811533,0.5917081159,0.2485655784,0.6820102875,0.6240079341,0.107916242,0.8788376396,0.6684647419,0.3045750686,0.7664584612,0.6167529922,0.5911746101,0.5422992124,0.2903040727,0.914225798,0.3886508901,0.762299139,0.05762013369,0.3614911684,0.1449855893,0.9348607693,0.2147330881,0.8685035832,0.9440850615,0.307182411,0.7199165941,0.8078356001,0.2373493891,0.9626883982,0.2147961439,0.8439486258,0.3769522257,9.133978705e-05,0.5027983256,0.3261299151,0.9999779876,0.6031009255,0.2296333998,9.689546529e-05,0.4799032808,0.3393910289,0.9999877068,0.6010062316,0.2221070946,0.9999779714,0.4975948394,0.3736467318,0,0.4308751977,0.4072355232,9.700822339e-05,0.5665460649,0.2528684316,9.101822845e-05,0.5538627327,0.2585304099,9.688492919e-05,0.3363114476,0.4743439395,9.690429276e-05,0.4319841468,0.3369553579,0.9999823089,0.6089789581,0.1984601465,0.9999781107,0.4671368473,0.4438867692,0.9999805195,0.5297616597,0.2964407325,9.705784443e-05,0.544876388,0.4043220574,9.033639144e-05,0.3152724884,0.4856809812,9.692164382e-05,0.4068025341,0.3536228911,0.9999741379,0.6056676226,0.1966771854,0.9999782429,0.4609034979,0.5583538432,0.9999772153,0.596573296,0.3219604851,0.9985715702,0.4669635295,0.3218859925,9.692609617e-05,0.422177157,0.4541031546,0.0001040855406,0.5923656804,0.2217807809,9.403461978e-05,0.3242679517,0.547486101,9.70054817e-05,0.34880636,0.4031603431,9.697928881e-05,0.5010667979,0.6019327987,0.9999781005,0.4295125506,0.4674260093,9.037396912e-05,0.5064188355,0.2771563222,9.701277632e-05,0.5782815829,0.4315663165,8.719879885e-05,0.5501147831,0.2493632722,9.71058186e-05,0.4251180665,0.3375245861,0.9999781453,0.5989106862,0.5111466092,9.693550235e-05,0.2628296466,0.4917062348,9.701125914e-05,0.4440877485,0.4862431478,0.9999884323,0.5981312105,0.1925523308,0.999968923,0.6472615108,0.2834534128,0.9504250825,0.4333623134,0.3808753376,0.9999781088,0.3638356376,0.572614653,9.791996252e-05,0.5980057644,0.3459727244,0.0001053211636,0.32992955,0.4163995487,0.9999779541,0.5993977387,0.3967882948,9.697258092e-05,0.4828964529,0.4461112896,0.9999728882,0.5867292362,0.1949062924,0.6437042977,0.5134313069,0.2693039742,0.0002130114524,0.6222138087,0.2048709446,0.4737295621,0.4899251444,0.2885480898,9.667719721e-05,0.3776625943,0.5621177487,0.9999779763,0.5248170328,0.6012516681,9.703951296e-05,0.6454507586,0.4886257562,9.700286028e-05,0.3998673862,0.3688593918,9.111724953e-05,0.2051973042,0.6786892449,0.0001366525448,0.2623140289,0.5552319846,0.8558639278,0.3952369905,0.4705822644,9.699569934e-05,0.4764210913,0.8058754615,9.702202139e-05,0.4612036408,0.5418316766,0.647939606,0.5738619458,0.2054676619,0.6392382878,0.5523940516,0.2302961194,0.4913525926,0.4914215373,0.3959005531,0.999978007,0.7090325557,0.195728264,9.107217041e-05,0.6161482807,0.3121962112,9.710233759e-05,0.2999535181,0.4368475085,0.5978865818,0.4736255832,0.3053149161,9.715012196e-05,0.5053825108,0.6320092339,9.673452649e-05,0.4181591878,0.4617733057,9.721402374e-05,0.3225391245,0.6024238248,0,0.4502362117,0.3130555267,0.9531514351,0.5310712884,0.4691162108,0.9999779595,0.6439482998,0.3747819813,0.7521536165,0.4126286769,0.3913768877,0.9999763056,0.3310398318,0.610178408,9.724176451e-05,0.3719940199,0.5054611879,9.697036994e-05,0.5199624438,0.4118494981,9.691962613e-05,0.336565669,0.4052687418,0.8325062308,0.372585118,0.4993185936,9.706691406e-05,0.5214702013,0.4996046011,0.6712084108,0.5840420739,0.193492043,0.7008242882,0.5489662835,0.237582008,0.5025525115,0.5370337792,0.3598110036,0.9999780157,0.6601346176,0.4988381307,9.682758222e-05,0.2411684716,0.5217294588,9.723894376e-05,0.6481892357,0.4273631772,9.692242224e-05,0.4257876029,0.4099479783,0.7297617392,0.4357771736,0.3504267518,9.715280109e-05,0.3877381216,0.5355633144,0.5928951923,0.4937675405,0.460665127,0.8810695648,0.5948521602,0.1817119807,0.8826682303,0.5387251298,0.2551325306,9.763180829e-05,0.2903091615,0.4418693601,0.8582607526,0.6634826981,0.2749163155,9.551396053e-05,0.5992711965,0.2048541303,0.08773385402,0.5138619569,0.2681067165,0.3923838936,0.5597972814,0.3495179285,9.707679745e-05,0.3853891053,0.3667420693,9.633376247e-05,0.2711562425,0.6511362017,0.5539999907,0.4000895317,0.4402735415,9.691938609e-05,0.4163244151,0.600956997,0.999985625,0.5663993714,0.5707639917,9.718840794e-05,0.4815329711,0.4970917719,0.6938787083,0.3493467671,0.519028586,0.687507968,0.5248326736,0.4165420884,9.689408925e-05,0.6095115162,0.5555558388)
