mCurrentIter=50
mCounterStuck=0
mYPrev=-2.950517587e+14
mParameters.n_iterations=50
mParameters.n_inner_iterations=1000
mParameters.n_init_samples=50
mParameters.n_iter_relearn=1
mParameters.init_method=1
mParameters.surr_name=sGaussianProcessML
mParameters.sigma_s=1
mParameters.noise=1
mParameters.alpha=1
mParameters.beta=1
mParameters.sc_type=SC_MTL
mParameters.l_type=L_EMPIRICAL
mParameters.l_all=0
mParameters.epsilon=0
mParameters.force_jump=5
mParameters.kernel.name=kMaternARD5
mParameters.kernel.hp_mean=[1](1)
mParameters.kernel.hp_std=[1](10)
mParameters.mean.name=mConst
mParameters.mean.coef_mean=[1](1)
mParameters.mean.coef_std=[1](1000)
mParameters.crit_name=cEI
mParameters.crit_params=[0]()
mY=[100](-6.226692966e+12,-1.573349918e+11,-3.122095972e+13,-6.847872479e+11,-1.977239289e+13,-4.02737834e+13,-1.084219813e+13,-1.62355084e+14,-4.429699612e+11,-6.183554232e+13,-3.762945306e+14,-1.784513016e+12,-1.519198825e+10,-4.243221435e+13,-2.282393487e+12,-1.499678482e+14,-3.405253566e+13,-7.795281601e+15,-2.545479175e+13,-8.590344145e+14,-2.690904114e+14,-9.272354395e+12,-5.953031712e+13,-6.152212148e+13,-4.331449384e+15,-5.74596896e+12,-7.855183826e+13,-2.733511719e+13,-2.036172509e+13,-6.426197465e+13,-1.857411411e+12,-1.558066624e+12,-7.797106378e+13,-1.547446349e+13,-2.814649182e+13,-1.705334452e+14,-1.278211777e+11,-7.258111819e+13,-3.384422576e+12,-2.647724316e+12,-3.098485835e+15,-1.04648281e+11,-8.426191425e+11,-6.224440683e+12,-5.437638889e+14,-1.574454366e+12,-1.431695634e+10,-4.387481262e+13,-6.627282747e+12,-6.954747748e+13,-2.240411052e+14,-6.456899204e+12,-6.320834526e+10,-1.57014268e+14,-2.595116455e+11,-5.392458133e+13,-1.103279173e+13,-3.928884924e+14,-1.77346361e+14,-2.530332613e+14,-2.231434107e+14,-4.234541431e+14,-2.759917968e+15,-4.007725461e+15,-8.986181131e+15,-2.206109109e+15,-1.722138727e+15,-2.028617779e+15,-1.685061017e+15,-1.480150334e+14,-1.933431447e+14,-1.324059327e+15,-6.710758292e+14,-9.719058358e+13,-1.55313183e+13,-1.434759984e+13,-7.674601396e+14,-6.743214363e+12,-1.703299852e+14,-1.833620372e+14,-2.591221054e+14,-3.265813649e+10,-5.721583609e+14,-1.089609609e+15,-3.665769717e+15,-2.413807092e+15,-2.347076202e+14,-4.588810264e+14,-6.41165961e+14,-6.294893685e+14,-1.324176874e+15,-1.760810553e+14,-3.02383325e+13,-2.013623323e+14,-5.745176461e+12,-7.485582152e+14,-2.084344659e+15,-5.003314019e+14,-1.941247922e+14,-2.950517587e+14)
mX=[100,3](0.2469133504,0.5600567377,0.3916984815,0.1061270606,0.9745107467,0.01501437466,0.2326233245,0.1883569898,0.4794031856,0.776150129,0.08744723685,0.1996784378,0.2050580794,0.9507046851,0.3511391797,0.3351767312,0.4387804624,0.3717080171,0.03372934619,0.8038584598,0.5781369896,0.05194341835,0.5548093447,0.6371685806,0.4969655261,0.2225281606,0.2059645232,0.603945201,0.257199596,0.4126810813,0.8779370001,0.7383629239,0.4425522435,0.4292378808,0.5036608604,0.2673192938,0.4646790883,0.1367240454,0.03645018017,0.3639301368,0.4039857951,0.8919213786,0.4466701032,0.4614815985,0.07559556548,0.5736062993,0.1149248108,0.5229292009,0.521822479,0.5235156367,0.5174285353,0.7167397168,0.274908755,0.7327581631,0.3419399576,0.6768696866,0.3372155698,0.6500486357,0.767517774,0.8031263384,0.5908053566,0.7052173794,0.8560405754,0.0977040749,0.8684041048,0.754843622,0.134348607,0.03029039314,0.6860067815,0.2757411026,0.4912234062,0.7101133932,0.6645834417,0.2843293649,0.6414531577,0.6231538519,0.6443301277,0.08072009578,0.1636944983,0.8440920347,0.541807761,0.9614074318,0.7435094148,0.2800528219,0.5469534838,0.8273163095,0.9978257943,0.6806267266,0.6243703037,0.2368903275,0.301868405,0.219316738,0.05798871606,0.1826611719,0.01805187701,0.4845292561,0.7513811723,0.9252515774,0.9430152079,0.501284297,0.6984861011,0.1603995906,0.8803670034,0.3852466702,0.9245377576,0.826419289,0.4449805923,0.775280454,0.8403114676,0.1547837582,0.1183179866,0.8155952546,0.07399104054,0.5903266491,0.9561358672,0.9925605863,0.8688905025,0.9043707196,0.3600675499,0.7909995054,0.7225208913,0.3013022876,0.9087463137,0.0672040483,0.591166477,0.2446011061,0.3861167596,0.05785936668,0.4388837734,0.934839811,0.8889242387,0.9749757882,0.7967191111,0.6178288806,0.6674486056,0.002377982438,0.9199865895,0.6172859195,0.9914411133,0.3404511511,0.1476135724,0.291594929,0.168749788,0.3072163355,0.4024317711,0.3292258499,0.1356528471,0.1487755954,0.7900960871,0.825849323,0.702760024,0.05664101153,0.7248823867,0.9269601349,0.2514738951,0.8132147894,0.7184009916,0.2471753567,0,0.7423698884,0.258721322,0.6655258807,1,0.2800872046,1,0.7620410447,0.2817108793,0.995395425,0.9109925473,0.2798749422,0.7475177626,0.682194449,0.2769169378,0.7558127327,0.7168899925,0.9979647659,0.6663406334,0.7138748911,0.2721202977,0.6574921692,0.7045127158,0.2771538658,0.7320059273,0.7172484844,0.2836993647,0.7348262976,0.7166558034,0.274567336,0.7328411583,0.7174961578,0.2762208018,0.7322871756,0.7134592526,0.2749094564,0.7337532858,0.7123206863,0.2746839715,0.7419265098,0.7112840149,0.2742346583,0.7319683685,0.7141276417,0.276097114,0.7358117675,0.7144815712,0.2734606924,0.7340009056,0.7130742838,0.2769225456,0.7327938279,0.7127450161,0.7741645463,0.7352515124,0.7005744152,0.2918354868,0.4984230906,0.7253088877,0.2939704639,0.4852699522,0.6879320425,0.2868211088,0.4924028522,0.8051158966,0.2712382905,0.4607621909,0.1666666667,0.5,0.5,0.7252154664,0.2748406901,0.7340679678,0.1666666667,0.8333333333,0.8333333333,0.5023469102,0.7282956898,0.8316522082,0.7967535437,0.6234567901,0.6248285322,0.8333333333,0.5,0.5,0.5,0.1666666667,0.1296296296,0.5,0.1354173751,0.6071783205,0.5,0.1666666667,0.6111111111,0.4999997909,0.1666666667,0.555555451,0.4999997909,0.1666666658,0.5432098761,0.4940098952,0.1691236902,0.5270667623,0.5000006272,0.1666666667,0.6666669803,0.7159312027,0.3012019314,0.9862206502,0.7314042683,0.2996278414,0.9504779484,0.7206426159,0.2971757325,0.9648374812,0.7166219725,0.2916499584,0.965628199,0.7158120264,0.2743754895,0.978980358,0.8333333333,0.8333333333,0.5,0.5,0.8333333333,0.1666666667,0.6394218416,0.7712502023,0.8705970667,0.6218076451,0.7656291991,0.863277834,0.6117924535,0.766872668,0.8637729171,0.6551267079,0.7739245188,0.836100844,0.6250026155,0.7618930032,0.8265909552)
