mCurrentIter=50
mCounterStuck=0
mYPrev=-1.48822755e+20
mParameters.n_iterations=50
mParameters.n_inner_iterations=1000
mParameters.n_init_samples=50
mParameters.n_iter_relearn=1
mParameters.init_method=1
mParameters.surr_name=sGaussianProcessML
mParameters.sigma_s=1
mParameters.noise=1
mParameters.alpha=1
mParameters.beta=1
mParameters.sc_type=SC_MTL
mParameters.l_type=L_EMPIRICAL
mParameters.l_all=0
mParameters.epsilon=0
mParameters.force_jump=5
mParameters.kernel.name=kMaternARD5
mParameters.kernel.hp_mean=[1](1)
mParameters.kernel.hp_std=[1](10)
mParameters.mean.name=mConst
mParameters.mean.coef_mean=[1](1)
mParameters.mean.coef_std=[1](1000)
mParameters.crit_name=cEI
mParameters.crit_params=[0]()
mY=[100](-1.392733107e+20,-3.647681283e+16,-2.405126509e+17,-3.419710192e+19,-1.107802321e+19,-2.519649467e+21,-4.804777935e+18,-5.458634382e+19,-2.987754942e+19,-2.239547501e+21,-3.181085124e+19,-3.076013749e+20,-2.542006271e+19,-3.812228395e+20,-6.281832412e+20,-5.941734169e+18,-2.186954659e+20,-8.108958904e+19,-3.805494025e+21,-2.149272501e+20,-1.179103359e+19,-3.472883999e+20,-6.585079831e+20,-6.028744823e+18,-1.878470574e+21,-5.388665896e+21,-1.076800624e+20,-2.593559873e+21,-1.33249655e+20,-5.857620966e+15,-2.710956068e+19,-9.554173106e+17,-3.528870064e+19,-1.28215919e+13,-4.875674099e+19,-2.108988102e+21,-1.386726848e+21,-1.355678283e+20,-4.949819429e+21,-1.151991196e+20,-6.978859747e+19,-1.842486409e+20,-3.336405603e+18,-2.992361099e+20,-1.400342577e+21,-1.62896377e+18,-1.038819093e+19,-9.10264909e+20,-1.292632867e+20,-1.000352176e+20,-7.484206431e+20,-9.808856383e+19,-5.318820865e+20,-2.2952547e+21,-1.096081367e+21,-1.1956466e+20,-1.268580455e+20,-1.682267417e+19,-4.810701753e+19,-4.77096921e+18,-1.048164964e+18,-276.5555367,-2.356729276e+10,-6.095577835e+17,-2.765906552e+18,-3.477996582e+18,-6.772080718e+17,-2.869680476e+19,-3.114761662e+18,-2.909658276e+20,-1.038194321e+11,-1.856021496e+16,-7.69970819e+18,-1.34488144e+16,-2.436863706e+21,-1.079762559e+19,-3.549076634e+17,-1.775525776e+13,-3.548150572e+21,-4.191997845e+21,-1.075194629e+21,-8.115387784e+15,-1.017968801e+16,-2.045388178e+21,-7.860241488e+18,-1.053143319e+20,-44559.69597,-2.887412882e+20,-1.058604876e+21,-1.813779519e+19,-1.723369125e+21,-2.603639273e+19,-2.317506829e+20,-2.641842471e+11,-3.370458887e+11,-1289334.201,-2.136921505e+17,-1.448209296e+19,-7.626245489e+18,-1.48822755e+20)
mX=[100,3](0.3890627433,0.8877825428,0.5726076465,0.9607923126,0.009048394649,0.7883540119,0.2003917908,0.6387819661,0.008207341591,0.4472520718,0.269127507,0.1634098382,0.1035538441,0.7229698453,0.2439078105,0.4680692626,0.3553018548,0.4807858127,0.08456479939,0.5130492004,0.3911749226,0.05513462876,0.8717159022,0.1126581972,0.4909076596,0.8482817519,0.835552844,0.222553844,0.2089519478,0.3286425401,0.1492390034,0.9570087949,0.6572635311,0.2683565088,0.6144367448,0.9473141318,0.1897855169,0.3313595988,0.9250257787,0.8158584752,0.3049010884,0.2763987539,0.5576703255,0.8143444101,0.6295317256,0.8504613676,0.1514286044,0.3004731754,0.9480778024,0.9381638665,0.9703326387,0.3662164686,0.5704446633,0.3768681792,0.5145060462,0.2463303139,0.7185586774,0.2489067226,0.4410305341,0.2126037924,0.5745181291,0.3757988512,0.4374161868,0.01949321332,0.7740152136,0.5354492406,0.9097486033,0.7167790075,0.5071577189,0.02248750934,0.5845222961,0.4626178148,0.7039690694,0.5244355883,0.2245213044,0.668276116,0.4776034622,0.8195722577,0.6987871816,0.4860158308,0.5469140973,0.7847470946,0.2367349985,0.6625287428,0.6200751021,0.9167741677,0.7247910188,0.5977699619,0.4371808883,0.06496048534,0.06118711947,0.6944760661,0.1940351684,0.8365088241,0.1143168245,0.7651492078,0.9223177907,0.6748575105,0.3542362205,0.9875414933,0.03772470477,0.08967864822,0.8699293405,0.7881965294,0.8723182989,0.3194596923,0.09044610692,0.4100136527,0.8948703567,0.7597236648,0.8535956436,0.3320557862,0.9861436919,0.1339152353,0.4368860526,0.4064354985,0.8844084388,0.1729067867,0.2977586953,0.9931191846,0.1349317312,0.04490300254,0.6829783448,0.5397556499,0.1326121574,0.74614891,0.4136292994,0.5588050875,0.2907288462,0.2891729971,0.0795076334,0.6111181102,0.7779968892,0.8295209146,0.4492149643,0.7498622129,0.390546676,0.0305359398,0.7393189952,0.9746798131,0.04168397485,0.6581388142,0.6482379579,0.1557945809,0.3554985456,0.1702846993,0.906932239,0.6150203293,0.196553078,0.5823200628,0.6897842773,0.414181569,0.822262908,9.905872689e-05,0.4749491858,0.7438632374,0.5846502435,0.4637370223,0.9999766863,0.6652028073,0.5927483492,0.8239813252,0.6726088911,0.4675784365,0.6850082195,0.6699501022,0.4900328288,0.9481038454,0.6717191453,0.2154455552,0.8090351344,0.668557357,0.002568677409,0.8187818314,0.6704740416,0.4787661023,0.8176465102,1,1,1,1,1,4.991399541e-15,1,2.775557562e-17,1.226612969e-16,1,2.030914396e-22,1.298367984e-14,1,0,1,1,0.6136835628,1.387778781e-17,6.938894875e-18,1,1,1.813507208e-16,1,1,3.469446952e-18,1,1,0.5613522401,1,1,4.367885033e-15,3.405014541e-20,1,0,2.220446007e-16,0,9.020562075e-17,0.07954365484,0.104107403,1,0.4771612117,0.8218230801,0.2653210994,0.001098334376,0.1037590875,0.9524872996,1,0.05191694961,0.5199542771,1,3.209231268e-30,0.4167226406,6.938893904e-18,0.1250280071,0.51473121,4.837323901e-18,0,1,1,0.01256048662,1,0.6090959351,0,1,1,1.387778781e-17,1,0.4384972221,0.04949904046,0.0225140967,0.2994975535,1.309610003e-18,1,1,2.081668171e-17,0.1249999999,1,0,1,1,0,1,3.469446952e-17,0,1,0.4776876737,0.8196414302,0.5965723025,1,0,1,0.4780018041,0.8216937015,0.5707073771,1,3.6429193e-17,0,1,0,0.644954277,1,0,1.376416836e-17,1.730795637e-19,0.02346794871,0.5124502736,0.006559997085,6.228133219e-18,1,1.304512054e-15,0.06226111502,1,0.57593639,0.03952358204,1,0.477094944,0.8207487937,0.02368830819,0.9861026042,6.938893904e-18,0.4297945946,0.479542153,1)
