mCurrentIter=100
mCounterStuck=0
mYPrev=-18.79398323
mParameters.n_iterations=100
mParameters.n_inner_iterations=1000
mParameters.n_init_samples=100
mParameters.n_iter_relearn=1
mParameters.init_method=1
mParameters.surr_name=sGaussianProcessML
mParameters.sigma_s=1
mParameters.noise=1
mParameters.alpha=1
mParameters.beta=1
mParameters.sc_type=SC_MTL
mParameters.l_type=L_EMPIRICAL
mParameters.l_all=0
mParameters.epsilon=0
mParameters.force_jump=5
mParameters.kernel.name=kMaternARD5
mParameters.kernel.hp_mean=[1](1)
mParameters.kernel.hp_std=[1](10)
mParameters.mean.name=mConst
mParameters.mean.coef_mean=[1](1)
mParameters.mean.coef_std=[1](1000)
mParameters.crit_name=cEI
mParameters.crit_params=[0]()
mY=[200](195.098613,525.6874255,8.79286317,-16.5058388,-44.02665223,-49.60551752,-33.1796993,5.722494203,858.7744009,-18.63630632,-36.98082991,4.596638135,9.35794967,-5.589664234,23.53624901,32.5803818,1735.282523,-52.31516441,-54.82504788,-31.88770251,-28.94675389,37.37208885,-7.038020528,2.368165787,16.09124373,750.9451593,-29.55822748,-52.36137761,-55.52263472,2248.58603,190.6532294,794.2401236,-48.13174238,3253.886984,635.1067782,1098.411588,-0.4101366418,-2.358917132,14.01475241,-40.13613001,-3.951500562,-32.23269681,-42.63290151,-51.36901584,-35.95748303,-2.700169793,10.41260346,9.319187309,-51.22650597,-1.54163071,17.65671064,-27.66758779,-43.35846617,-29.8824623,14.94770331,19.71793657,22.73292594,-21.80615409,922.1535088,-21.47305367,-42.58115157,-27.33165096,9.241492693,-0.7880015104,-8.369410692,7.527192421,-5.099984166,9.75992907,-54.87076944,-26.0660435,385.9610774,3491.578059,-41.63727792,-0.6234962444,-52.40001815,1732.127491,8.784427273,-34.62691516,-3.133935906,152.0044943,-33.88892937,-23.72419616,-22.13020499,-8.307820159,820.1064651,12.81382049,-38.64874215,2038.869896,233.7041581,-22.37830003,-4.113779262,8.396763253,-3.289643108,-0.7083557133,-45.05322558,25.30543439,-31.14348995,25.25001168,-46.27815245,14.07504608,-50.33478777,-51.66064311,-51.13192404,-54.79904568,-49.98045838,-54.75087599,-46.91186396,-54.50473383,-38.05637082,-46.31430165,-49.97736681,-56.32408015,-54.94763346,-51.39404342,-54.79014413,-52.28126096,-38.53761416,-54.56860835,-55.0202913,-32.77362492,-49.18274744,-47.72242125,-46.20486955,-52.24014359,-37.62727208,-50.16089342,-52.87353208,-53.1028703,-28.19428018,-30.27799607,-53.52344867,-13.22027014,-58.11834456,-48.50311668,-53.60896947,-15.94498798,-53.89558118,-52.71187009,-47.21367715,-26.8520236,-51.88519926,-48.94555568,-45.13348992,-48.04013555,-52.89964172,-47.01397509,-27.95370344,-34.15407494,-41.22821278,-60.16713208,-44.32394929,-55.92826041,-54.81149372,-48.0225663,1.222053986,-54.21323862,-50.98514267,-23.86345705,-10.14908911,-58.40662121,-53.09684336,-49.98902844,-39.47921906,-51.13102321,-55.94501206,-42.22183014,-49.73884217,-52.45532546,-10.95342099,-41.4991502,-46.8437583,-51.16393805,-51.45890879,-50.27842134,-35.96524176,-51.5234832,-54.4717126,-50.94144875,-22.25144227,-27.50359769,-53.22263059,-55.3570674,-50.54064795,-32.9133881,-51.69951703,-44.41779351,-54.03482639,-54.57374795,-46.94211356,-54.72801925,-54.31302478,-46.60143861,-50.75473436,-50.48767933,-51.59329232,-44.08129427,-49.29735699,-24.70246531,-56.7657801,-18.79398323)
mX=[200,3](0.5551161465,0.158785873,0.3643515925,0.890045484,0.1601002288,0.3460035933,0.6346211579,0.006991934963,0.8815005376,0.7055415028,0.4452909767,0.2715349632,0.2168840627,0.271627536,0.6163024312,0.495595658,0.3773010649,0.501949798,0.6883454366,0.5705780677,0.6853979963,0.3148480169,0.9587472086,0.2089175005,0.1794703119,0.2878048261,0.1060006055,0.5778672351,0.8640256401,0.3739086337,0.4777909565,0.7639792573,0.1869256431,0.3923984142,0.4683992333,0.9409420379,0.07892165519,0.9722076905,0.544949538,0.3222283092,0.9058181247,0.1759155477,0.9306591524,0.08334912438,0.702137042,0.267919852,0.01940157309,0.6738024882,0.09435549809,0.2629217622,0.02783493775,0.3584189735,0.4709300535,0.5508575472,0.0001387826749,0.4927187934,0.519889179,0.4671129277,0.6455830188,0.6634687565,0.04416549902,0.1801718789,0.6418125566,0.3888838609,0.5573777499,0.09274490644,0.05005689255,0.1482767022,0.8663627617,0.482026533,0.9315542475,0.6377921389,0.8783524901,0.2598166377,0.6210562984,0.2483896628,0.1018140516,0.2448544403,0.06990065154,0.5218447921,0.7369553494,0.1300153525,0.3268533725,0.5347453959,0.6241569271,0.518795465,0.4348312782,0.5849375849,0.6883687663,0.003057160322,0.02475983212,0.1313119152,0.3527441779,0.9202374125,0.452413149,0.05706893856,0.2548417893,0.488432719,0.5957387881,0.544536872,0.05447307356,0.07718300981,0.2050512822,0.3096379561,0.1286646829,0.3798046387,0.04180431095,0.2959736368,0.5348887318,0.6581274892,0.04857360375,0.198947914,0.4379836335,0.9074232481,0.8646405832,0.5632619075,0.1340836514,0.8534149063,0.7260890581,0.4181573099,0.03263213707,0.9160210828,0.5245877834,0.2917522869,0.2224467448,0.5702313437,0.5011023154,0.3429623257,0.4789154813,0.5131763967,0.6911510909,0.1631415191,0.5917333698,0.7594347866,0.1946876385,0.7615456101,0.8106564099,0.784971607,0.7935699133,0.8816731863,0.8249304605,0.9880389739,0.9888076054,0.3967280868,0.7319421841,0.5379525028,0.3225525887,0.1696749433,0.630087919,0.8721245178,0.9677296204,0.09813130581,0.9717861592,0.1800306768,0.2171729521,0.4903412507,0.3384783759,0.3629595282,0.6577912644,0.1537095699,0.6761059599,0.1121074673,0.9429878581,0.03380320764,0.7425749229,0.7444929174,0.7755104746,0.9617129933,0.8244409798,0.7496140971,0.9891194779,0.7252446829,0.6232369272,0.06741169778,0.8389604532,0.2980391863,0.1466819294,0.2737026883,0.3153101692,0.809318223,0.4494662324,0.7045961149,0.3185632755,0.5651271638,0.7949524548,0.4603929369,0.1104760504,0.1213635833,0.955072849,0.8440122511,0.8264395292,0.7767889085,0.3423777826,0.897270122,0.2239037244,0.6110406588,0.3324782894,0.3365064592,0.237086857,0.4158084232,0.8957111397,0.01201588428,0.872587191,0.7906440795,0.4164899192,0.6176129714,0.2830691401,0.1067110716,0.8052344174,0.08557563925,0.8889112336,0.2330985655,0.3030460052,0.9578976797,0.1158173475,0.01760916102,0.6049863493,0.6091374583,0.6021151247,0.5229275426,0.8444910805,0.7568486885,0.812402777,0.5405814204,0.4025901354,0.997171367,0.02842608362,0.2556070517,0.6564393196,0.8574499141,0.8319951704,0.08782218901,0.3962904313,0.7229447514,0.6946007908,0.2409380362,0.8147780416,0.918095091,0.3562865927,0.2604546139,0.6608072386,0.785822194,0.3884671125,0.3053546391,0.1920956599,0.5604964265,0.4277346157,0.835412146,0.4284665785,0.9022202337,0.385789223,0.4435710447,0.7894952795,0.2036334242,0.2322761736,0.7553063759,0.1753112978,0.9383478261,0.4539574753,0.7331986193,0.4562523254,0.2270769899,0.07039178069,0.1565723635,0.6476700435,0.9993281009,0.03139561227,0.802244665,0.4072661567,0.7118388937,0.2839095894,0.920418272,0.4857329763,0.1474299175,0.06127609301,0.9225939914,0.9792937891,0.5018221689,0.8443123147,0.1219310076,0.4252282895,0.9144008303,0.7789322368,0.6660993537,0.2170502352,0.4005487457,0.7199389361,0.9969354265,0.6741007215,0.5980191634,0.6944070515,0.4387583238,0.9601988817,0.8524937966,0.3674730804,0.5825037245,0.5813457222,0.719886374,0.9447902338,0.7667446923,8.266092246e-05,0.6247313375,0.2895299869,9.094041553e-05,0.6284324746,0.2880314595,8.750506039e-05,0.6339883135,0.2854205105,9.698517086e-05,0.5314543084,0.3656301418,8.821616322e-05,0.6709805261,0.2705602563,9.689160145e-05,0.5097035434,0.3860436547,9.241537022e-05,0.6756013828,0.2686006271,9.693432605e-05,0.4884606749,0.4056214155,0.9872096109,0.6602634683,0.2904657999,8.81013677e-05,0.6753340364,0.2668214879,0.7087744394,0.6449627041,0.2866311776,9.684672314e-05,0.462232853,0.4303534114,9.691616306e-05,0.5721949973,0.3187133686,0.6470248591,0.6768756598,0.2755315622,9.705491963e-05,0.4402149623,0.4546952506,0.671867579,0.5889945728,0.3302230578,9.543102848e-05,0.7349074189,0.2682252893,9.68740192e-05,0.5414406003,0.3512556846,9.675813663e-05,0.4137007626,0.4911922958,0.9999781237,0.5455677432,0.4589031138,8.956541542e-05,0.6500815927,0.2582688706,9.690784029e-05,0.6199521056,0.4814912631,0.914681782,0.6927975793,0.2784501734,9.715005433e-05,0.3900080574,0.5629700813,0.0001051900622,0.7503326826,0.2715384442,9.69121393e-05,0.5134184387,0.367617978,0.8387103127,0.6145703717,0.3001240863,9.693957684e-05,0.4233724915,0.4527931808,9.694676104e-05,0.7219032912,0.6103821568,9.685364661e-05,0.2682244353,0.734179706,0.2192624953,0.6164722981,0.2665332898,0.9999781065,0.4459958263,0.5461625949,0.5305494464,0.557336696,0.3516538211,9.61926666e-05,0.3857543155,0.5960598505,0.2435987615,0.5751226905,0.2962695494,9.700633906e-05,0.6466819932,0.7679664535,9.608287483e-05,0.4348961256,0.4393042058,9.691426559e-05,0.6190612645,0.439650423,0.8075856975,0.5634844266,0.3737078992,0.9999780434,0.7336691846,0.582664382,9.683744795e-05,0.392786087,0.4928221527,0.169761642,0.662273044,0.2504800478,9.689108439e-05,0.6280473244,0.5180224875,9.776295215e-05,0.6419067623,0.2504416723,9.781856685e-05,0.4777991255,0.391477612,9.636726969e-05,0.3887355027,0.6270362556,9.694700107e-05,0.2475587402,0.7505822586,8.476376681e-05,0.7776112939,0.2825848952,0.864345776,0.7282467473,0.2730515835,0.5134570444,0.5647447212,0.3376720195,0.8441301988,0.5089961931,0.4680989344,0.2029979619,0.5865655875,0.271402232,9.698934523e-05,0.3826153978,0.5077768742,9.686954355e-05,0.6465008598,0.394441378,0.9999788023,0.3159038157,0.7523530444,9.698032175e-05,0.45326532,0.4127512969,9.025683653e-05,0.5379408258,0.537123075,9.703448318e-05,0.7296051465,0.6509550671,0.9999810344,0.6337027806,0.7889719202,0.5396607155,0.5747692231,0.3057836091,0.266275635,0.5858564592,0.2817201162,0.5381511006,0.6825259255,0.2527540501,0.9999780135,0.6507604863,0.5164281564,9.781812342e-05,0.3700921588,0.5535385701,0.5537312812,0.4902797857,0.4147131853,9.670528444e-05,0.4778922338,0.6474928671,9.698174774e-05,0.6404657946,0.3973944614,9.686773164e-05,0.4196192691,0.4504301239,0.9999779932,0.4190338095,0.5857338208,0.7905858339,0.7443489399,0.27277403,9.575991003e-05,0.6480836509,0.2432735134,9.035011068e-05,0.5223575683,0.3420283725,9.71168287e-05,0.5388705715,0.4888927474,0.8792529429,0.6075731891,0.3628562694,9.704631358e-05,0.7113919613,0.5447881113,9.662230595e-05,0.3734447158,0.4964068034,0.5088793338,0.4914250257,0.4026399806,0.2735670192,0.5862087986,0.2651638107,0.9999780387,0.7584376005,0.6201740683,9.660635504e-05,0.4813283753,0.7550031335,9.067378243e-05,0.4898164552,0.3752414047,9.687908959e-05,0.5159057964,0.5044209987,0.4403559825,0.6569379332,0.247957576,9.687730966e-05,0.7704256252,0.2683502877,0.5729032374,0.6043550922,0.4219133846,0.0001016752096,0.3226133766,0.6370067561,9.693994686e-05,0.3972041895,0.4642247304,0.5757011336,0.5767685039,0.3124440005,9.766971674e-05,0.5346120371,0.6014242377,0.5984968845,0.4778717382,0.4656340216,0.2989538292,0.6219856017,0.238651955,0.0001017518904,0.6899258005,0.3690767264,0.3044510829,0.6078267757,0.2556600669,9.679588761e-05,0.3512337581,0.5496636208,9.701121891e-05,0.515813452,0.3513630739,0.4766312675,0.7036107888,0.2501255725,9.724570154e-05,0.5428600639,0.4664473926,0.0001019203142,0.2093997877,0.7732845126,0.5296639875,0.4817451566,0.4055694771,9.702543275e-05,0.6850062529,0.7335922324)
