mCurrentIter=50
mCounterStuck=0
mYPrev=-1.163344541e+26
mParameters.n_iterations=50
mParameters.n_inner_iterations=1000
mParameters.n_init_samples=50
mParameters.n_iter_relearn=1
mParameters.init_method=1
mParameters.surr_name=sGaussianProcessML
mParameters.sigma_s=1
mParameters.noise=1
mParameters.alpha=1
mParameters.beta=1
mParameters.sc_type=SC_MTL
mParameters.l_type=L_EMPIRICAL
mParameters.l_all=0
mParameters.epsilon=0
mParameters.force_jump=5
mParameters.kernel.name=kMaternARD5
mParameters.kernel.hp_mean=[1](1)
mParameters.kernel.hp_std=[1](10)
mParameters.mean.name=mConst
mParameters.mean.coef_mean=[1](1)
mParameters.mean.coef_std=[1](1000)
mParameters.crit_name=cEI
mParameters.crit_params=[0]()
mY=[100](-1.335830507e+26,-1.281336904e+27,-3.426214663e+27,-1.531440632e+27,-5.604779942e+26,-5.361644919e+25,-6.005108161e+26,-1.857007082e+26,-2.991371168e+26,-5.428281184e+26,-3.500436597e+27,-1.131968001e+27,-7.504159543e+24,-1.895050871e+26,-1.353714241e+27,-7.794489255e+26,-1.195383561e+28,-5.565609654e+26,-5.703814815e+27,-2.037720683e+26,-7.119885949e+27,-3.806478848e+27,-5.622370641e+27,-5.227860865e+27,-6.21185421e+26,-1.295523351e+27,-5.981116152e+26,-5.440901634e+26,-3.463085412e+27,-8.161626412e+27,-5.54892311e+24,-2.10290879e+25,-1.031418711e+28,-2.488220391e+27,-1.185285074e+27,-2.80426043e+26,-4.012221254e+25,-3.601348134e+27,-8.627270261e+27,-6.340028905e+26,-1.283391261e+27,-1.36893017e+27,-1.932266456e+26,-8.155984519e+25,-2.438271989e+26,-5.184603646e+27,-4.393073213e+26,-6.509408322e+26,-2.626797853e+27,-3.404177959e+27,-5.866481773e+27,-1.156950188e+27,-1.132745237e+28,-3.367730876e+26,-4.912288311e+26,-1.326112229e+27,-2.550482238e+27,-1.726622211e+26,-7.926114791e+25,-8.12039199e+26,-7.187656781e+26,-3.44333778e+24,-1.142854697e+26,-8.078989361e+25,-3.07273036e+27,-1.548866371e+25,-1.177856291e+25,-2.50988287e+25,-2.681412008e+26,-3.349569849e+23,-1.919201535e+27,-1.35028991e+27,-1.039875885e+27,-3.806956192e+26,-2.673931951e+25,-9.802572856e+25,-3.329077061e+26,-1.67984168e+27,-3.87457103e+22,-3.311872797e+26,-3.497298829e+27,-1.069300757e+27,-4.412884125e+20,-6.707777478e+26,-1.683437565e+25,-1.031864807e+25,-6.843821874e+24,-4.615531664e+27,-1.43398856e+27,-4.993490731e+25,-1.075318547e+27,-6.713103349e+26,-4.061220185e+26,-2.078581962e+27,-7.527626911e+27,-1.405495366e+27,-2.359016489e+26,-1.554394732e+27,-3.516836219e+27,-1.163344541e+26)
mX=[100,3](0.5212999328,0.1540894967,0.0004077618709,0.2047817622,0.3007241289,0.8022460682,0.2529689981,0.7543454919,0.3945032095,0.2765952692,0.8239903666,0.6114892085,0.1994184456,0.2522379631,0.7946866735,0.843510397,0.0479678114,0.9555716422,0.8789824755,0.4915282701,0.3695910011,0.4467201819,0.1000438086,0.6450890444,0.9417060554,0.2608227282,0.2793952894,0.3285603039,0.02257367091,0.6278336895,0.09324517346,0.22466199,0.4250963402,0.7064474239,0.4637705334,0.03387677769,0.8199811725,0.0937675943,0.0627641273,0.9946630854,0.5198492104,0.4472398786,0.3803122337,0.6769313946,0.7768648719,0.1671988505,0.8998500207,0.0555693337,0.3547121067,0.6244780891,0.2434453611,0.1440595527,0.9475379518,0.4036193524,0.2276409455,0.2839112285,0.6905802102,0.05837184013,0.07371514939,0.1854638572,0.6820084508,0.4270048503,0.9205418649,0.5520426121,0.6940217637,0.6753114318,0.8297519074,0.3334866736,0.2125085742,0.6220162152,0.7132616004,0.1605781662,0.5067914396,0.4500981055,0.5256716261,0.1288937254,0.8773209926,0.9705479847,0.363351596,0.3581071719,0.3123939858,0.316223369,0.5266858863,0.8385243761,0.07076007057,0.6019281487,0.5035466032,0.7948263741,0.9198737663,0.3231309347,0.01349636925,0.1707108851,0.893246437,0.6562107826,0.2056665625,0.5562924728,0.5817092447,0.4047229554,0.2927349827,0.6020406555,0.1877393391,0.4916958959,0.4010981966,0.5418467349,0.5750075681,0.7318243765,0.9625430118,0.7410715619,0.03613724083,0.9305326401,0.7215483594,0.2996689936,0.6581942469,0.141483273,0.744008038,0.7757852152,0.2357704162,0.9054722015,0.8520608137,0.9149626315,0.4616673281,0.1222623702,0.5947174539,0.8988755756,0.7393095237,0.3556980697,0.567031165,0.8177540998,0.878101626,0.1081001355,0.01301712919,0.1340582258,0.9714717648,0.9816763037,0.8569928573,0.7728416062,0.3600561031,0.7058591533,0.936558805,0.3813461087,0.08616406493,0.6770565189,0.794925734,0.991282798,0.42285506,0.5931910936,0.464252104,0.4887429368,0.5799625953,0.1166846572,9.695527648e-05,0.7093568139,0.2551856722,1,1,0.2433888288,1,0.5752040761,0.2396729373,0.9999780025,0.5691444854,0.2402479622,8.876529154e-05,0.9999843762,0.1926053288,9.674815383e-05,0.5609989189,0.2364964094,0.5209001001,0.6881104616,0.2612894094,1,1,0,0,1,0,0,0.4812834188,0,0.9999842477,0.9999865668,0.5088753147,1,6.496806874e-20,1,0,1,0.3072104531,1,0.4975105818,0.9999855253,0.9999799296,0.7283005861,9.322207852e-05,0,0.629678794,0,0,0,0,0,0,0.3581539347,0.9999892986,0.9999889703,0.175924131,0.9999778819,8.71381447e-05,0.7778324882,8.485552904e-05,0.408185872,1,9.787303688e-05,0.4824304677,0.2561135364,0.9999948927,0.420988276,0.9999964332,0.9999818855,0.6966684021,8.664702964e-05,0,1,1,0,1,0.5318346408,0.9999787492,0.5027901965,0.7229769707,0.3544634968,0.6239686637,0.2445178876,0.9999795241,9.071100721e-05,0.3531438123,0.9999885203,0.999988949,0.4395969885,2.160454511e-17,6.267119373e-34,1,7.20260914e-05,0.5309988419,1,1,7.395387855e-21,5.07371543e-16,0,0.4699111906,0.3834320616,1,1,1,1,1.626279674e-19,1,1,1.892859491e-39,1,0.5667724102,0.6252004092,0.2427532478,0.9999823663,0.7630954322,0.2158756042,0.5361403977,0.999993397,8.396536686e-05,0.7480572177,0.4035643801,0.2161218103,1,0.5920207241,1,1,1,4.099152241e-41,0.1168156902,0.6253842737,0,0.9992171003,0.7460888696,0.4804688489,0.1175164148,0.6262568853,0,1,0.73532579,0.5364800762,0,0.6236820687,0.4110879476,0.9861111111,0.5,0.5,3.485764265e-39,9.119233252e-16,1)
