mCurrentIter=100
mCounterStuck=0
mYPrev=-59.58942052
mParameters.n_iterations=100
mParameters.n_inner_iterations=1000
mParameters.n_init_samples=100
mParameters.n_iter_relearn=1
mParameters.init_method=1
mParameters.surr_name=sGaussianProcessML
mParameters.sigma_s=1
mParameters.noise=1
mParameters.alpha=1
mParameters.beta=1
mParameters.sc_type=SC_MTL
mParameters.l_type=L_EMPIRICAL
mParameters.l_all=0
mParameters.epsilon=0
mParameters.force_jump=5
mParameters.kernel.name=kMaternARD5
mParameters.kernel.hp_mean=[1](1)
mParameters.kernel.hp_std=[1](10)
mParameters.mean.name=mConst
mParameters.mean.coef_mean=[1](1)
mParameters.mean.coef_std=[1](1000)
mParameters.crit_name=cEI
mParameters.crit_params=[0]()
mY=[200](-12.02694235,-32.22096103,4.747199881,-6.868326783,-8.692137016,2129.301813,7.086565036,232.8411656,-21.7807471,-61.96526383,-55.64560591,-7.844221721,18.06668124,-9.013288903,3.374953265,-42.55077848,-1.131457243,-13.59696586,-12.33489288,11.90988812,-55.88082974,-35.17439147,-16.29739344,6.61373972,-52.20995835,-12.69401945,482.7461709,29.25270457,-31.22452107,27.94319063,153.3464215,-51.26729109,-59.72428402,373.6586409,-50.33587573,-27.31152123,1645.801021,-43.30058238,2611.835005,454.3780895,119.7387092,1045.181847,-41.92780369,-12.38676713,-34.80072526,-41.09208352,2171.483655,-12.98082934,-3.831618967,-21.40738534,8.996426424,-20.5510421,1610.832377,-32.01116319,-20.25370358,-13.97082097,-14.44939162,112.9377268,18.67804771,456.3251477,13.59448079,-38.18487117,-27.78174459,128.1338114,-7.368620809,-57.50179327,-27.89818834,1169.928841,283.3030492,2.031373085,-44.58813377,-36.32462983,23.14057182,12.10866163,82.37297405,25.98815525,44.09338924,-2.19326648,2547.228997,-9.526379378,-18.62957503,35.96578986,37.75554354,49.36779152,-0.01063637641,-49.53911243,-52.16211023,-48.97941434,-43.94425866,-49.28707583,-32.32866861,39.86467165,2791.355325,-30.26516493,17.80056669,30.53786153,-11.5645377,-22.52937521,7.426751745,-53.8923336,-56.72268325,-56.75772898,-45.79523451,-56.49100202,-46.51931736,-56.99955605,-55.91524413,-61.83504959,-54.34919164,-55.50723205,-47.12321151,-63.33303974,-44.78409358,-59.65485415,-56.56870284,-60.51335445,-39.24148189,-59.98876963,-41.06420585,-54.84125258,-57.37532486,-53.62913584,-59.5067845,-58.33169444,-56.99692753,-63.6424082,-32.63237666,-13.49414254,-44.7632097,-52.02584675,-58.49364727,-60.42339582,-55.0210004,-41.01633076,-54.48685614,-47.61545998,-60.10909377,-46.61783135,-52.78732023,-59.69063509,-59.83522515,-61.80823324,-43.44487249,-1.217027975,-44.97142559,-41.52366764,-55.69412312,-48.37760423,-60.3695969,-52.87890297,-39.94436136,-45.57567005,-34.36111555,-30.64837246,-53.92354185,-61.31721314,-50.22164079,-56.84085333,-51.99765258,-53.70833039,-59.8626926,-36.96661822,-54.14521237,-42.37680421,-42.78975845,-62.02042113,-60.21180448,-57.92081401,-56.79985124,-43.249952,-59.86191895,-22.28559761,-12.23605409,-48.67170454,-61.0098794,-56.58983336,-52.29537567,-60.81878218,-46.82499925,-53.83409414,-40.46202751,-56.89736597,-42.23118597,-47.85816162,-55.55899146,-61.50951398,-59.22574582,-60.90750944,-44.6816047,-55.40287404,-53.38339509,-50.14864781,-48.8203463,-63.30047436,-43.7478956,-55.60056291,-42.07746816,-58.9466865,-40.50121015,-59.58942052)
mX=[200,3](0.6103480945,0.1403571971,0.7925248539,0.3674210128,0.7567696388,0.1878212488,0.5104966433,0.18120353,0.9246781638,0.7882700003,0.9148175784,0.1238724259,0.4213844929,0.8638831411,0.5374613841,0.07293222376,0.1242335434,0.08017541617,0.2683884911,0.3127711992,0.9570179799,0.1675573687,0.3913889746,0.1388858929,0.5490112151,0.7181102063,0.6691414428,0.4367510222,0.4857008656,0.4414805988,0.1866837764,0.6186917376,0.2126535514,0.7093003343,0.2578599097,0.418586399,0.146974519,0.9864282684,0.5060077773,0.3945728371,0.2013726642,0.8574880994,0.8772347493,0.9591076804,0.2871719949,0.002655099446,0.7011138728,0.3698907934,0.3394709936,0.1729448227,0.9009254451,0.6574961402,0.778423767,0.6765714253,0.3876924699,0.8528379276,0.48664089,0.4886080955,0.2250617263,0.9685489631,0.4537519107,0.5486850471,0.4647344139,0.6378142365,0.5343740806,0.6881907002,0.4007575032,0.8309308158,0.452643725,0.628257181,0.6046213901,0.9143853653,0.2579745377,0.5732943684,0.5201340614,0.8488132835,0.4903402181,0.8180799864,0.318142533,0.3219552958,0.1114489709,0.9337822415,0.9920811087,0.8217600722,0.7759105523,0.305100851,0.5839105566,0.6794807176,0.4276010477,0.157756311,0.1788592839,0.2479601439,0.2349196672,0.370939825,0.3788926511,0.6255987375,0.03675767421,0.4599174031,0.3846606944,0.7978795628,0.3364291006,0.0995301099,0.359647848,0.4718060149,0.6085694413,0.2272698357,0.5018479899,0.1685070727,0.5325264404,0.002381497147,0.2211735654,0.5031096944,0.2735915631,0.4265296543,0.6454891727,0.1552636528,0.05030554878,0.7576287099,0.1050836444,0.3143881163,0.5894659489,0.1324521979,0.3927325835,0.1248244453,0.2859518387,0.03361221476,0.4998086052,0.2695888987,0.6364010685,0.2195862901,0.7402845337,0.7232245314,0.8965648756,0.76429483,0.2557553928,0.279774625,0.6432614039,0.5496257339,0.7487065328,0.2968809979,0.01199753892,0.8672932184,0.6620328773,0.7835450577,0.6834972157,0.2370687982,0.8681605918,0.813742098,0.6369544513,0.73568689,0.7105741425,0.9071936773,0.7117005364,0.2037468383,0.07849684905,0.5911570849,0.3057198871,0.09378022302,0.1463625913,0.3277756785,0.6713087468,0.6183445143,0.0881448617,0.5561487281,0.762064643,0.663504068,0.3456416418,0.3215957989,0.2981016401,0.4052640528,0.8396692161,0.04190714969,0.06155736661,0.3732123765,0.4147333821,0.9746690914,0.6534532461,0.9856539632,0.2167919914,0.2463802148,0.02038382952,0.01937659349,0.5720804593,0.1529547926,0.4118103817,0.7018845809,0.8564389863,0.6843885934,0.6445808579,0.2807869454,0.8908558358,0.02531281733,0.5746461763,0.0465512051,0.8001504662,0.5915228972,0.5286897663,0.4798780287,0.9933422412,0.8101755606,0.2921102094,0.1928184029,0.1903512986,0.1009155419,0.6079545217,0.1109417716,0.3331922238,0.9049678892,0.05254556386,0.8908379597,0.01970623128,0.4499985062,0.2764868368,0.5221618656,0.6940947764,0.553908969,0.06203514037,0.845017837,0.8792454735,0.2450485294,0.8045022159,0.8426524374,0.9641002478,0.02894180085,0.5163849964,0.8392279742,0.7846258294,0.9735542279,0.05301783548,0.884526724,0.9981960989,0.6971498796,0.9452989633,0.2617719597,0.1302961757,0.7378774937,0.002607476674,0.8210070958,0.7922568662,0.07890333328,0.1059424293,0.8236004664,0.306229681,0.7220617719,0.9357928071,0.9339667833,0.5623224943,0.926088673,0.9470652231,0.9165027627,0.9601702029,0.04262193781,0.9701451427,0.8703873982,0.6930632545,0.7388913697,0.5872466274,0.19742577,0.5582252363,0.5157030909,0.560318998,0.4442028013,0.6590778738,0.3475682093,0.468292818,0.5934407656,0.1727753791,0.9202763494,0.6266200553,0.4098145074,0.9560842598,0.3877968942,0.4970435096,0.3448686053,0.1650643031,0.3533468738,0.9444119521,0.08256213146,0.0670612107,0.4758445108,0.3637002761,0.7502043243,0.8876756997,0.466156408,0.9848162588,0.2352281972,0.3573338337,0.2076806076,0.1138100686,0.03208824313,0.7761345579,0.0991102083,0.5636496811,0.7457549037,0.8076192699,0.7280349985,0.8862313056,0.7620972399,0.4337257436,0.4352500339,0.2281638295,0.535272574,0.2858494857,0.2301437331,0.534911196,0.2853193233,0.9999772841,0.5573124586,0.2805606405,8.141654936e-05,0.5260470558,0.2884286723,0.9509694193,0.5600409949,0.2779172248,0.106435576,0.542067532,0.2792428163,9.036730082e-05,0.4763898527,0.3281139814,9.68677454e-05,0.3286059247,0.4996448462,0.9999956833,0.5784141355,0.2712499536,9.692363392e-05,0.4535301148,0.3516735747,0.9999824383,0.5745682489,0.2714051863,9.684510436e-05,0.3352704604,0.4981948156,0.9367024062,0.5309178582,0.2777735004,9.709870475e-05,0.4042855492,0.4070164811,9.809970738e-05,0.5374543625,0.2694622207,9.685941133e-05,0.296433331,0.5365878235,0.999977985,0.4838719405,0.3498818631,9.674561798e-05,0.3846837989,0.4383036531,9.990780691e-05,0.2333844448,0.6958398149,0.0001016076916,0.5258539413,0.2705702726,9.675960886e-05,0.4237785597,0.546004908,9.759639153e-05,0.5259483193,0.2690484555,9.684396025e-05,0.4347642425,0.3645668147,9.687123361e-05,0.2589023345,0.5345905864,9.675686015e-05,0.5839487925,0.4181605554,9.948772953e-05,0.3741422124,0.454479305,0.9999783156,0.4167185173,0.5599845772,0.9999781568,0.2575179404,0.7130845233,0.9999824955,0.6822449967,0.2650505155,0.08045760237,0.6470551751,0.2772274902,0.7273337234,0.5190691399,0.2641733402,9.67754255e-05,0.4589436125,0.5128991057,9.949711835e-05,0.4929581077,0.276467838,0.9999779786,0.4743317625,0.3737014572,9.683805639e-05,0.2750058331,0.6004694992,9.686329056e-05,0.4859524354,0.6109183899,9.681314147e-05,0.3595552917,0.4387854236,9.691756734e-05,0.6336912648,0.4640016763,9.729258725e-05,0.5052038277,0.267962578,9.68471513e-05,0.2656722789,0.5025457996,9.682673402e-05,0.4330102713,0.3552886904,9.708361404e-05,0.4413159804,0.4928969291,0.9999713941,0.6869710436,0.2624099346,0.9999780893,0.309717089,0.5158874053,9.799364072e-05,0.6522483568,0.2838519069,0.9999783789,0.6634525965,0.4739597661,9.685568204e-05,0.5460833746,0.3813632513,9.029982001e-05,0.3602802091,0.6399657194,9.691533034e-05,0.3868144687,0.4075915432,9.638984925e-05,0.5087497331,0.5460259821,0.999990604,0.5318325966,0.2591057544,0.9999790878,0.6803429765,0.3476883392,0.9999781727,0.4985537655,0.6326229572,9.681220318e-05,0.2801009874,0.7659086561,0.0001024005491,0.4904563638,0.2720644023,9.685740236e-05,0.4703616012,0.4578899886,9.936072496e-05,0.2058479829,0.6465604799,8.974549224e-05,0.3688892874,0.5630123912,0.5225929173,0.5202517903,0.2571791222,0.03253140033,0.4507582415,0.3241851042,1.185450171e-05,0.3206070745,0.4645825458,0.9999780934,0.461772038,0.4309947491,9.724867204e-05,0.5798883264,0.3604078084,9.676550456e-05,0.5715227688,0.6054854046,9.776009565e-05,0.6549564023,0.4874636093,9.73588757e-05,0.4420971601,0.4891103971,9.688783897e-05,0.3882559471,0.3949175421,9.683112431e-05,0.2394473322,0.5561337151,9.673671663e-05,0.3767200079,0.573374597,0.9999781291,0.5761377127,0.5355514811,9.674505244e-05,0.5082651657,0.4369432849,0.9999781318,0.3822823518,0.6933176087,0.9999774334,0.8685918061,0.2192790049,0.9999767208,0.6640779554,0.2591884975,0.0001042782208,0.3053159631,0.4726010596,0.5838609193,0.5146882828,0.257720742,0.2362806331,0.6236648572,0.2693119745,9.703249689e-05,0.4196892894,0.5094718855,0.5297073707,0.5040146701,0.2614745252,9.696031225e-05,0.4507184231,0.3181870555,0.9999780117,0.7216866011,0.4011141242,0.6778125929,0.5485755341,0.3558391659,9.697344264e-05,0.1883427531,0.6895877157,9.657708076e-05,0.3794203931,0.65037798,9.6838754e-05,0.244112263,0.5763687864,9.70652958e-05,0.3742603684,0.4205072595,9.662908716e-05,0.5299998007,0.4357695458,9.663533223e-05,0.3959158359,0.5282042877,9.747084831e-05,0.6886136322,0.2892822382,9.694452025e-05,0.2496154156,0.498849056,9.66875745e-05,0.5344918863,0.5097052888,0.5451558845,0.51828703,0.2554272403,0.5766156124,0.470725589,0.3165591194,9.050729642e-05,0.3899972574,0.457523287,9.686938244e-05,0.6754158674,0.4268239832,0.0002247962941,0.3488969795,0.5837443405,0.999977981,0.4847502423,0.4917702334,9.69600771e-05,0.5021704701,0.4003514327,9.665250922e-05,0.5370329938,0.6426358972,9.691130808e-05,0.3788216162,0.3989542929)
