mCurrentIter=50
mCounterStuck=0
mYPrev=-3.678916238e+22
mParameters.n_iterations=50
mParameters.n_inner_iterations=1000
mParameters.n_init_samples=50
mParameters.n_iter_relearn=1
mParameters.init_method=1
mParameters.surr_name=sGaussianProcessML
mParameters.sigma_s=1
mParameters.noise=1
mParameters.alpha=1
mParameters.beta=1
mParameters.sc_type=SC_MTL
mParameters.l_type=L_EMPIRICAL
mParameters.l_all=0
mParameters.epsilon=0
mParameters.force_jump=5
mParameters.kernel.name=kMaternARD5
mParameters.kernel.hp_mean=[1](1)
mParameters.kernel.hp_std=[1](10)
mParameters.mean.name=mConst
mParameters.mean.coef_mean=[1](1)
mParameters.mean.coef_std=[1](1000)
mParameters.crit_name=cEI
mParameters.crit_params=[0]()
mY=[100](-8.065309879e+22,-1.738239097e+23,-3.247601467e+22,-1.26404096e+23,-5.528326569e+23,-3.790668811e+23,-5.756644806e+22,-2.760146258e+23,-8.050872331e+22,-2.414295233e+23,-1.017245962e+23,-1.125211846e+23,-4.14596702e+23,-3.722859718e+23,-2.976262493e+23,-1.934424222e+22,-2.007835872e+23,-4.781246157e+22,-8.230844818e+22,-2.829021914e+21,-6.864135524e+23,-1.802139813e+24,-7.303336489e+23,-1.445202162e+24,-9.789356258e+23,-5.433132349e+23,-5.32095543e+23,-1.015163748e+23,-4.222224259e+23,-2.124820261e+21,-1.615244688e+22,-1.475217688e+23,-1.429118002e+23,-2.9413864e+22,-5.369914643e+22,-1.798849911e+23,-1.138813688e+24,-3.103851542e+23,-7.072282262e+23,-2.124577612e+23,-3.947673188e+23,-4.820760733e+23,-3.87295003e+22,-2.357119514e+23,-2.925807143e+22,-2.403712238e+23,-8.908966479e+22,-5.829909158e+22,-1.152351208e+23,-7.923937667e+23,-7.891616461e+23,-6.344570117e+23,-8.342201014e+21,-7.616345861e+22,-7.589317031e+19,-3.238427053e+23,-7.90245528e+22,-8.370257648e+23,-6.607508274e+22,-2.621948121e+22,-1.692056916e+22,-5.530315775e+23,-1.543545309e+21,-9.238394125e+23,-5.9415896e+23,-1.48359232e+23,-7.155407525e+22,-4.030149036e+23,-4.076159875e+23,-1.533933451e+23,-5.0367158e+22,-9.139773251e+22,-9.038927702e+20,-3.304979005e+21,-1.442697898e+24,-2.987370625e+23,-2.431615387e+22,-7.371839347e+23,-1.39225208e+23,-4.508050042e+23,-6.998657566e+22,-6.716851159e+22,-6.296460709e+19,-1.27777726e+21,-4.236761881e+22,-6.533437158e+23,-2.028929626e+22,-2.721597261e+23,-6.0897132e+23,-9.269277415e+22,-2.376058182e+23,-4.782529901e+23,-1.003572534e+21,-1.313273659e+22,-1.5236429e+23,-9.960864495e+22,-1.228455959e+24,-2.921668533e+23,-7.511429615e+23,-3.678916238e+22)
mX=[100,3](0.8997326218,0.7305263142,0.3704173946,0.7721904521,0.9411148557,0.5337888317,0.06526324853,0.293651945,0.3418042934,0.03431832193,0.3009303587,0.6083325166,0.5438881347,0.9243116824,0.6692569637,0.1212419337,0.1821079651,0.7930693833,0.1537242552,0.2550777907,0.4636427905,0.3261644855,0.2258619306,0.3054881254,0.3918273395,0.7182096903,0.09193402552,0.8574169689,0.6500587967,0.8976070374,0.4139430316,0.2724830766,0.01343494399,0.9116894321,0.5691620238,0.2498283633,0.5858095241,0.9151365042,0.02202075229,0.870153883,0.6630057531,0.7040817632,0.4975553882,0.513305086,0.3308614013,0.1711714058,0.1345604161,0.1154987285,0.5318541573,0.1705772667,0.1487493838,0.2047381692,0.4620309834,0.2055891543,0.347382745,0.8515163041,0.4979459047,0.1065808566,0.8935779169,0.5858129475,0.7525724114,0.8370471309,0.6377295127,0.4444120474,0.3302563496,0.8732678657,0.6448534374,0.3958311474,0.7514875905,0.2558183371,0.01592099482,0.4218849071,0.5656177012,0.4818577514,0.6832917189,0.8343027723,0.5902224979,0.2319935316,0.7238364734,0.4570239583,0.5640057923,0.08280831418,0.06976151597,0.5182966538,0.6313035904,0.8175096896,0.7662032055,0.05871570132,0.9789712866,0.9653652943,0.01248828494,0.7611371669,0.2858019213,0.2755327886,0.0253004351,0.2603425035,0.6100971254,0.797453095,0.8136684536,0.1974851673,0.613166646,0.04239688979,0.37035433,0.745265808,0.5424884459,0.4263645354,0.1471641882,0.3851488965,0.686196059,0.340785272,0.1910268995,0.7194874446,0.3676525422,0.4155972105,0.4739287566,0.08996852901,0.9148008756,0.2246813741,0.05956614341,0.8581950471,0.7820712146,0.6966103051,0.8262172733,0.9200653764,0.8750281379,0.4487968806,0.9945237209,0.2099320936,0.6505684714,0.9403537623,0.5388795731,0.7313771817,0.8190366222,0.9871333894,0.9800468323,0.2888468514,0.5545268997,0.9438547814,0.5085682267,0.106985447,0.1746147552,0.9742399193,0.4007500091,0.127011457,0.6762877211,0.6203809517,0.068139761,0.3077506777,0.4235319076,0.9326130607,0.6154677257,8.144881876e-05,0.9999806552,0.4828732005,0,1,1,0,1,0.6847164603,9.788225938e-05,0.99997711,1,1.972763305e-16,2.102906649e-38,0.4885545618,0.4564349602,1,0,0,1,0.3630748567,0,1,1,1,2.959305158e-15,0.4254776178,0.9999913436,0.9999792817,0.7378978848,8.61054382e-05,8.994433867e-05,0.3446594214,0,1,2.270063296e-19,1,8.700655797e-16,0.5986782171,9.045153195e-05,0.6188521561,0.480759516,9.038761713e-05,0.659391503,0.7813677041,7.732324286e-05,0.9999837607,0,0,1,0.4223753952,9.074750038e-05,0.6769234245,0.72960002,0.9999855185,9.441041801e-05,0.5558299268,0.4152580289,0.9999811215,0.740619473,9.139245067e-05,0.497932721,0.4428993013,1,0,5.275174778e-33,1,1,0.3202311733,1,1,0.2889547551,4.178339914e-25,1,0.2881850169,0,1,0,0.5227169031,1,0.4923778676,0,1,0.4013906037,0.4399307899,1,1,1,1,1,1,1,1,0,1,1,9.968360714e-15,3.825530101e-53,2.775557562e-17,6.623932393e-16,8.046568175e-18,0.5914436663,1.111825438e-18,3.386380329e-21,0.5665894815,0,0.9503623151,1,0.01811104289,0.5212326203,0.6798788548,0.3229047501,1,0.4394401355,0,0.9638976801,1,1,5.861028701e-20,0.7169059462,1,0,0.5,0.05555555556,0.5,7.746870145e-19,1,4.34755587e-37,0.2453686284,1,1.387778781e-17,0.6208719,1,0.4700644671,0.2118157893,0.3445219098,1,0.445101223,0.3304924009,1,0.4442580296,0.330652929,1,0.5,0.5,0.6111111111,0.944548421,0.3305407034,0.8736389582)
