mCurrentIter=100
mCounterStuck=1
mYPrev=-33.58170717
mParameters.n_iterations=100
mParameters.n_inner_iterations=1000
mParameters.n_init_samples=100
mParameters.n_iter_relearn=1
mParameters.init_method=1
mParameters.surr_name=sGaussianProcessML
mParameters.sigma_s=1
mParameters.noise=1
mParameters.alpha=1
mParameters.beta=1
mParameters.sc_type=SC_MTL
mParameters.l_type=L_EMPIRICAL
mParameters.l_all=0
mParameters.epsilon=0
mParameters.force_jump=5
mParameters.kernel.name=kMaternARD5
mParameters.kernel.hp_mean=[1](1)
mParameters.kernel.hp_std=[1](10)
mParameters.mean.name=mConst
mParameters.mean.coef_mean=[1](1)
mParameters.mean.coef_std=[1](1000)
mParameters.crit_name=cEI
mParameters.crit_params=[0]()
mY=[200](127.4508899,31.56312976,-6.166918115,-29.43300289,-32.96699559,-31.62955575,43.86701238,149.5239361,39.50861648,16.23743808,-15.36002579,54.016529,50.23024503,57.37343267,21.53937896,90.29117952,26.5217234,4.514118574,29.98280079,-0.1444467797,28.88818232,214.3895902,288.3460881,-9.273150393,326.4105549,-31.38536761,78.88935864,-17.36834387,-15.88468987,0.6892750427,12.88727045,919.0242155,891.4681095,-1.772499895,-28.92817985,1382.101767,6.738576443,55.84889913,40.98279077,20.11832708,40.24002409,47.42455656,-1.266051415,3.01006877,-33.82135158,31.20696751,-15.95751732,3.50416886,2252.091883,14.01555913,37.16455862,44.00069169,-31.37262946,108.8838442,583.2794231,41.09591335,-1.251528547,36.10729111,51.04852444,-7.503172254,40.10246557,-10.7846408,-10.45604733,-24.31394381,35.72586891,32.85808465,43.89552895,52.71306532,-28.07710493,-36.37026372,41.47983029,-28.61110391,48.78140301,2408.820997,71.48124347,-33.66438728,33.10882017,35.10655077,-6.769286359,1325.150542,68.45464247,38.76710973,43.27772019,121.3239772,207.607843,46.07175815,98.98446437,57.43680728,19.43050937,20.73874895,-14.45712357,-35.50053127,1134.996961,75.72611695,-34.50760193,27.63915478,73.2898313,65.7262209,4.507659131,-7.231521301,-35.11074595,-34.32227315,-35.29625104,-33.0679633,-28.40397304,-37.78206434,-32.22130317,-18.67206968,-36.34997597,-30.72462065,-31.24512375,-35.42361894,-37.35093887,-17.62186744,-35.33172521,2.305395573,-33.93000922,-34.06276004,-31.88192547,-16.88113735,-28.99991074,-25.71739862,-34.50672807,-35.09073885,-36.33875076,-21.18607423,-35.14099063,10.8126763,-12.48730531,-26.53018411,-31.15293437,-29.30576198,-16.57752953,-26.62205423,-36.06159966,-32.58108618,-31.1689845,-17.24480792,-35.65690797,12.51559092,-10.08461015,-34.92639966,0.6572410093,-28.42597314,-34.49654397,-31.87650793,-31.80854858,-28.22130667,-35.71145916,-31.08528968,-26.43576766,-32.80457625,-33.34393115,-18.14929876,-34.67113866,-36.36635349,-26.60087711,-34.56791429,-35.64672755,-32.53654806,-14.56058032,-22.00702402,-38.64771052,-26.38323686,-33.82686507,-33.34797804,-28.75048105,-9.019056749,-35.95474906,-35.96392837,-24.32237406,-33.26571006,-21.20100614,-36.06771053,-35.01020105,-29.85937166,-34.23692875,-34.00064237,2.583194698,-36.27322912,-31.11612075,4.924380678,-29.2312625,-25.12547714,-37.21978914,-35.40736719,-39.32141283,-27.72974421,-31.64519769,7.094286262,-17.96090972,-25.29594718,-34.62503749,-30.6824612,-7.312425969,-35.54692487,-36.70535042,-31.64290863,-33.58802788,-33.58170717)
mX=[200,3](0.7787120605,0.9637474528,0.04148616996,0.03400488524,0.9382146162,0.3949166911,0.1985368077,0.5487862274,0.6638913687,0.1289638166,0.3385932446,0.5290819303,0.5656698892,0.4365915593,0.4672766644,0.7212819913,0.5921001629,0.2258162847,0.5873477782,0.08187250994,0.651845223,0.8021579691,0.4009708718,0.1087412276,0.5514361254,0.1780834405,0.9144292059,0.2781888389,0.4869886297,0.06952771803,0.8648602979,0.4785710058,0.5374487377,0.8964943477,0.2449753015,0.5075933033,0.09217901727,0.6880146381,0.9306612552,0.2289265182,0.8471104526,0.9048101301,0.4680700176,0.3992022742,0.8467976676,0.2809895803,0.02706619047,0.566823004,0.9742942799,0.9043890125,0.4534235522,0.3964698439,0.2169004197,0.4493698333,0.6869407492,0.124564298,0.7963873014,0.08674991383,0.5837578425,0.6771944006,0.3209465972,0.8271291964,0.7139314405,0.8895239427,0.1589645425,0.4133522534,0.2575650064,0.2782220027,0.1541270004,0.3775966897,0.4559002467,0.6800691681,0.2011642136,0.07045792131,0.3690350775,0.4276334133,0.499717183,0.4859512787,0.8218896928,0.2898596725,0.2998210783,0.6469655623,0.7109970908,0.1993839291,0.6021968724,0.3107334769,0.4320033349,0.5413300381,0.8080857651,0.1176907013,0.04909904851,0.8612324922,0.1411043669,0.3606510571,0.1132736823,0.2120050496,0.4344560542,0.06418973025,0.2753320077,0.1521204732,0.6658185736,0.6049014614,0.2447705317,0.4159592385,0.5443091336,0.7143674136,0.04600033675,0.2545822947,0.2959074498,0.3200475475,0.265715296,0.6580637649,0.6744568204,0.9897497809,0.1494964269,0.9401263989,0.6137913424,0.441443345,0.8583322152,0.1821902314,0.6229602141,0.0149191694,0.693871532,0.5338432668,0.4434989813,0.9742105526,0.4168324228,0.533119304,0.7027418317,0.6952894189,0.7952322879,0.4204720029,0.662017917,0.4609957866,0.2882082089,0.9249878611,0.8398770675,0.07276871312,0.06736354399,0.2505913949,0.5782451435,0.6335980512,0.303028241,0.3472666683,0.8303012478,0.1380039574,0.126328442,0.996889496,0.6388551861,0.7303936512,0.5194238366,0.0361260905,0.8781586867,0.7581814502,0.8754388769,0.8034408664,0.4837276632,0.6130245754,0.1760975147,0.5782363859,0.8118687882,0.03391499749,0.8409735563,0.194630285,0.2356135827,0.2603703644,0.7554927699,0.8541907939,0.07984070076,0.3586986672,0.7215476657,0.9046820836,0.9531253469,0.3351465426,0.338214754,0.297429598,0.9932851668,0.7992204613,0.7640576522,0.1638959803,0.7315580135,0.7306939002,0.8813101378,0.3054359532,0.7486470829,0.3103242109,0.01329189106,0.7258569568,0.095408946,0.5965367325,0.6505800632,0.3075664381,0.05163502662,0.00124068025,0.8607910298,0.747731052,0.1046207588,0.8301091005,0.1692002477,0.704778987,0.8986210284,0.7012754912,0.1406291033,0.5922512337,0.811701538,0.5182781595,0.3867363068,0.3875436192,0.5555186269,0.2091583523,0.9800959691,0.5024322686,0.9237368187,0.4752144141,0.363492231,0.4958189708,0.7813618627,0.9187004769,0.7876505537,0.3443003066,0.2629414757,0.002663686725,0.2199501327,0.8925755284,0.9668291551,0.02190687189,0.5661143366,0.3553212672,0.7628469353,0.1870568517,0.6454756705,0.9434319105,0.9267397393,0.5849062608,0.9672627346,0.6499620361,0.08865496024,0.9365061084,0.09612543792,0.2443184463,0.1724177684,0.8895062026,0.9535243492,0.8757353044,0.2060140584,0.6227709091,0.1840989981,0.1673588849,0.9479631093,0.1144067278,0.7752772628,0.01813933288,0.859697415,0.2294930717,0.3231241457,0.5232202204,0.9765814687,0.5188551844,0.6735193833,0.05731080353,0.5559863089,0.9189065952,0.9861041823,0.766429828,0.506007393,0.6901059476,0.7706939297,0.6164153197,0.5735965242,0.8198650218,0.2352116996,0.239692419,0.4728909963,0.1049413295,0.4250993261,0.4015330035,0.9549729538,0.3442117378,0.05699716964,0.1392496125,0.6286902781,0.02579197679,0.3548582968,0.5238722802,0.3749806975,0.4948457056,0.7824191706,0.7464847501,0.4529825451,0.381940632,0.1363182097,0.3137895332,0.9931010942,0.8227699105,0.004645520994,0.3781436321,0.7539953651,0.405551337,0.6071379456,0.6318130815,9.700553786e-05,0.4631999898,0.3271250285,9.704762911e-05,0.4599213764,0.3319498492,9.704010203e-05,0.4309828622,0.3640084481,9.701617675e-05,0.5296064972,0.2720681662,0.7595902733,0.4594149076,0.3445897333,0.0001062283626,0.403980773,0.3991276737,9.730572385e-05,0.5463655708,0.2604496612,0.9999779238,0.5222176388,0.2948244278,9.767450248e-05,0.3997879585,0.4042518768,9.687975444e-05,0.5710246876,0.2448050456,0.7095954554,0.4241948508,0.3812909453,9.699761415e-05,0.3932559543,0.4131785891,9.70312962e-05,0.4856957733,0.2985357819,0.9999777947,0.5596625134,0.2684667087,9.700125048e-05,0.3858061217,0.4250578253,0.9758253664,0.4260978269,0.3914322243,9.706785166e-05,0.4901183359,0.2917173396,0.000410794071,0.4255845078,0.351940544,9.696651016e-05,0.3633656572,0.4755587703,9.704708795e-05,0.6559595213,0.4328359553,9.79352132e-05,0.6311936257,0.2264680474,9.275125269e-05,0.6065657489,0.2256429972,9.479174714e-05,0.4841501222,0.2989333842,9.707065457e-05,0.3761714397,0.4394602913,8.99266893e-05,0.4541489443,0.3282462509,0.9999763421,0.6320335683,0.2471060224,0.5731644208,0.5063297594,0.2803598254,0.9999782004,0.4010258733,0.4361037114,0.9999780835,0.6589558699,0.469575555,9.71013175e-05,0.3506556921,0.5655606561,9.709041265e-05,0.4415909122,0.3417953192,9.710445956e-05,0.5563115413,0.2389657314,9.694527688e-05,0.6875197461,0.2526045643,9.693399997e-05,0.5371058294,0.4649602977,9.686681232e-05,0.4067741166,0.382095275,9.68340073e-05,0.360334952,0.468227343,9.542161347e-05,0.514443593,0.2685878888,0.9999999473,0.5368466956,0.2746146146,9.704345495e-05,0.4334317676,0.346184721,0.9999781103,0.3783856317,0.6026599496,0.9999781021,0.7062085292,0.2854258868,0.5125871216,0.461689538,0.3213051345,9.706184953e-05,0.7395751874,0.509843479,9.696142414e-05,0.5981199055,0.338397415,9.684413592e-05,0.3780766566,0.4210577241,9.304372813e-05,0.6111183133,0.2019927816,0.0001015615658,0.5115551613,0.268647477,9.672828813e-05,0.4943472196,0.512034604,9.702460105e-05,0.4209561928,0.3620466378,9.693894874e-05,0.3521418539,0.4807771001,0.8133360427,0.5945170805,0.210975822,0.575214601,0.4635467294,0.319959863,9.704235692e-05,0.4112832937,0.3713192925,0.9999780348,0.5982150432,0.3958336557,9.685367999e-05,0.508524308,0.4023149057,9.704251418e-05,0.5333437109,0.2468011191,9.101366323e-05,0.6582894492,0.2047397702,0.4735861818,0.5022594539,0.280295468,0.6000666132,0.4301636214,0.3623803912,9.677542312e-05,0.3679552939,0.4381860328,9.6707763e-05,0.7082871746,0.3367681378,9.700693826e-05,0.5696837048,0.5077598602,9.177936252e-05,0.4788282597,0.2948329391,9.684206358e-05,0.4262410632,0.5630706979,9.095956203e-05,0.565104115,0.3235999866,9.698723158e-05,0.4333875378,0.3415092608,0.001141576717,0.5819392451,0.217302599,0.9999780964,0.5942183134,0.5292043726,9.688640984e-05,0.4614100576,0.4370676219,0.6686261454,0.5439531404,0.2426861837,7.942009249e-05,0.3221975343,0.5759079345,0.0001083315931,0.3686411271,0.4314565581,0.9999803561,0.6470971879,0.2035126923,0.5881642202,0.4655709577,0.3151516043,4.195678746e-05,0.490921853,0.277691068,0.6609272883,0.409948098,0.3921674923,9.681593788e-05,0.5192251268,0.3781360298,9.674732519e-05,0.4162124914,0.3549738743,9.68367848e-05,0.2490710898,0.7309791239,0.000386554905,0.5257390004,0.2507327203,9.680244598e-05,0.3453332817,0.4893617167,0.999977993,0.739573992,0.5557792608,9.702376895e-05,0.6066160057,0.3070615185,0.0001345505218,0.4630813839,0.5535757005,8.321046158e-05,0.4634261367,0.3061816282,9.697848444e-05,0.3920631633,0.3879286478,0.5761246903,0.5426124445,0.2357542348,9.662217896e-05,0.6271442715,0.1876150013,0.5944741702,0.5084052806,0.2711996104,0.9205681978,0.3894822183,0.4670253176,0.9999781389,0.6301159002,0.3363484044,9.704315119e-05,0.6003560855,0.4469903955,9.697971055e-05,0.476151018,0.4197549104,9.724615685e-05,0.4505980511,0.3152780663,9.694794967e-05,0.7405838559,0.2491079025,0.3676036958,0.5564229211,0.221839528,9.699906144e-05,0.392692878,0.3808177318,9.552908662e-05,0.5469204065,0.2233425809,0.5886343944,0.4685925082,0.3091024341,9.684619169e-05,0.5323997882,0.3399375953)
