mCurrentIter=50
mCounterStuck=0
mYPrev=-5.511617809e+23
mParameters.n_iterations=50
mParameters.n_inner_iterations=1000
mParameters.n_init_samples=50
mParameters.n_iter_relearn=1
mParameters.init_method=1
mParameters.surr_name=sGaussianProcessML
mParameters.sigma_s=1
mParameters.noise=1
mParameters.alpha=1
mParameters.beta=1
mParameters.sc_type=SC_MTL
mParameters.l_type=L_EMPIRICAL
mParameters.l_all=0
mParameters.epsilon=0
mParameters.force_jump=5
mParameters.kernel.name=kMaternARD5
mParameters.kernel.hp_mean=[1](1)
mParameters.kernel.hp_std=[1](10)
mParameters.mean.name=mConst
mParameters.mean.coef_mean=[1](1)
mParameters.mean.coef_std=[1](1000)
mParameters.crit_name=cEI
mParameters.crit_params=[0]()
mY=[100](-1.881613711e+24,-2.182484903e+23,-1.708516801e+23,-4.139657972e+23,-7.278633456e+23,-1.208668981e+25,-3.027117332e+23,-2.686371239e+24,-7.571793741e+22,-1.303076681e+17,-1.283712911e+24,-1.141199148e+24,-9.083700719e+22,-2.005836514e+23,-2.260698272e+24,-1.446531161e+23,-7.16977832e+23,-6.633774862e+23,-6.845814011e+23,-7.689869068e+23,-3.402772094e+25,-4.754951489e+22,-6.117852426e+22,-2.997931382e+24,-4.857437054e+22,-7.789839359e+23,-1.266039801e+24,-4.989129723e+24,-1.543062049e+24,-5.403852647e+17,-2.139985061e+23,-5.877389344e+23,-1.573271596e+22,-4.276591937e+24,-1.406674527e+24,-1.286408858e+23,-1.006283494e+24,-3.636574277e+20,-4.727612506e+22,-5.009363977e+22,-4.89997836e+23,-1.373695296e+24,-2.63198334e+24,-3.090052218e+24,-3.306474197e+20,-7.747181074e+22,-2.222807201e+23,-5.58121156e+24,-1.670251896e+24,-1.024828918e+23,-1.84409903e+24,-3.343887855e+24,-7.514273051e+23,-2.369296278e+24,-7.438764426e+22,-8.093482728e+21,-1.949505274e+24,-1.94538708e+23,-7.185559611e+24,-2.874985485e+23,-6.699097691e+22,-3.730600934e+24,-3.235092169e+23,-2.130495781e+23,-2.626323723e+23,-8.086713228e+21,-2.673066876e+24,-1.601802996e+23,-4.628817706e+24,-1.926889425e+26,-3.983186744e+24,-9.718589714e+23,-4.007092749e+25,-1.967126418e+20,-5.374455005e+24,-3.061441511e+25,-5.510298373e+23,-2.686750672e+24,-2.324241895e+24,-1.915286933e+23,-1.62308007e+24,-1.6814393e+18,-7.316221822e+23,-7.452756418e+23,-2.38190252e+25,-2.141582227e+24,-2.525031286e+24,-5.057607175e+24,-1.997127612e+24,-4.847698259e+25,-8.114036711e+23,-1.389555501e+23,-6.828069875e+23,-2.153040253e+24,-3.902819146e+24,-1.438851362e+24,-1.924215756e+22,-7.715382985e+23,-4.011189762e+23,-5.511617809e+23)
mX=[100,3](0.5528297049,0.3378368475,0.4039138402,0.2870762019,0.1536465765,0.6567297312,0.03473509593,0.2039169081,0.2672599113,0.8085482009,0.1145710615,0.3571795891,0.3755262157,0.3676328615,0.5617119884,0.7525731636,0.6246749728,0.6961239904,0.7162325434,0.2430958776,0.5250605293,0.6055304883,0.5926339609,0.06851383042,0.72248024,0.8306906788,0.2363910271,0.5072191329,0.1965481914,0.008489000448,0.9557531044,0.6188375396,0.297196101,0.1514825106,0.534871887,0.2025053721,0.4164856539,0.9703381218,0.1219392457,0.1925701132,0.9288832224,0.580446961,0.3409158824,0.01730620172,0.7713209145,0.4363542279,0.7495810673,0.8966000561,0.8549516823,0.8917996409,0.9916871258,0.76092629,0.4538610006,0.8696666867,0.09330710005,0.2735639653,0.7080482292,0.06532164454,0.6405320168,0.4584110506,0.2157150049,0.283997247,0.7584510549,0.1628215336,0.4683567303,0.09547475543,0.4645310643,0.07770149672,0.4328488477,0.2284408049,0.6603531664,0.4898171929,0.6302194093,0.9974209431,0.9173547447,0.1156069842,0.230004318,0.7320600252,0.5717172578,0.4019698972,0.5129981815,0.385096063,0.7007558347,0.4657704465,0.3161625411,0.3501477054,0.8401811536,0.002054933314,0.09287674097,0.1900867032,0.9214936324,0.7857066522,0.9539430531,0.8962219473,0.3955357618,0.3111836749,0.9996256612,0.03549501006,0.05140927025,0.9632129056,0.4237554833,0.36820444,0.336948305,0.8171475412,0.6380465758,0.2737517101,0.9490190873,0.1136431105,0.7925066046,0.8764937509,0.6153139218,0.5237277928,0.1716127491,0.02867946705,0.6692678962,0.04418167883,0.5571865857,0.4425098035,0.9154344593,0.667603182,0.04752910527,0.5450506806,0.926445461,0.8706423114,0.5770756301,0.8218553793,0.4852035184,0.6960019367,0.3808421392,0.9173717418,0.4925278314,0.1710848439,0.8313703467,0.1343005117,0.1455462643,0.6967063352,0.7735818475,0.7859872466,0.2443646944,0.7350973962,0.2469750046,0.6420197098,0.5124552435,0.8156452342,0.591700143,0.3111526882,0.9773629083,0.1364652095,0.8538020206,0.326951401,0.215121262,0.2954196983,0.983309241,0.4876861752,0.2922155338,0.7598620961,0.1973774427,0.2893434078,0.7589634493,0.2156901823,0.2838830167,0.7582166218,1,1,1,0.9969172879,0.9983940285,0.03539974429,0.2154514934,0,0.7594574924,0.2163002526,0.007438591179,0.7605329718,0.2133528967,0.007807139393,0.7589429872,0.1380458132,0.7496076052,0.1670894616,2.465190329e-32,0.9937829639,1,0.2140443466,0.008494797912,0.7590523302,0.2165256526,0.008459783283,0.759869176,0.1380458132,0.7496076052,0.1670894616,0.2162869831,0.008313734807,0.7585493049,0.1380458132,0.7496076052,0.1670894616,0.2138736542,0.0079490191,0.7593377865,0.1380458132,0.7496076052,0.1670894616,0.9803446192,0.1666666667,0.75,0.9869541868,0.7496076052,0.1670894616,1,0.744322341,0.04337092685,0.999975896,0.755317848,0.1600452216,0.9876618804,0.8188722964,0.08467179879,0.9864141528,0.34858099,0.1815719676,0.9866258306,0.7345558464,0.3946688323,0.986332817,0.7356211738,0.1799236118,0.9867282915,0.7539323652,0.1657287698,0.9876491867,0.7492340374,0.1678856737,0.9803446192,0.1666666667,0.9583333333,0.9872539681,1,0.1679152853,0.9875734326,1,0.1665544856,0.1685658809,0.1559406122,0.05198074556,0.9880914085,1,0.1671271825,0.5,0.5,0.5,0.5,0.5,0.5,0.5,0.5,0.5,0.5,0.5,0.5,0.5,0.5,0.5,0.5,0.5,0.5,0.5,0.5,0.5,0.5,0.5,0.5,0.5,0.5,0.5,0.5,0.5,0.5,0.5,0.5,0.5,0.5,0.5,0.5,0.5,0.5,0.5,0.5,0.5,0.5,0.5,0.5,0.5,0.5,0.5,0.5,0.5,0.5,0.5)
