mCurrentIter=100
mCounterStuck=0
mYPrev=0.966852418
mParameters.n_iterations=100
mParameters.n_inner_iterations=1000
mParameters.n_init_samples=100
mParameters.n_iter_relearn=1
mParameters.init_method=1
mParameters.surr_name=sGaussianProcessML
mParameters.sigma_s=1
mParameters.noise=1
mParameters.alpha=1
mParameters.beta=1
mParameters.sc_type=SC_MTL
mParameters.l_type=L_EMPIRICAL
mParameters.l_all=0
mParameters.epsilon=0
mParameters.force_jump=5
mParameters.kernel.name=kMaternARD5
mParameters.kernel.hp_mean=[1](1)
mParameters.kernel.hp_std=[1](10)
mParameters.mean.name=mConst
mParameters.mean.coef_mean=[1](1)
mParameters.mean.coef_std=[1](1000)
mParameters.crit_name=cEI
mParameters.crit_params=[0]()
mY=[200](768.3373189,17.82199478,73.47390347,-18.58190916,-5.403757381,-14.87906578,29.61608109,18.04156382,622.6968794,0.2039111986,798.9316229,-23.19427182,-15.77525405,46.09642794,-13.63900157,20.28490002,21.92974724,561.5672303,220.0801192,62.642071,28.47313971,8.66129652,1384.694727,118.2100383,29.64062857,-21.82830777,2364.538532,-17.11107298,104.6633867,-21.12946305,8.612881997,2152.321681,-13.27300326,27.76887027,-6.431722804,32.08689394,645.7753747,-4.663114221,18.41408122,29.83199521,-7.507309358,262.4362998,-18.11181943,-4.033539869,38.71202545,20.4633082,8.405618573,51.59955958,22.58065908,-22.56500105,937.2724938,-23.03330427,40.6313691,26.39446157,-17.95942633,38.53580417,24.37553479,-18.63250393,22.26718748,63.02703122,2112.625062,558.0232477,43.75978338,-30.82598663,-6.289676886,53.50867999,20.9292325,2712.886825,22.0417155,32.72134546,3.708435178,64.73969036,40.54874144,4.92408961,36.49523652,3094.053115,33.8643117,3.494071285,45.0053663,-1.456666476,-0.6445234661,-19.70048138,0.3555395739,34.89838474,8.098655788,6.670525517,37.0088984,1935.069301,0.7409070704,-2.945422265,-5.281354463,-6.069274287,-5.769543481,-4.679211772,-12.34268808,2455.70047,-23.9548137,209.9892763,17.47104904,-25.33050683,-13.81749071,-29.59410047,-17.0136159,-15.38771557,-30.28661393,-19.53243733,-1.575935395,-13.98737525,-25.88483274,8.479611061,-27.68512818,-12.95798118,-12.48983982,-6.542957124,-31.50859126,-14.11275069,-4.418828594,-17.35654052,-29.14672676,-15.04029818,-13.32676219,-30.539544,16.83417281,1.49893292,-8.49243846,-4.610726804,-8.40939903,-10.46110879,-30.11087977,-9.438765131,-14.0456052,-23.08894816,-25.58698706,-7.434541772,-3.417999743,-29.02350923,-29.71603964,-7.546466579,-6.928806117,-14.0851671,10.00977798,7.532542389,9.001940748,-29.11626845,-21.09345042,-26.23509717,19.06506114,9.83246552,-25.39929864,-13.15670304,-6.652369423,-15.70168236,-23.49460225,-1.347582856,-6.945235887,-27.53312571,-8.94350167,-17.68085704,-27.72059809,-12.85944164,-19.11215587,-27.02003182,-15.94544008,0.8571453868,-5.992482532,-13.37459239,-18.6541715,3.484957321,4.600871249,-22.7280615,-31.66344437,-23.26067431,-3.119451758,-27.57284617,-15.76756041,-1.426059493,-8.182652106,-28.35646746,-22.60181145,-29.24753804,-26.89494128,-20.12808395,-27.50030604,-13.85037687,-14.8809813,1.882634749,-13.33323433,-1.424170247,-15.97541685,-26.19410935,-30.34375533,-3.029890828,-27.04159809,-21.52239844,-14.08239022,-22.30021263,-6.560759678,-11.73331433,-5.221580185,0.966852418)
mX=[200,3](0.9142463306,0.4240806559,0.04120839668,0.5514179191,0.5893662166,0.8533187794,0.9035553903,0.8763582051,0.05923110912,0.5232989211,0.6293058806,0.3268466632,0.8895708047,0.7175569439,0.1194787564,0.9251749603,0.6633870742,0.2580648915,0.04145316613,0.9169909628,0.1021044123,0.1491825379,0.7553157081,0.7428317527,0.9695979741,0.2114297898,0.2287162408,0.4383963579,0.199591569,0.7746125428,0.770783486,0.247968821,0.150663537,0.4693983496,0.5225911526,0.4247551676,0.2709941036,0.1830144831,0.5316720945,0.2541372856,0.8360626089,0.8970053193,0.2468310623,0.3056976276,0.7254920986,0.4592706001,0.9072291516,0.174877575,0.05646910665,0.7222559508,0.8036466062,0.6396339831,0.4342023538,0.06403553176,0.6014432232,0.703888555,0.02022520278,0.8682982346,0.313179472,0.3393054347,0.389898686,0.3716983951,0.9406378439,0.5385739308,0.4455238219,0.8329130264,0.6642735916,0.01499074033,0.2156168541,0.6477536055,0.2753405685,0.2892244471,0.1601987204,0.6926133841,0.8673017436,0.4265236241,0.2968489075,0.6440182181,0.4739972029,0.0236477359,0.1391770981,0.2297026868,0.5660512793,0.2764817529,0.5877254378,0.4160773553,0.2070820274,0.3423925733,0.5119789807,0.6085698214,0.0921737845,0.3682415556,0.845682384,0.1299831662,0.2233235611,0.01802670787,0.5900638084,0.4071597889,0.7065147497,0.2166712435,0.894918511,0.6513679554,0.01550566567,0.3543976494,0.3664243453,0.06649443472,0.08138028392,0.4857612832,0.1965968287,0.3915514815,0.0742545162,0.9458614898,0.5920212069,0.6877497283,0.733041995,0.3232317743,0.3822711597,0.4912656483,0.9523157306,0.3485266839,0.8942685731,0.7772157609,0.2917804338,0.1768679529,0.3367427898,0.1868061702,0.3709529161,0.6445562822,0.3782793285,0.415029457,0.6352261709,0.6710224898,0.1000473021,0.2547049164,0.9986507281,0.9906134837,0.3475734719,0.465760185,0.6879644743,0.2055011024,0.5662166411,0.4475512763,0.9671891384,0.8163272524,0.02241775894,0.8459340783,0.6648587387,0.3144271699,0.2626042785,0.6358090604,0.7656010223,0.03631474878,0.260798961,0.2883466481,0.5534791878,0.5142779485,0.5151344454,0.5025387422,0.9895973543,0.3384165125,0.05794279961,0.9152136114,0.2065392444,0.6079721201,0.4798312685,0.97285951,0.8052761964,0.9034276896,0.8513915193,0.938437504,0.1257057356,0.001142410729,0.5314455801,0.5833666128,0.9319683614,0.1012431814,0.8862627701,0.7562738288,0.9279800102,0.9791172374,0.7073610785,0.07359096171,0.1424802747,0.611622496,0.4676135305,0.03911611537,0.8015725644,0.1367098809,0.5402880632,0.1554036344,0.3830717749,0.5554036997,0.369200256,0.7484439695,0.4022934544,0.6778238537,0.8801332791,0.933477696,0.1157740759,0.6703914868,0.825238736,0.5655252909,0.09426436838,0.08338754777,0.267141401,0.4728271655,0.2383486961,0.3571439917,0.1436359836,0.4437812013,0.710020128,0.2818399813,0.7699073978,0.7476701098,0.9941170013,0.9283384691,0.5462302482,0.9494756643,0.7115916174,0.1845463676,0.1201450175,0.5226668363,0.2362159338,0.9705974342,0.3582601634,0.7994006236,0.8213523656,0.001827279057,0.8405616247,0.2391888346,0.95974686,0.8271574963,0.817873938,0.4558581005,0.32999059,0.8666130056,0.8718107292,0.07952865556,0.178106624,0.7975100892,0.8158353099,0.4892426997,0.3177724988,0.6985175485,0.6119786407,0.5055456606,0.5012320904,0.7959735483,0.2496708369,0.4078906697,0.06666425841,0.9656463101,0.8797238319,0.1584100549,0.731111788,0.9864987826,0.4530472436,0.7847379125,0.03706354924,0.9880205144,0.3903660002,0.622179205,0.04238628744,0.1645966294,0.4882522923,0.7822112189,0.4939469587,0.08778945014,0.6856045829,0.6100807639,0.1332669444,0.1680687835,0.7569674637,0.2955600135,0.655306633,0.6257120589,0.306204665,0.5717410191,0.6917339584,0.7886515804,0.7687432133,0.3000978059,0.5727866592,0.7311758252,0.1903572738,0.9545541192,0.1112227003,0.09960921858,0.6515938859,0.4991371852,0.5715250624,0.3957495652,0.001647108677,0.4372359197,0.837472049,0.8550684182,0.5945508942,0.7277718343,0.5431414115,0.4190450097,9.263751751e-05,0.6681816815,0.2614320153,9.688036245e-05,0.3910965617,0.4697209489,9.69049575e-05,0.5218549551,0.3460642896,0.9999862961,0.5857839936,0.2908006197,9.697237867e-05,0.3589216287,0.5032860123,9.768545362e-05,0.477178815,0.389678652,0.9999781846,0.3800681323,0.5467635182,0.9999773466,0.5058700012,0.3659553202,9.686451331e-05,0.3674182122,0.6149569056,7.18344586e-05,0.8111052308,0.2562700745,9.693727348e-05,0.4094230016,0.4576090451,9.619903315e-05,0.6423957676,0.2626708247,8.97596451e-05,0.5684117479,0.3106948229,0.9999781011,0.442910777,0.4571166279,0.0001046910501,0.3211954968,0.5352257897,9.715790388e-05,0.4256813888,0.6932422941,0.999978187,0.3891730208,0.6235224605,0.999970507,0.6385648184,0.2607737941,9.684040471e-05,0.4673363641,0.5021170454,9.67059685e-05,0.4850414168,0.390242636,0.9999850508,0.6321015538,0.5572863884,1.799504637e-05,0.3342572173,0.5694954232,0.9999781276,0.287883065,0.8539768689,0.9999809544,0.8431918076,0.2404354754,0.9999799149,0.6533686377,0.2350438494,9.702676418e-05,0.456850608,0.7440373812,0.9999781564,0.540795016,0.3360113218,9.87640524e-05,0.7213687431,0.2305280301,0.0001011679127,0.3285978564,0.484960256,0.9999781092,0.4435556107,0.5212121648,9.671743667e-05,0.6423843882,0.4407044842,9.694218334e-05,0.427988683,0.6181631498,9.660297663e-05,0.4992912465,0.5233280624,9.036939932e-05,0.7156256012,0.3281266392,0.9999781117,0.405465876,0.6640570171,8.891695625e-06,0.257648864,0.608412572,0.0003368501602,0.2994325167,0.5023757974,9.001457806e-05,0.486567282,0.3360392534,9.695690995e-05,0.6994309308,0.5352042373,0.9999782131,0.6648373233,0.4003166742,9.047633124e-05,0.2599471608,0.8572510276,0.9999696482,0.4391519339,0.4097264902,0.9999783652,0.7250127433,0.7262485198,0.0001095695055,0.2942711988,0.55748225,9.6990568e-05,0.2903910737,0.6789968238,9.715103577e-05,0.4360669699,0.5739449831,9.730276432e-05,0.9137071049,0.2452782287,0.999978005,0.3050975755,0.541079985,8.937078836e-05,0.4286708357,0.4395028028,0.0001080735801,0.6298745044,0.2478709125,0.9999848421,0.6825103524,0.5773392861,9.662207385e-05,0.4910844715,0.6497659176,9.76590746e-05,0.5206279604,0.4698247359,9.934526506e-05,0.8025038904,0.2463272431,9.68666068e-05,0.3585029604,0.7577665605,0.0001055767681,0.3296056913,0.4732558368,0.0001030776387,0.560646115,0.2947745604,0.9999780254,0.6006509407,0.4683509752,9.854354161e-05,0.4335366685,0.5420801008,0.9999781619,0.5237467377,0.6022190997,0.9999669647,0.595376896,0.2695442747,0.0001053587657,0.3154619116,0.6073159204,9.69091859e-05,0.5950630926,0.5492375385,0.9999576773,0.8030093396,0.2470910346,9.703439327e-05,0.7470311153,0.3608312365,0.9999794388,0.6816711875,0.3353933623,9.688892202e-05,0.5773458847,0.4071071739,0.999978138,0.2960013672,0.6800937301,0.9999843327,0.56815735,0.755899965,0.0001018499145,0.4161416326,0.4254928837,9.911544451e-05,0.3030152045,0.528261882,9.676000137e-05,0.3930620928,0.635582867,0.999977437,0.5099823589,0.3210237124,9.693937625e-05,0.4373143289,0.5223834201,0.9999780347,0.5099995172,0.5020223667,9.686693354e-05,0.5492396127,0.7330161497,9.958196648e-05,0.6975678769,0.4835407286,0.0001047901689,0.2944310728,0.4928765569,9.092258752e-05,0.182390078,0.6425587136,0.0001076366552,0.291851955,0.5784986222,9.765569042e-05,0.4931028625,0.4658722529,0.0001634187107,0.3096161091,0.6890885754,9.696939329e-05,0.3918229566,0.571351016,9.700307995e-05,0.469602773,0.3589187475,9.689588683e-05,0.5714161556,0.6001267238,0.9305706517,0.3165748788,0.5879234345,0.9999771032,0.6698410928,0.45377331,0.9999780403,0.7137340532,0.641908963,9.682522105e-05,0.6211149239,0.3460185595,9.779860274e-05,0.3601015938,0.4524955103,0,0.274097415,0.5501057538,0.0009502181558,0.322841965,0.7863271043,0.0001039144133,0.4265108717,0.5207974929,9.688983217e-05,0.3907761581,0.6517645549,0.851130698,0.4628216361,0.4068755625,9.695078951e-05,0.5537420673,0.4694362684,0.999978059,0.5026421944,0.6474904234,0.7083311109,0.329261666,0.4898639889,0.9999579344,0.7069121277,0.244441442,0.9999863619,0.7852804226,0.3496260785)
