mCurrentIter=50
mCounterStuck=0
mYPrev=-1.941424679e+18
mParameters.n_iterations=50
mParameters.n_inner_iterations=1000
mParameters.n_init_samples=50
mParameters.n_iter_relearn=1
mParameters.init_method=1
mParameters.surr_name=sGaussianProcessML
mParameters.sigma_s=1
mParameters.noise=1
mParameters.alpha=1
mParameters.beta=1
mParameters.sc_type=SC_MTL
mParameters.l_type=L_EMPIRICAL
mParameters.l_all=0
mParameters.epsilon=0
mParameters.force_jump=5
mParameters.kernel.name=kMaternARD5
mParameters.kernel.hp_mean=[1](1)
mParameters.kernel.hp_std=[1](10)
mParameters.mean.name=mConst
mParameters.mean.coef_mean=[1](1)
mParameters.mean.coef_std=[1](1000)
mParameters.crit_name=cEI
mParameters.crit_params=[0]()
mY=[100](-3.078273068e+16,-3.316823192e+19,-1.189443661e+19,-7.013771056e+19,-9.867068598e+18,-9.236743077e+18,-7.165715579e+18,-7.25606457e+16,-3.763830212e+20,-6.745715354e+17,-1.04431267e+18,-8.357838372e+19,-1.970692382e+18,-2.020257501e+21,-1.218293212e+19,-3.112774957e+20,-5.305248032e+18,-1.174630088e+18,-1.861069387e+17,-7.855062775e+16,-6.922827321e+19,-2.366094275e+15,-1.618021384e+13,-2.482762091e+20,-2.976321774e+20,-2.631668663e+17,-2.26694324e+19,-1.088502239e+18,-8.283834399e+18,-1.941745382e+18,-5.023631668e+17,-1.338992587e+19,-2.044250734e+18,-1.84655272e+20,-1.253876923e+17,-6.153445196e+17,-3.196985624e+15,-1.819167338e+18,-8.768962609e+17,-8.172188485e+16,-2.470110488e+19,-6.423290107e+16,-4.246877676e+17,-3.901256657e+19,-7.451651018e+17,-5.603792913e+19,-6.418913053e+18,-2.812472452e+18,-2.218382126e+13,-2.457131484e+17,-1.531319855e+14,-7.259147459e+20,-1.536164275e+19,-7.40016645e+17,-7.440741759e+19,-5.28903145e+14,-1.099997156e+21,-5.997260781e+19,-6.071144779e+17,-8.917100612e+19,-1.049335897e+19,-3.681103872e+20,-3.264931605e+19,-7.778072926e+16,-5.277003457e+16,-2.183108785e+17,-1.447659755e+17,-6.076294777e+18,-3.441047338e+16,-2.446064299e+18,-3.478633637e+19,-3.139497721e+17,-2514832.556,-7730273.047,-4.251340139e+14,-6.636572221e+13,-1.177194498e+16,-1.274397681e+17,-2.0763161e+19,-1.43890772e+16,-2.143426451e+18,-9.210382585e+16,-8.116868517e+15,-1.905513513e+18,-3.333982826e+17,-2.598141862e+17,-7.713567074e+17,-4.039279055e+17,-3.310162924e+19,-7.706622707e+16,-3.967268136e+15,-9.451431925e+18,-3.621162244e+19,-7.170214727e+17,-2.810105879e+18,-5.128765822e+18,-2.606424266e+19,-5.313047503e+17,-2.752537725e+17,-1.941424679e+18)
mX=[100,3](0.2521188389,0.3610975791,0.21261573,0.2147644382,0.5157317755,0.5512152267,0.3266641884,0.4802412482,0.4593965498,0.6820919811,0.4237796462,0.8318815809,0.3088520396,0.7039658822,0.5319853759,0.5663612791,0.814871497,0.3413913164,0.4088079775,0.6321791553,0.8504505127,0.02109719387,0.2758380438,0.4973270484,0.5260718637,0.2273293247,0.667359408,0.1761333839,0.6071198485,0.06552998799,0.3802930157,0.6566258134,0.05155593642,0.746011446,0.01552144228,0.5146845736,0.4476353273,0.2559352847,0.3865930191,0.5988486161,0.3351914732,0.4779609617,0.4983684061,0.03873523541,0.7229789365,0.4789259182,0.3489821418,0.6838763342,0.3748825653,0.4021308816,0.9690589644,0.9895902609,0.4666563404,0.6048109165,0.432808984,0.6662374655,0.23871036,0.8737014418,0.1788873023,0.3635844744,0.7932353345,0.9985669919,0.1851028505,0.8589157898,0.3125487018,0.02908938755,0.6323020411,0.0700993224,0.1023609875,0.6570748971,0.7476172388,0.6440245251,0.8358292752,0.7643423496,0.3027174811,0.1222100284,0.9080257797,0.5935647404,0.8179660222,0.9406160129,0.2809692702,0.5433093578,0.8480073141,0.896026271,0.2913782584,0.114900736,0.6388243314,0.9408171121,0.6823797903,0.1502259598,0.3473797999,0.5284507203,0.0100894315,0.1596596121,0.206545171,0.8126950462,0.08175287487,0.7854282829,0.3222038642,0.7303133856,0.5756928342,0.866316814,0.9600250955,0.1818600374,0.9991745568,0.9131697398,0.588216476,0.7567759086,0.2610823351,0.1360994399,0.2754517726,0.8920124973,0.09570809803,0.7942107699,0.1803453631,0.9603874253,0.5660135811,0.05801096753,0.2867689479,0.4235603738,0.6019582241,0.9396735905,0.1241146685,0.1162907194,0.1532255573,0.248045102,0.6763838168,0.8713956196,0.9215401569,0.768047507,0.441718505,0.7044789344,0.514422818,0.5531722846,0.1661590511,0.7113777012,0.8375518908,0.412707452,0.06536744853,0.05376104325,0.953374589,0.220356242,0.7283294653,0.904690242,0.01960935117,0.3944334229,0.0894256855,0.9317247104,0.8972075384,0.7691120723,0.6002416568,0.3213492203,9.833869452e-05,0.6163721465,0.3146595844,0.4659131527,0.5742315774,0.4647111101,0.5201001605,0.9870163373,0.3419609789,0.4543922843,0.6077143224,0.3480979796,0.4615532932,1,0,0.4788752886,0.5947781417,0.330471029,0.4810927367,0.5308082738,0.5450190841,0.4773032144,0.6484121074,0.361772386,0.4778220116,0.6100495041,0.33064311,0.478279995,0.598204392,0.3405288183,0.4763321441,0.5977787523,0.3339953301,0.4753223906,0.598160271,0.3344697037,0.4794012621,0.375,1,1,0.9953804925,0.9831659793,1,0.9957457339,0.9838331532,1,0.5,1,1,0.6007606555,0.06787667935,1,1,0.5920044133,0.02651762739,0.007727297404,0.9990731139,1.821992685e-16,1,1,9.714451465e-17,0.4491553718,1,1.387778781e-17,1,0.03222567672,6.938893904e-18,1.387778781e-16,1.987338557e-15,1.66353303e-23,1,0.1167546122,0.06932964962,0.7263720961,0.03479044532,0.01733241238,6.938893904e-18,0.978047022,1,0,1,1,1,1,0.5,0,1,1,6.938893904e-18,1,5.551115123e-17,0,1,1.040834086e-17,0,1,1,0.3741501411,1,0,0.01792347292,0.9097282186,0.4906317203,0.9966884796,0.9726266078,1,0.7300457229,0.9583333333,1,1,1,1.734723476e-18,1,1,0.5,0.375,1,1,0,1,5.587297589e-18,0.7289620739,1,0,0.6664620739,1,0,1,1,0,0.2096225864,1,0,0.352973904,1,0.4311346281,1,1,0.625,0.7618762238,1,1,0.2700954821,1,1,1,1,0.5740157834)
