mCurrentIter=50
mCounterStuck=0
mYPrev=-2.829016474e+24
mParameters.n_iterations=50
mParameters.n_inner_iterations=1000
mParameters.n_init_samples=50
mParameters.n_iter_relearn=1
mParameters.init_method=1
mParameters.surr_name=sGaussianProcessML
mParameters.sigma_s=1
mParameters.noise=1
mParameters.alpha=1
mParameters.beta=1
mParameters.sc_type=SC_MTL
mParameters.l_type=L_EMPIRICAL
mParameters.l_all=0
mParameters.epsilon=0
mParameters.force_jump=5
mParameters.kernel.name=kMaternARD5
mParameters.kernel.hp_mean=[1](1)
mParameters.kernel.hp_std=[1](10)
mParameters.mean.name=mConst
mParameters.mean.coef_mean=[1](1)
mParameters.mean.coef_std=[1](1000)
mParameters.crit_name=cEI
mParameters.crit_params=[0]()
mY=[100](-2.65546525e+20,-8.853302777e+25,-2.840319237e+27,-2.470537322e+26,-1.387685238e+26,-1.835491717e+27,-1.657646196e+27,-3.786174356e+26,-7.536667054e+19,-1.050410577e+26,-2.937350893e+26,-3.178805239e+21,-9.633323185e+25,-2.470253073e+27,-2.579637021e+26,-1.210575007e+23,-8.456708677e+23,-6.455446261e+25,-1.857956155e+27,-1.424907424e+27,-3.969038976e+25,-3.541070371e+26,-7.94222126e+26,-7.914291727e+23,-7.825655605e+24,-1.825971824e+27,-1.014519681e+25,-1.139303324e+26,-1.245712296e+26,-1.369164716e+27,-4.470205293e+27,-2.615865793e+27,-3.169443908e+21,-8.735609654e+24,-2.415010598e+25,-5.692035991e+21,-1.10352276e+25,-9.236306669e+25,-1.876025822e+25,-4.392749446e+27,-1.779370886e+28,-1.976458062e+26,-2.299406178e+28,-2.387982652e+26,-1.485223682e+23,-1.854465176e+27,-1.327272757e+26,-1.889508526e+26,-2.144632788e+27,-1.598384989e+27,-2.545003509e+26,-1.23492021e+27,-4.866314904e+24,-8.476201035e+25,-4.238490017e+27,-6.768366949e+23,-8.037143631e+27,-6.526104685e+25,-1.129717937e+26,-7.635621218e+25,-5.804346208e+26,-1.193791083e+26,-6.80948482e+25,-1.404942762e+25,-1.982379437e+26,-4.755054168e+25,-6574760546,-4.206090269e+27,-2.458145479e+26,-1.570625402e+10,-6.030924165e+25,-5.071937638e+27,-1.75050504e+26,-1.44829835e+23,-5.336948283e+23,-1.209697492e+24,-1.32173399e+27,-3.403105502e+24,-1.945281349e+24,-2.762588095e+25,-5.314223958e+24,-8.788107274e+26,-2.471877068e+24,-1.074031277e+25,-1.049448327e+26,-1.588023358e+23,-5.369721108e+22,-1.579610425e+27,-2.780876935e+27,-3.435794923e+26,-3.8151291e+24,-8.541322219e+25,-3.04727465e+25,-1.312523668e+15,-1.031666624e+23,-2.98494012e+26,-2.167583359e+26,-7.46693073e+25,-6.150068812e+24,-2.829016474e+24)
mX=[100,3](0.8570339674,0.09953003008,0.05587567443,0.1332751501,0.4953500234,0.2768863666,0.1455613637,0.366413674,0.7276989133,0.7299927366,0.690429721,0.741446785,0.0234750196,0.006944993092,0.6973607555,0.3405385372,0.7694692248,0.3045225346,0.6615580964,0.8261440459,0.4182993065,0.991077941,0.8037132968,0.6454713709,0.1867667595,0.2567308937,0.08270468831,0.293758755,0.7179667184,0.8944919203,0.4905683459,0.7536947894,0.5662993781,0.2622903075,0.284327883,0.1112473412,0.005457179029,0.7947879499,0.8688049819,0.7796722216,0.556911778,0.7686637149,0.7963137676,0.4677699709,0.9255051866,0.5143817997,0.1867386215,0.3525383155,0.06470046053,0.03840551768,0.5473986681,0.413986588,0.6737510017,0.8369083509,0.8399444209,0.596952439,0.811900442,0.2350345769,0.6418952592,0.6107629633,0.6555661618,0.8573489206,0.1234573913,0.09613938834,0.5146337536,0.987094124,0.8165967242,0.05564959485,0.5063852565,0.9358575329,0.1225050928,0.3232846271,0.5722605119,0.5609478352,0.1797679002,0.5529433358,0.3024354107,0.3662105562,0.3613622646,0.6281931287,0.0685982472,0.7469488285,0.8795602131,0.7173720448,0.04536808695,0.9026386977,0.2000991654,0.5964337971,0.6076114541,0.9663704161,0.3263419594,0.2284162364,0.6347892524,0.8998521707,0.9578223027,0.5967779997,0.5362579211,0.218187264,0.03259893304,0.8781448743,0.4309899789,0.1901221665,0.9446536141,0.939671164,0.9020565259,0.4469456512,0.1612704481,0.1462564363,0.1133873843,0.9788047096,0.01192244756,0.1746153013,0.1128058167,0.8470288039,0.206579508,0.3208637664,0.2994217202,0.4205251049,0.4574496839,0.7922129822,0.6330396206,0.3893469538,0.5302768291,0.9661726644,0.3475151889,0.4542752764,0.3814471797,0.5314572704,0.398571721,0.3137665834,0.7263728193,0.6674956958,0.6854703912,0.1556842242,0.2309262547,0.4764767018,0.8954756042,0.4911021911,0.2499603076,0.2699876742,0.4625039649,0.9048176704,0.9909397493,0.4270148112,0.7049205735,0.406335827,0.2585651202,0.6086857345,0.07530195083,0.9518271405,9.706601359e-05,0.5172090728,0.4724308966,0.4920235373,0.4985008654,0.473194148,0.07879857995,0.3354003319,0.3957617725,0.8844140648,0.5335251809,0.2282047421,0.3837706592,0.5348426242,0.8476372918,0.3859871906,0.01209514716,0.4511351977,0.3761778858,0.524534562,0.3098230294,0.3841933144,0.5316140441,0.4353959789,0.6584037601,0.5384912903,0.3979277964,0.3809208868,0.5312607665,0.3966359063,1,0.03187341948,1,1,1,0.03441058588,1,5.421010862e-19,1,1,0.0001122623881,1,0.9618775342,1,2.081668171e-17,1,0.0008779576712,1,1,4.163336342e-17,0.03847850962,1,0.4045207241,1,1,1,9.421491868e-16,1,6.106226635e-16,0,1,0.639773644,6.938893904e-18,1,0.4045207241,1,1,0.56393829,0.04930333432,6.938893904e-18,1,1,0.07689796884,1,1,0,1,1,0.2416465784,0.3028276764,1,6.938893904e-18,1,0,0.05610285926,1,0,0,1,0.00914714983,9.714451465e-17,0.6496075407,8.478798822e-17,0.2405039649,0.3015655213,1,1,1,1,1,1,1,0.9186523994,0.3636175288,1,3.469446952e-18,0.6882680289,0.08618734187,1,0.3350294098,1.387778781e-17,0.2281526081,0.0578343231,1,0,0.06632789426,0.960742196,0.01301253847,0.533792852,1,1,1,1,1,0.3438243891,0.9936106801,0.1659578327,0.5093729943,0.148716672,1,0,0,1,0.00327852947,0.5951500348,0.9965648418,0.7473223277,0.168246608,0.9795066037,0.7860697063,0.9591398199,1,0,1,1,0.5775679581,7.292596029e-63,1,0,0.5220172446)
