mCurrentIter=50
mCounterStuck=0
mYPrev=-6.233902051e+21
mParameters.n_iterations=50
mParameters.n_inner_iterations=1000
mParameters.n_init_samples=50
mParameters.n_iter_relearn=1
mParameters.init_method=1
mParameters.surr_name=sGaussianProcessML
mParameters.sigma_s=1
mParameters.noise=1
mParameters.alpha=1
mParameters.beta=1
mParameters.sc_type=SC_MTL
mParameters.l_type=L_EMPIRICAL
mParameters.l_all=0
mParameters.epsilon=0
mParameters.force_jump=5
mParameters.kernel.name=kMaternARD5
mParameters.kernel.hp_mean=[1](1)
mParameters.kernel.hp_std=[1](10)
mParameters.mean.name=mConst
mParameters.mean.coef_mean=[1](1)
mParameters.mean.coef_std=[1](1000)
mParameters.crit_name=cEI
mParameters.crit_params=[0]()
mY=[100](-3.319296852e+22,-5.17012741e+22,-1.862091143e+22,-9.303660781e+21,-1.629625475e+21,-1.738481762e+21,-1.151462901e+22,-6.003549332e+21,-2.117234719e+21,-7.23708765e+20,-5.359472639e+20,-3.443407635e+22,-6.496527197e+21,-3.302748293e+22,-1.600513989e+22,-4.216102084e+21,-3.473213164e+21,-2.641505731e+22,-9.119533802e+22,-2.895611901e+21,-6.03297682e+21,-1.647164061e+22,-5.300622548e+21,-2.642854878e+21,-1.157394631e+22,-2.073094195e+22,-2.607639098e+21,-3.268024179e+21,-4.864922501e+22,-8.856763275e+21,-5.436750205e+21,-2.274672282e+22,-1.138440686e+21,-6.573030653e+20,-8.575455056e+20,-2.256738309e+21,-5.057408202e+20,-2.784499916e+21,-1.766721766e+22,-4.181943279e+21,-1.488920462e+21,-2.204164342e+21,-1.687917217e+22,-9.77088334e+20,-5.323000566e+21,-3.592058071e+22,-4.396072553e+21,-7.046635896e+21,-3.842110234e+22,-3.935344669e+21,-1.815696556e+22,-2.3886819e+21,-2.487986359e+22,-2.314908518e+22,-3.340710237e+22,-1.480621666e+22,-5.042585502e+22,-9.546782582e+21,-4.523451036e+21,-1.477344058e+22,-1.294246461e+22,-4.788023436e+21,-1.323317475e+22,-9.556384942e+20,-5.346488797e+21,-3.869264801e+21,-3.986543412e+20,-2.514887782e+21,-5.60731081e+21,-3.357010481e+21,-5.224226188e+20,-1.684954875e+21,-5.906795053e+21,-1.219720475e+20,-5.12651761e+21,-3.017034211e+21,-2.940718748e+18,-1.649260616e+19,-1.598058917e+22,-1.312834049e+21,-5.531117589e+22,-9.393002611e+21,-2.205814935e+21,-9.954533657e+21,-4.192503313e+21,-1.091319242e+22,-8.046388514e+16,-2.309065825e+15,-2.030432888e+16,-1.104140489e+20,-5.019326079e+22,-1.929458723e+21,-4.391761378e+22,-3.11378711e+21,-2.138202719e+21,-6.136451476e+21,-7.707044829e+21,-2.664546702e+21,-4.05540404e+19,-6.233902051e+21)
mX=[100,3](0.04733171946,0.1401358264,0.6988341797,0.4659709133,0.8277548362,0.06571734032,0.1371637895,0.3866791129,0.2810627004,0.1938510641,0.3292254585,0.1334649198,0.6502936531,0.370858678,0.2064719014,0.1696219445,0.08743479463,0.3644902733,0.03216396937,0.5061035956,0.316263294,0.9672528207,0.6281303846,0.2768207908,0.4122756954,0.7577213857,0.8087786967,0.4958160555,0.2112382802,0.3917913692,0.7174089102,0.1864889784,0.5780609627,0.2913652042,0.4659963657,0.4344114095,0.3545840325,0.9896235767,0.4924557847,0.1190379705,0.5586591426,0.4184834651,0.5887755979,0.7042956536,0.2234102125,0.5438637586,0.2751872578,0.04634902207,0.7479479687,0.4802916481,0.7645969386,0.8945489872,0.5834033161,0.7311450401,0.5678634704,0.6497745906,0.7014773115,0.2442988854,0.9626685732,0.8420759116,0.375846829,0.1185111979,0.9752288857,0.2756765689,0.6949712133,0.3375474713,0.6645599558,0.3498922473,0.6335125563,0.6206928095,0.8543237402,0.8352701882,0.1572675485,0.8816799286,0.6786518474,0.2130883743,0.602701596,0.1877542264,0.9156783914,0.9385209073,0.9207600548,0.8350738169,0.9530012062,0.7925160344,0.7378561999,0.1354117103,0.6450721389,0.7744534997,0.6773769981,0.8751155744,0.08244081357,0.4308098463,0.9567750664,0.4404585501,0.5275918723,0.09802685481,0.07693796019,0.1612060809,0.5113233641,0.8738682353,0.4417931841,0.005588360117,0.2244410012,0.07594946567,0.5344878482,0.9815341818,0.8766477737,0.9876598266,0.9356547318,0.2547664012,0.7492137313,0.3320250389,0.004309826395,0.553291909,0.3088060733,0.301037039,0.3423041175,0.01255565276,0.8057628109,0.2414166988,0.3981259921,0.05444978251,0.4691719296,0.6846136338,0.413394151,0.1467505087,0.7927221494,0.7664275219,0.5952595624,0.5181053331,0.02169536485,0.8818382926,0.9525181007,0.7979199319,0.6098717982,0.5296511041,0.9035917052,0.4459883197,0.4399844521,0.7308007124,0.9109419798,0.8449617296,0.5718897488,0.1085754759,0.6085637845,0.2809798455,0.02307828421,0.8088086511,0.2226445892,0.1734621397,1,0.5514559659,0.6998126848,0.002003662536,0.665213899,0.682777589,0.5490073985,0.5283675531,0.6981116209,0.6188550718,0.6485114468,0.7118131787,0.5352956881,0.6711590922,0.7001736766,0.4803280351,0.6262828562,0.7029146471,0.5792602738,0.6609126914,0.6993175227,0.5660850953,0.6430751112,0.7088456275,0.5783411355,0.6442626619,0.7025799432,0.567822637,0.6501932848,0.7012612918,0,1,6.776263575e-21,1,1,4.9084758e-15,0.5414386521,1,0,0,1,1,1.131502721e-34,4.984582548e-15,1,0.9999850959,0.9999759103,0.3994954815,2.559080672e-19,1,1,0,2.775557562e-17,0.9642962058,2.775557562e-17,0.5194888288,1,0.4134084616,1,0.003740860973,8.795156678e-05,0.9999847529,0.07513977333,0.5685230286,1,0.7018464661,0,0.3856663805,1,1,4.841195908e-34,1,0.4894097071,0.4188667702,1,0.009921908594,0.9845438009,0.007728098251,1.387778781e-17,1.110223025e-16,7.979727989e-17,0.01015736266,0.3221679074,0.0009622216511,1,1,0,0.01414170066,0.990937439,0.004531033731,7.979727989e-17,0.5388600967,0.1685023503,0.9662311778,0.7130375152,0.06136584033,1,0.6887590509,0.001454355116,0.00107188291,0.6488713231,0.08027243369,0.1487390331,0.6420964685,2.081668171e-17,0.6191565063,0.992782451,0.03136309084,1,7.657553516e-15,1.734723476e-18,1,4.440892099e-16,0,1,1.440885321e-17,4.204245266e-34,1,0.06003485069,1,0.9981367593,0.4278239682,0.4278235724,0.006161918769,1,0.5430286892,0.05555555556,0.5,0.5,0.9981144042,0.4277688995,0.4277447407,0.1069064153,1,0.3526928276,0.5689621927,0.6493782124,1,0.5682290619,0.4033451644,1,0.05555555556,0.5,0.5,1,3.081487911e-33,1,1,1,0.02859547921)
