mCurrentIter=100
mCounterStuck=0
mYPrev=-43.24317407
mParameters.n_iterations=100
mParameters.n_inner_iterations=1000
mParameters.n_init_samples=100
mParameters.n_iter_relearn=1
mParameters.init_method=1
mParameters.surr_name=sGaussianProcessML
mParameters.sigma_s=1
mParameters.noise=1
mParameters.alpha=1
mParameters.beta=1
mParameters.sc_type=SC_MTL
mParameters.l_type=L_EMPIRICAL
mParameters.l_all=0
mParameters.epsilon=0
mParameters.force_jump=5
mParameters.kernel.name=kMaternARD5
mParameters.kernel.hp_mean=[1](1)
mParameters.kernel.hp_std=[1](10)
mParameters.mean.name=mConst
mParameters.mean.coef_mean=[1](1)
mParameters.mean.coef_std=[1](1000)
mParameters.crit_name=cEI
mParameters.crit_params=[0]()
mY=[200](94.36465389,-16.11176338,-37.78704123,51.00195421,21.26896412,-26.75237448,-12.9950977,231.1536562,-20.52764525,-40.28378758,-8.554973691,24.58141365,-37.1761499,0.317420154,-30.18707607,-42.79085467,-35.23846521,-5.613754814,260.0599185,-43.89324727,-4.727469693,60.76495548,9.448411242,1674.206624,44.00683085,-42.4533754,-44.64063529,2.115351836,-41.22437653,-13.38146275,917.0323874,2.529564946,4.935069024,28.88134031,6.691421001,-7.373094877,-14.86805012,-28.41980577,12.73930426,21.4538341,-46.01782385,5.418562187,1078.619206,79.79015543,345.7858955,0.4838369502,-22.00078139,18.99290245,-46.61920283,-5.576590815,22.34633771,2.591850906,180.7370499,-33.55391435,42.07841888,-34.55194786,-21.85600677,3.267255534,697.8076149,-36.79807349,-27.89023697,586.8833777,32.30332546,2686.267137,-8.490104965,401.1520742,-18.63540398,30.41428538,30.63352463,23.94913502,40.86287624,-29.11188985,13.91741404,267.6609369,23.04177064,15.43954956,-24.78780765,34.08826801,51.26247417,-11.10604864,-14.85261797,550.9614864,-31.83184496,-6.136394859,-27.06808047,-42.44958315,31.19457325,-42.2846586,7.341528929,19.34890035,-27.61578492,-32.75686404,33.34116963,27.97547275,1.455493096,56.3414176,51.46698229,-8.45189691,-25.04912906,-11.80863622,-44.82870415,-30.03159697,-36.16029039,-30.63409319,-38.56860841,-44.67040113,-44.08100991,-32.70993252,-35.89227188,-47.77560967,-41.3032345,-46.38829397,-43.14225864,-43.99252587,-40.6687418,-41.27446188,-49.0578686,-38.63585497,-45.90203816,-44.47464768,-38.69043187,-33.24531479,-35.66899108,-44.46894797,-44.66373687,-39.28839211,-28.68759014,-28.17972975,-33.04418729,-41.00118657,-37.37581049,-45.38213582,-43.364277,-43.7672494,-41.32241892,-41.39142472,-48.47846894,-38.91520652,-39.93987359,-29.83910032,-38.31230588,-37.67556441,-47.409661,-46.30577073,-44.121693,-42.31694134,-47.05300658,-46.00299903,-34.49293422,-41.06611898,-28.7348142,-48.02202546,-38.65672274,-43.15962459,-35.43680846,-37.15757726,-35.00374355,-45.79463546,-44.77839507,-43.33440958,-39.43360292,-35.69406324,-42.10881176,-47.56261854,-36.64208783,-33.36408662,-40.86492306,-43.16681899,-44.94201671,-45.31222386,-46.28709918,-40.54508014,-46.44745487,-46.37730459,-43.68331554,-44.76770487,-28.84437948,-28.04436066,-33.48147269,-41.29735004,-32.93303586,-44.84099321,-40.10084745,-28.13098206,-44.64520413,-44.51057592,-43.60788542,-41.30990661,-34.81499559,-39.73252523,-44.88514993,-49.94102624,-32.5615155,-43.45742065,-31.12883182,-31.32870083,-43.3804379,-42.2446138,-44.40815671,-43.24317407)
mX=[200,3](0.5526619098,0.1569438159,0.3046783555,0.6166027322,0.258020825,0.3620225916,0.526140518,0.6108395826,0.151642275,0.02130818748,0.8450451452,0.9394013243,0.3968100386,0.8875248874,0.6797750197,0.950764481,0.2253500463,0.4843541571,0.4916052556,0.7962105295,0.189736538,0.2660067661,0.241639146,0.2160061201,0.3814981497,0.7360277888,0.4025357896,0.626404071,0.3232536697,0.6079653613,0.5860724265,0.3090582344,0.8092444187,0.604632287,0.9780878954,0.2032943888,0.320543666,0.5644415894,0.2951341182,0.005123379857,0.5379131424,0.7880942416,0.3400150897,0.1748647138,0.6908515262,0.2789382413,0.1922710334,0.5404138974,0.6448123096,0.2672250083,0.6439235025,0.3514399105,0.8200064169,0.2518051493,0.5713906344,0.4141426582,0.07090235168,0.9809153723,0.5787378666,0.3959011324,0.7635841539,0.8019201806,0.1305440434,0.1280846999,0.4911804088,0.1039463056,0.5453426176,0.0678139314,0.9035364762,0.5630986335,0.1677034098,0.05360096421,0.8814660942,0.9254748895,0.8846187479,0.782552552,0.3472028251,0.5876133759,0.1431355116,0.2022419264,0.509145407,0.1386680186,0.8181125913,0.4624123616,0.5391469631,0.6097847041,0.2846723466,0.5176001505,0.5194738072,0.7372284668,0.1722071855,0.3816167908,0.03485533845,0.7533978066,0.1497883991,0.4225560253,0.9490392658,0.8661839642,0.518136204,0.8267136874,0.4722075874,0.9789684118,0.7207951149,0.03640151906,0.890239993,0.5966723876,0.1863213443,0.8195328975,0.1537260004,0.1096386705,0.7774864308,0.187877151,0.08978349668,0.5297591583,0.1686083835,0.04925725007,0.9180739789,0.8138026411,0.8521993597,0.7676507897,0.8007826267,0.4892700521,0.2786414557,0.9108451284,0.8709679432,0.3359522522,0.4545136033,0.3118635274,0.0425022187,0.9773092584,0.6963029211,0.02285179009,0.7142949397,0.2927884666,0.1474945805,0.8571824664,0.2740448208,0.8554110459,0.41829034,0.5482988286,0.1111575721,0.2305629251,0.1112099487,0.945309133,0.3667934695,0.4535572214,0.4315644949,0.7024899217,0.6721168405,0.7245124387,0.6546391627,0.557820373,0.9281708033,0.9962366064,0.1311934811,0.86968006,0.5092638838,0.2818364147,0.1940556223,0.3172892461,0.3550892816,0.3550538567,0.05724257129,0.9857102337,0.1695970257,0.4262241129,0.5870733506,0.4911838508,0.1911393834,0.7180940822,0.380341054,0.9601608729,0.5999153647,0.8244602548,0.471344268,0.5274274257,0.008940842776,0.03601841222,0.1238055242,0.571523768,0.4324044136,0.6834090372,0.3784341523,0.7939367659,0.95371368,0.01510466456,0.2181565735,0.9304697345,0.7078896602,0.8964732068,0.0515161758,0.06109168799,0.6300024325,0.3906019581,0.799237111,0.09232023003,0.3642317687,0.09240675966,0.2548617677,0.3319822257,0.7477401237,0.9277869909,0.9965844354,0.4481620419,0.1120772438,0.4345657052,0.1774620633,0.6859142232,0.7267204737,0.8798114787,0.6620904057,0.758625484,0.9639922543,0.4643761492,0.0142040614,0.6327258898,0.8480247785,0.8365002393,0.718643236,0.4800929615,0.4028283326,0.08829712945,0.3778818959,0.9666824806,0.2618827389,0.2406539681,0.07603562872,0.4165128386,0.7798985284,0.6377344014,0.5907952377,0.0619742403,0.3766652707,0.9951982019,0.08987928796,0.7681061148,0.9872885708,0.7419982005,0.7746082356,0.5305459498,0.2273793245,0.6623500703,0.6218513405,0.9396706849,0.09138057407,0.2344534569,0.07449480427,0.6556000715,0.3248735972,0.8385337116,0.783238353,0.552678341,0.8679618945,0.2328133484,0.457112857,0.6700092224,0.6211168963,0.2205033695,0.4094401062,0.9039505538,0.7507801743,0.6988605493,0.4287831483,0.3403068106,0.04387778891,0.8908926377,0.2435761875,0.2814971624,0.7048153071,0.8441691904,0.01339353287,0.02610315813,0.666947635,0.1007507302,0.4497987179,0.6113473255,0.3303314144,0.2121142768,0.3139737631,0.9086009989,0.9493967504,0.6558357226,0.7368674543,0.5052030252,0.8369485395,0.4450296371,0.462688871,0.1240697256,0.8782243642,0.913124796,0.9515561146,0.2033906151,0.6493132255,0.6874504575,0.3040918925,0.008327797912,0.5620109369,0.2953597388,0.7492907688,0.4788163058,0,0.3937277311,0.4719003686,8.36810599e-05,0.5957319267,0.2249258823,8.903622389e-05,0.5951981886,0.2255222668,9.522558357e-05,0.5942051519,0.2262390324,0,0.4343094127,0.3802269882,1,0.4242728598,0.4952530689,0,0.3689952635,0.5160245073,8.985097959e-05,0.5969067358,0.2248628748,8.913292655e-05,0.4992237556,0.3026517476,0.99997804,0.4446122385,0.4184450115,9.047881126e-05,0.3720143793,0.4427184263,0.9999718029,0.6141577851,0.2259944342,0.9999780446,0.4187519893,0.5300335637,0.9999838474,0.6145691523,0.224464767,0.9999876094,0.6185365712,0.2191537555,9.68610766e-05,0.3057047352,0.5668418217,0.9999779908,0.515834212,0.3317913388,9.712353994e-05,0.4698835909,0.3756322837,0.9995366831,0.5570314895,0.274211325,0.9999844879,0.4498190881,0.4472690972,9.727541303e-05,0.4761418403,0.5237403286,0.9999780428,0.2265627356,0.5902648474,9.687966859e-05,0.2632107923,0.6324399979,9.698941054e-05,0.3224823625,0.4774760453,0.9999780232,0.4759164447,0.3788437172,0.9999780038,0.3381321222,0.5230845558,0.000103186436,0.621173232,0.2051135662,0.0001023401313,0.5183653085,0.2747808643,0.9999767312,0.4404139063,0.6402115259,0.9999780353,0.5321617788,0.4844579927,0.9995305093,0.6415431662,0.1949225153,9.6888896e-05,0.3790898974,0.4229126584,9.698117139e-05,0.3080870655,0.5441372487,0.9999754689,0.5874964112,0.2398853887,9.700651037e-05,0.5173810175,0.440652417,0.9999780002,0.3831510102,0.4315138368,0.9999780168,0.5237042246,0.3375422642,0.9997410278,0.4926438283,0.553212422,9.176975206e-05,0.47926027,0.3307860816,0.9999782739,0.2136321732,0.6645389287,9.685004535e-05,0.2430551229,0.5941103843,9.72458954e-05,0.4754375401,0.54817851,0.6670418976,0.3365234778,0.4940882568,0.999978233,0.5434693777,0.4261719117,0.9998712029,0.5941445752,0.2334831962,9.692925019e-05,0.3415311026,0.4408819617,0.9244634673,0.440965043,0.3843840874,0.9998120545,0.5546686713,0.2948027326,0.9999742706,0.2653791157,0.5507129176,9.700642384e-05,0.5082916414,0.3995060578,9.698354814e-05,0.3614982121,0.6649732753,0.788091323,0.3868706672,0.4615342906,9.730718957e-05,0.5095013983,0.4857263555,9.699912814e-05,0.3015202112,0.5222666694,0.2868757727,0.618390149,0.2000595136,0.3954883621,0.6089783348,0.2032256881,0.3988018034,0.537846973,0.2495449573,0.9999780525,0.5459654931,0.3638453944,0.6245634631,0.3996411295,0.4047360664,0.9999837999,0.5578165302,0.4660417702,0.9999780237,0.4620921377,0.5750647624,0.9983025316,0.6662077351,0.2887474214,0.2147642302,0.4810812599,0.3367115449,0.6382547481,0.3792261318,0.4947549564,9.72458169e-05,0.2050756595,0.6101008482,0.9999780533,0.2041963724,0.5813726279,9.230316344e-05,0.3821611988,0.5624384988,0.4440911118,0.5051982905,0.4178449331,0.7904068562,0.3725953862,0.4473025211,9.708259575e-05,0.289833066,0.4952105424,0.9998949893,0.4853445097,0.3329605072,0.9999780836,0.532304994,0.5138368821,0.7207430316,0.3406863652,0.5339062042,0.3760976385,0.4044831782,0.398440181,0.9998179859,0.5695458205,0.4108718733,0.3256576617,0.4513685328,0.4793719796,0.9999833504,0.3681916501,0.6796169735,0.2408221893,0.6230544484,0.1966188008,0.3360133083,0.535381375,0.251711166,0.2780279249,0.5219457051,0.3616560181,9.696808711e-05,0.4610723235,0.5970727494,0.6479299988,0.3184515365,0.5424910382,0.9999780715,0.4058259574,0.4071847125,9.143184399e-05,0.2250256403,0.677920752,0.9999055409,0.6081856575,0.3259132445,0.4753947094,0.4310299084,0.4807957365,8.957603982e-05,0.2466022504,0.5648966957,9.713087989e-05,0.312332603,0.4504771623,0.5323440317,0.6199146451,0.1966199995,0.127093583,0.535454496,0.4348491303,0.5770109526,0.4985969869,0.2974712268,0.7509719415,0.4593982748,0.3683980801,0.9999780529,0.5036836254,0.6186421522,0.9999779429,0.3676713382,0.4876718345,0.08177914405,0.5573371246,0.5332272821,0.9999780014,0.1759464998,0.6172754735,0.9999811638,0.5902685487,0.4421890063,0.3199995726,0.5313760877,0.3630906942,0.6378525995,0.3549129577,0.5623636135,9.63356292e-05,0.2616949907,0.5232193758)
