mCurrentIter=100
mCounterStuck=0
mYPrev=-35.3190546
mParameters.n_iterations=100
mParameters.n_inner_iterations=1000
mParameters.n_init_samples=100
mParameters.n_iter_relearn=1
mParameters.init_method=1
mParameters.surr_name=sGaussianProcessML
mParameters.sigma_s=1
mParameters.noise=1
mParameters.alpha=1
mParameters.beta=1
mParameters.sc_type=SC_MTL
mParameters.l_type=L_EMPIRICAL
mParameters.l_all=0
mParameters.epsilon=0
mParameters.force_jump=5
mParameters.kernel.name=kMaternARD5
mParameters.kernel.hp_mean=[1](1)
mParameters.kernel.hp_std=[1](10)
mParameters.mean.name=mConst
mParameters.mean.coef_mean=[1](1)
mParameters.mean.coef_std=[1](1000)
mParameters.crit_name=cEI
mParameters.crit_params=[0]()
mY=[200](-32.35670249,1894.757621,-61.90571359,-5.712602976,-40.33791493,-8.426745256,1014.852516,23.37336618,-32.54120387,1060.403212,-41.87269194,-35.76708923,-6.398158157,1.319687293,-51.58998335,-41.67060349,-6.849394284,-0.34825553,-41.70922267,24.65278344,-32.96329863,-44.15905257,-57.86453053,-17.47070394,-16.74543715,674.1035286,-9.16770836,3768.965678,16.37707966,709.9293842,-9.30054718,2031.842948,-4.640859159,-16.06172949,-55.15925202,894.1127589,-13.54030696,-36.46911084,-2.330661572,-9.561963591,-33.34215869,54.9016905,25.12564456,220.4929327,-51.37343033,-4.210189134,-29.82668883,-21.89618928,-14.3175285,24.41617633,21.08883084,-30.87869987,8.632637058,-17.91048031,-16.20402858,736.3964983,-33.44500239,-52.71977556,6.6359249,15.14897701,-24.54770278,-13.13382457,-44.12644176,-27.66434574,-4.964881839,-59.2443805,-40.42229802,-30.71312983,46.11252374,-37.98253212,-48.87702593,-42.22507721,-0.5816101147,8.644240397,0.9655352912,40.94096784,1.849778392,-2.268689199,-56.40679316,13.21765639,-9.358696456,-49.30361357,5.173134924,-23.31589507,21.19043271,-61.75256544,20.68738851,14.40698878,-45.22046024,21.5017837,47.98010872,510.4865032,362.1950951,1971.540559,-57.17727841,-9.716973732,-57.60500593,22.58999963,-5.204356526,15.79359659,-57.00789833,-60.37144986,-57.92858373,-53.67655623,-61.48154353,-55.28358324,-57.79856047,-51.85665581,-52.77246236,-41.29912208,-55.98864438,-61.53561651,-54.3121403,-57.00765034,-58.10941115,-59.45381653,-23.87006013,-48.77284494,-51.74731242,-55.99869155,-60.81218348,-52.15723256,-48.78787172,-61.41092401,-48.99022198,-61.06890355,-53.23438175,-57.74531409,-49.51161356,-53.67159383,-40.06315698,-56.63327499,-60.63691688,-54.70260631,-48.74448975,-59.00153115,-38.40740555,-60.98060722,-25.64174359,-57.90554628,-67.55404976,-34.54127492,-54.21981428,-47.14675646,-52.95417471,-59.41802431,-61.92003451,-53.85560453,-49.96388738,-27.54157693,-55.29989895,-21.90235853,-61.77160907,-52.69086813,-61.34475325,-47.57063895,-60.6146644,-55.89534282,-59.76388432,-48.72475195,-49.19548744,-59.69027888,-56.36622034,-58.2484191,-50.00467356,-51.70462484,-57.44072668,-60.94401701,-59.20892873,-59.7619752,-48.39202398,-52.94752175,-57.05479019,-59.54031438,-61.23551847,-34.4705198,-61.44851928,-38.88002529,-47.37528911,-59.56383697,-54.45464646,-58.22154847,-40.60610414,-58.46193736,-41.436338,-58.2821532,-49.98858786,-49.9016799,-53.44301682,-60.10612832,-58.14667553,-48.41727808,-61.89211891,-62.05155055,-62.38254165,-18.25353694,-17.64684942,-62.61389142,-59.21340688,-35.3190546)
mX=[200,3](0.6747075354,0.6726586423,0.6062372393,0.629456051,0.005818510815,0.1492290217,0.6424938639,0.5526419461,0.3825114461,0.6508785464,0.2813208998,0.8579618721,0.4880658728,0.725700722,0.2381812446,0.8268307709,0.1763315644,0.8306673085,0.5937824702,0.1027223467,0.1879258951,0.9768634153,0.6267862205,0.9821139812,0.1176949357,0.752230726,0.3082198443,0.07665521843,0.941008759,0.01265401504,0.2060041967,0.6680238184,0.48314053,0.6197980587,0.6542489125,0.5496706507,0.5182505589,0.5140191441,0.8419030957,0.3526436529,0.04458601819,0.8906425673,0.6310720141,0.5887989736,0.4693170997,0.6839727786,0.3170718556,0.619238444,0.02469181673,0.7941312125,0.659737703,0.3079988905,0.8152583303,0.6962069347,0.227652403,0.6369557057,0.5297524552,0.266393852,0.9342970494,0.7588738968,0.5697132883,0.7049151056,0.5112513349,0.08427324448,0.2142756034,0.5660458579,0.7956821748,0.4477056512,0.4598047645,0.7140550201,0.07754135731,0.723615233,0.811875076,0.06518227794,0.7343988695,0.5769371951,0.05337753962,0.2635252963,0.1354793466,0.8795941512,0.3201579757,0.7686086363,0.1540577949,0.0001187643944,0.7365763367,0.2636875851,0.9724534909,0.388223506,0.1846045484,0.164226229,0.7501555068,0.09948955664,0.8205484906,0.3913486086,0.1925468235,0.04503304891,0.3734977454,0.224635863,0.8692161458,0.01631186493,0.8387020279,0.05070618727,0.7454808737,0.4239032044,0.3408664358,0.5473935641,0.1198769899,0.1938761047,0.2430581214,0.2369771541,0.8173093624,0.4978605075,0.532296937,0.1138643769,0.3695983916,0.01761688693,0.5908975213,0.1204428274,0.5231698394,0.08236082272,0.4105671731,0.3352906221,0.7123489939,0.4799543125,0.5479273249,0.03838194981,0.8621392092,0.7885938836,0.9431888326,0.2136144544,0.8558713657,0.0219697971,0.4484791404,0.4779194191,0.5742327008,0.4219124062,0.2554734848,0.8705978722,0.9068625904,0.3042396481,0.5805522706,0.8313390687,0.8200249774,0.2208354556,0.9955040734,0.1640110072,0.6251029203,0.2309589071,0.3987067013,0.1798612623,0.2513411927,0.9628071967,0.6709256156,0.09426667326,0.7421223084,0.4381045188,0.6010950481,0.1408789835,0.9337879163,0.2918562262,0.209538941,0.792865194,0.4624803742,0.7634233229,0.6325812888,0.8936733851,0.3529984366,0.07211950507,0.3157493216,0.3674581877,0.7091649748,0.0466294828,0.6062402695,0.3139023489,0.1816807622,0.3877290208,0.9161634967,0.1593121362,0.8643734772,0.7827756518,0.6673748373,0.8004925778,0.4036279125,0.9515692616,0.8466067064,0.1360609157,0.4037908461,0.4393649029,0.2497563883,0.3269063587,0.7740581358,0.4108453961,0.06977823613,0.8950950061,0.3947400133,0.3332155647,0.5677342797,0.1509116571,0.9256919999,0.5029441306,0.2049030235,0.2868130371,0.5983340331,0.6453430671,0.9479807351,0.03978589111,0.5035627422,0.5220620806,0.7387103804,0.2529276262,0.8036361561,0.6497429028,0.4464306051,0.1754782518,0.2939241442,0.3710097911,0.4341409512,0.2423350894,0.3382961983,0.9118881779,0.9504697676,0.275300085,0.6988106955,0.02678508509,0.8882206462,0.1660802306,0.9172267712,0.9240927829,0.9830888197,0.9206821515,0.3547500584,0.5374517213,0.6939368232,0.8002697986,0.9649956575,0.6175718,0.2165387764,0.1069742478,0.9046647246,0.6827843415,0.8520974579,0.8803284158,0.3639108695,0.8871848793,0.4160810082,0.5370758208,0.5040906976,0.4829950914,0.9054983525,0.7844703185,0.4971491907,0.7498535117,0.1413116183,0.2777841067,0.9964931071,0.1995553432,0.4083840746,0.4233058253,0.347182737,0.977669861,0.1019755406,0.03414078729,0.3467509185,0.9547814807,0.879210717,0.5786248144,0.5559621157,0.700855211,0.1367870454,0.4766453789,0.7237741557,0.9938559477,0.06669471041,0.8490714486,0.0800126371,0.2931430994,0.5508042253,0.321869854,0.1251817367,0.05358244549,0.1247144561,0.09351998653,0.2730256567,0.4678813707,0.494222473,0.9368456103,0.6850272255,0.7691017303,0.004580295233,0.4538058528,0.2839221563,0.7700805396,0.9848027276,0.6641963978,0.5883814117,0.7131089827,0.7746624746,0.4513971883,0.379576697,0.9660738876,8.062748437e-05,0.5727707964,0.2590489537,0.6173004105,0.5647368581,0.2772345577,9.05676681e-05,0.5162335157,0.3246013132,0.9999776803,0.5898166292,0.2657143778,9.708856117e-05,0.4656264923,0.3763912789,0.9999847473,0.5216676567,0.3300758846,9.70892123e-05,0.353292703,0.4721256422,8.878903972e-05,0.6111572746,0.215347049,9.057277054e-05,0.6032837061,0.2220541912,0.9999649029,0.4257454059,0.4050938648,0.3747521986,0.58714688,0.2223986946,9.699270809e-05,0.4956098617,0.3484038881,0.976678782,0.6178475023,0.2489637143,9.698563111e-05,0.3459357502,0.4866126261,9.07719976e-05,0.54231627,0.2824906255,9.69851052e-05,0.4510196662,0.3980067067,0.9999779404,0.3498835665,0.4643986771,0.9999893383,0.5447147154,0.3183318322,9.667453023e-05,0.6356443801,0.1949564398,9.124658098e-05,0.5486073161,0.2687272942,9.68082345e-05,0.493074986,0.4174284238,9.684048413e-05,0.3925352362,0.5735511114,0.999979145,0.654327961,0.1921633943,0.6040420039,0.5031788035,0.324042652,0.9999777747,0.6511435832,0.3241355662,9.689746536e-05,0.407845829,0.4150208222,8.6356843e-05,0.6271509956,0.1994767794,9.062154839e-05,0.5435294966,0.2709899584,0.9999779352,0.4689364708,0.3879749046,0.000106574417,0.2992398971,0.526594126,9.691215242e-05,0.4784906352,0.6317145904,9.68179218e-05,0.5049557957,0.4636625231,9.790755524e-05,0.478848797,0.3408770246,9.706917465e-05,0.5997154139,0.3641813065,0.7931817641,0.6699418695,0.1970660309,0.9640200484,0.5510825432,0.2629297918,9.683570235e-05,0.2281344217,0.6538463178,9.692212678e-05,0.3693020426,0.4510124106,0.9999780009,0.3332773206,0.4983219863,0.3752489067,0.5805544429,0.227837331,0.3551719852,0.4703018648,0.3414244949,0.9999782027,0.4618130099,0.6428689198,9.675093027e-05,0.4860600372,0.5133381576,0.9999780623,0.6664860002,0.3351319734,0.999978135,0.5176156773,0.4377353866,9.690759722e-05,0.4200225738,0.3845269843,0.5580361199,0.515473005,0.2830659533,9.71476879e-05,0.5744187194,0.3996580787,0.0001021642724,0.3178789957,0.5836597216,9.687678017e-05,0.5246614929,0.7016318755,9.765589257e-05,0.4515451283,0.5164903487,0.9999782877,0.2639491957,0.6936813756,0.6307964153,0.4295036139,0.381462481,9.570439075e-05,0.6366956638,0.1863914048,0.2316316344,0.5568279885,0.2416227679,0.9999713292,0.6492679526,0.1828149397,0.01418604311,0.4860149807,0.3150092045,9.68964607e-05,0.3293067416,0.4688857449,0.5788961284,0.5535912969,0.2668257381,0.9999780939,0.4884551119,0.5014884078,9.09275191e-05,0.6552402788,0.2990810556,9.688162389e-05,0.4115490617,0.4035603465,9.709484795e-05,0.5381757714,0.4381560775,0.729226632,0.4919606392,0.334770449,9.661515684e-05,0.3993029214,0.5644496139,0.9999780426,0.6098649443,0.3823033684,0.7148727259,0.3901843231,0.4271372675,0.0001054391598,0.5745460938,0.2228902559,8.678979002e-05,0.5478937507,0.2498684761,9.699845424e-05,0.4522818724,0.3584699448,9.692965223e-05,0.5361178059,0.5439647267,0.9999797338,0.6362286427,0.1949421908,9.0587392e-05,0.5767537145,0.3788284242,0.5877932258,0.5145814174,0.2935063851,9.71401416e-05,0.4227404674,0.4599982383,0.0001015477,0.202081653,0.6664487853,0.7177367218,0.4977637942,0.4164116442,0.9999784738,0.4248796283,0.5825869632,0.0001042867428,0.275395892,0.521519284,9.698690409e-05,0.392515145,0.4138237459,0.5167810847,0.6027918522,0.201358126,0.5826656074,0.5656302857,0.2389433859,0.9999780401,0.7194596059,0.2828534664,0.4960077552,0.484139096,0.3315652479,9.678079257e-05,0.3693620325,0.6498391352,9.688810872e-05,0.5126227466,0.457895041,0.7204824489,0.37008224,0.4525603459,9.587741629e-05,0.6555090012,0.1786286954,9.09621221e-05,0.6476545318,0.3141599213,9.354800292e-05,0.521060443,0.2798011175,0.0001055980648,0.4060792446,0.5052207345,0.9999781261,0.5578459085,0.4361513697,9.690105346e-05,0.4466188388,0.3608839806,0.5820119827,0.5773939781,0.225032032,0.4767284883,0.5540734129,0.3322619513,0.9999780374,0.3824062184,0.7633802887,0.9999779773,0.2699448338,0.551652523,0.5978143957,0.4425380437,0.3741320145,8.990432542e-05,0.4910415473,0.4318855858,0.999983391,0.5637156351,0.6353715389)
