mCurrentIter=32
mCounterStuck=0
mYPrev=-1.22526444e+11
mParameters.n_iterations=50
mParameters.n_inner_iterations=1000
mParameters.n_init_samples=50
mParameters.n_iter_relearn=1
mParameters.init_method=1
mParameters.surr_name=sGaussianProcessML
mParameters.sigma_s=1
mParameters.noise=1
mParameters.alpha=1
mParameters.beta=1
mParameters.sc_type=SC_MTL
mParameters.l_type=L_EMPIRICAL
mParameters.l_all=0
mParameters.epsilon=0
mParameters.force_jump=5
mParameters.kernel.name=kMaternARD5
mParameters.kernel.hp_mean=[1](1)
mParameters.kernel.hp_std=[1](10)
mParameters.mean.name=mConst
mParameters.mean.coef_mean=[1](1)
mParameters.mean.coef_std=[1](1000)
mParameters.crit_name=cEI
mParameters.crit_params=[0]()
mY=[82](-3.415015613e+10,-2784341856,-189452544.9,-500.2846358,-3209041411,-2.698673978e-07,-1071.405475,-202151756.3,-32864040,-20593.58422,-1.551231345e+11,-41778071.89,-498400112.4,-6079859340,-245818096.7,-166854567.7,-62407.08159,-2.324121613e+11,-1.058021206,-1.92815151e+10,-2.258227905e+10,-5.151207415e+10,-227259.9405,-1.135008043e+10,-1016045264,-1.954634648e-15,-1.327568285e+11,-3.081588839e+10,-4.783672369e+10,-1.233589897e-10,-7042273750,-1.54031421e+11,-5290203.774,-730547.029,-6869659816,-20982272.76,-1486.952486,-6651859094,-271.9459522,-1656610442,-883480723.8,-6195610494,-4160299.836,-13210456.89,-6342187614,-1.413893573e+10,-5.985826302e+10,-79.21602123,-7.158061283e+10,-47625755.88,-1.713724911e+10,-36349326.79,-2213471744,-9331011537,-1667224409,-1636377959,-5479701302,-6.001289561e+11,-3293963288,-5.182745831e+10,-1.432575006e-42,-1.452747704e-41,-1317.147341,-7.94868457e-31,-4.414181899e-10,-228691030.2,-1.276049096e-10,-5304580.667,-7986339.886,-1940634173,-9071262.969,-5499640463,-3.777760372e-29,-2436980573,-7892.046784,-7918597.381,-1539799903,-7560557264,-1.462722729e+10,-2.009388655e+10,-4270525680,-1.22526444e+11)
mX=[82,3](0.48422178,0.4861917025,0.9942966776,0.1405586053,0.9448696696,0.1075751541,0.9574280438,0.2290803584,0.6381052623,0.6298427888,0.2098537084,0.3642321552,0.9351390424,0.9996076425,0.649268612,0.2961536709,0.07320085946,0.3274322512,0.7943262297,0.001543681608,0.5237352894,0.2602841335,0.8370817926,0.8794802065,0.2140947074,0.902117084,0.8887504081,0.1956851886,0.5362104271,0.1701694174,0.4101080535,0.4723898554,0.7172171697,0.01159574728,0.9640891259,0.4245753909,0.02936008266,0.7351859849,0.0363360717,0.5208705049,0.3143314718,0.4749480734,0.4451079645,0.6654265472,0.210373589,0.08560326549,0.5572301456,0.3514944692,0.6010850862,0.6384148877,0.04693696011,0.7086735492,0.8743920329,0.2630729617,0.9824721924,0.3802137064,0.1451978108,0.1700940817,0.3340215379,0.6029162993,0.8596507241,0.6026621746,0.417459533,0.121958622,0.4575255966,0.9356113735,0.579055049,0.3603236054,0.3082112165,0.7628587198,0.2893736762,0.7573308229,0.3371805052,0.8549338243,0.8252576662,0.9636022758,0.03219365197,0.1365094473,0.3760036898,0.4190418134,0.905819325,0.8601392358,0.6572665917,0.8411186835,0.889043673,0.3549685885,0.9631352744,0.6461137329,0.1399394492,4.253488965e-05,0.723906641,0.7973523398,0.7619723177,0.5027064061,0.5678130216,0.6686665545,0.2586439326,0.1729934616,0.6996358846,0.2356825023,0.0588096261,0.5870806819,0.4632086662,0.7503845107,0.7366815249,0.6785282552,0.9393990953,0.08636090766,0.3891547523,0.2455072874,0.2568242155,0.805834431,0.8085151933,0.8145292319,0.7466625167,0.2728621303,0.1986511432,0.3113629239,0.6868163368,0.5561548191,0.1102078346,0.8840552271,0.2295957116,0.06297027811,0.1089894678,0.9549336947,0.5849415083,0.1470458052,0.5697561534,0.05604665294,0.5046980595,0.2858313625,0.3598017828,0.09629836231,0.7980608903,0.8375708536,0.5887506184,0.490739394,0.9080600593,0.7001017286,0.4499109132,0.4356047838,0.1987071325,0.3918940546,0.5423275057,0.7707148932,0.07152948195,0.6810613625,0.4382159118,0.513825062,0.8538153115,0.8698063553,0.3116736696,0.6202657263,0.8617438286,0.3380687143,0.732988148,0.8278675603,0.2655194776,0.7071087724,1,0.05052590582,0.7161773462,0.8830974032,0.01667304001,0.7064579156,0.8741212248,0.2677311154,1,0.5680597681,1,0.1666666667,0.5,0.8333333333,0.01232868846,0.5218841376,0.8124966629,0.1664636315,0.4998475842,0.8331809201,0,6.505213035e-18,0,1,8.458174553e-18,0,0.992300299,0.4841483671,1.994931997e-17,0.143075984,0.01942114014,0.03928104129,0.03953339395,0.3675913674,9.714451465e-17,0.6124856022,0.02810503158,0.9520033335,8.326672685e-17,0.3736835394,1.482784114e-18,1,1,1,1,2.081668171e-17,1,1,0.2818305009,1,0.002331219214,1,1,0.1666666667,0.625,1,1,4.286535002e-18,6.938893904e-18,1,1,4.930560172e-15,1,0.5046272942,0.02814887628,1,1,1,1,0.5931694991,1,0.1654056453,0.5001952606,1,0.02889919187,0.4997608502,0.8334301126,0.1667739733,0.2238920753,0.8323302351,0.02890695503,0.4981802307,0.8343755562,0.1446553808,0.1666666667,0.9583333333)
