mCurrentIter=100
mCounterStuck=0
mYPrev=-53.9008864
mParameters.n_iterations=100
mParameters.n_inner_iterations=1000
mParameters.n_init_samples=100
mParameters.n_iter_relearn=1
mParameters.init_method=1
mParameters.surr_name=sGaussianProcessML
mParameters.sigma_s=1
mParameters.noise=1
mParameters.alpha=1
mParameters.beta=1
mParameters.sc_type=SC_MTL
mParameters.l_type=L_EMPIRICAL
mParameters.l_all=0
mParameters.epsilon=0
mParameters.force_jump=5
mParameters.kernel.name=kMaternARD5
mParameters.kernel.hp_mean=[1](1)
mParameters.kernel.hp_std=[1](10)
mParameters.mean.name=mConst
mParameters.mean.coef_mean=[1](1)
mParameters.mean.coef_std=[1](1000)
mParameters.crit_name=cEI
mParameters.crit_params=[0]()
mY=[200](16.8096976,1224.128911,2783.299438,17.60161705,-36.8274143,-18.56986637,4.820831941,-27.27741689,37.4462061,-56.71189012,-21.68741284,-21.67618378,119.7651089,17.5186953,-17.94660596,12.93071181,-39.15886554,-10.57817707,-24.17307777,-12.86402515,-26.39451558,9.056655556,23.6671555,-40.51787634,7.638927673,-33.62631762,-51.42024029,-19.31553004,-35.0433399,-9.938787914,-56.15402763,3.417790855,-12.99421567,-11.96949745,202.3347599,3692.635386,19.41127135,456.1551127,-9.059550528,17.33234001,-43.34092838,-1.417822198,49.01298164,-54.78330761,-15.58863232,21.03840352,22.96868628,2556.668295,34.74068816,-25.26754175,-42.8048092,1112.212414,25.49338226,576.5379192,-55.13436054,-18.9005718,-20.92754071,-31.07666405,-36.96287668,500.686211,13.57120263,-19.1995411,10.58090522,1.0766562,-14.77826601,-3.049748595,18.51911411,-5.027030309,-51.6422116,-38.56342032,-4.9709761,-39.90920003,193.5849697,-9.92332203,1189.971569,1.722847354,7.282690561,-27.83382679,3395.266817,13.61700709,-56.10964425,-20.14935562,-41.27334058,-37.65562889,-51.34158518,1.338723954,2117.016324,106.6147882,30.96735648,-29.57128747,-57.11711565,292.0007343,-19.14352581,-55.09385057,941.8074861,-34.63221521,-10.33638894,56.62991499,-24.91679328,-47.80983743,-52.12910181,-48.1791199,-48.08376767,-45.88388329,-55.27665381,-42.35582077,-53.44231863,-43.01478681,-51.06692409,-41.39460344,-44.60417123,-48.34580309,-49.44045666,-15.68652241,-53.97747186,-49.49736257,-42.82952253,-49.59984414,-52.71520121,-51.2087017,-43.65073062,-57.57082257,-52.04393687,-37.28499404,-43.5528509,-45.66040067,-7.343777712,-49.72177148,-24.54785727,-41.00547122,-50.07492117,-28.3680229,-42.949258,-44.96097959,-54.17180515,-55.06702832,-30.2085872,-33.68935626,-53.62708923,-44.90100968,-49.58404639,-55.6299357,-49.31274372,-45.96701557,-40.07781425,-40.14491519,-43.78553567,-47.23370389,-54.33187965,-49.64350242,-56.33024492,-59.58644778,-50.68737999,-29.46564923,-41.23601544,-47.99485057,-37.6086308,-45.21669843,-54.20012936,-19.31528144,-53.63688087,-49.34600691,-35.18762331,-50.7700324,-7.199630677,-26.13548282,-53.02700234,-43.41208231,-47.06405034,-51.95177277,-53.70043712,-43.47961286,-52.97173289,-28.70454395,-52.30217165,-43.5639706,-16.18404551,-46.40127741,-39.01938291,-53.47000153,-54.75720085,-36.58844997,-49.83445538,-56.67497317,-35.84239181,-49.26261235,-49.21586117,-41.03328395,-49.2395249,-46.64860112,-54.44084883,-40.93422956,-55.74356726,-42.64744136,-39.12665502,-54.02965077,-56.82754261,-52.46969207,-32.41403362,-53.9008864)
mX=[200,3](0.8952243226,0.8003094414,0.8838726732,0.6660998066,0.3135051848,0.06136655848,0.5638807012,0.05938978547,0.08787318451,0.9020213344,0.6688996679,0.9422483793,0.7240896742,0.4795638895,0.6497687682,0.8898348676,0.2738675803,0.7044188902,0.1856035973,0.7747728542,0.7846396516,0.598695098,0.2957489689,0.395037925,0.08404788466,0.9856783834,0.8255350471,0.3460540914,0.4461168531,0.4220967703,0.3741494673,0.1334403514,0.5994715984,0.2246203001,0.7917439075,0.114054643,0.15972516,0.2884930107,0.2116938375,0.03218947969,0.003009119609,0.9759419695,0.7861622825,0.5276915363,0.7714311298,0.4662887025,0.9541080671,0.4442490413,0.5131278608,0.2607338556,0.5504400381,0.9264956966,0.111744398,0.757808618,0.6175211301,0.2078119121,0.5834728181,0.6048722142,0.827972337,0.1469302361,0.2614272677,0.6170500475,0.6605596375,0.7446119301,0.8152609653,0.8050218132,0.4349264714,0.2403191768,0.3262297566,0.3356343313,0.6968869415,0.3560336574,0.7920771852,0.8668187521,0.739131702,0.2475142918,0.6855528681,0.4937523146,0.3181114514,0.3450158458,0.433411263,0.4496166132,0.5187926829,0.09386023773,0.7088364749,0.4269588288,0.6767237463,0.9327107296,0.01031492986,0.7110384821,0.4854258398,0.5629701593,0.412140273,0.3655376189,0.9377431675,0.1785133318,0.9744961918,0.2113784315,0.7403216929,0.8098768003,0.8544854958,0.1987079777,0.2993505906,0.256271416,0.2082973468,0.7176326602,0.9075725662,0.000569987183,0.8696033478,0.8950280287,0.8195007366,0.9812291713,0.2213067556,0.2436939403,0.9593326519,0.6269679201,0.7940377724,0.1170837251,0.9737692296,0.2271940771,0.8154591809,0.435593048,0.5459601721,0.8260998107,0.03763744416,0.8589011474,0.02876200359,0.9491352302,0.9580140025,0.1657650194,0.3939042326,0.4733255247,0.2376253454,0.6429176675,0.7282023559,0.2189302056,0.7529554201,0.9096678729,0.386732383,0.6533617737,0.9617125807,0.552684247,0.1654208435,0.05475944883,0.2809750256,0.9625252632,0.8354426979,0.1082509668,0.1857290975,0.7611531433,0.8460109109,0.5838621665,0.07555619454,0.3900633555,0.3633810689,0.02758021403,0.3033697836,0.5535176287,0.9959596271,0.5394591768,0.09211628326,0.2680888276,0.6915904775,0.5717189561,0.150342728,0.3559476502,0.8356966256,0.3194965603,0.2544444017,0.7368766323,0.6074669901,0.05945196231,0.07362444026,0.6122733739,0.6566535389,0.6796210544,0.4820982356,0.4107676146,0.06622439784,0.2953606215,0.9448556483,0.6057598895,0.9341991649,0.1773309383,0.7897210483,0.3833444197,0.6216370538,0.72463392,0.8729240779,0.06720318668,0.926831047,0.2530120867,0.4248994188,0.3828998545,0.2378080984,0.09759364298,0.8752436514,0.5170244752,0.7521263523,0.3317204327,0.982573415,0.5076966685,0.5384852369,0.8484510764,0.204924083,0.5049596515,0.5222222347,0.1209505507,0.7198300222,0.1830214296,0.7376011279,0.8437875273,0.6532005875,0.00284736465,0.7077087333,0.3031147794,0.0724690391,0.1511205475,0.2835374411,0.406043733,0.04066466197,0.6813268819,0.04230453149,0.2377334819,0.1023935829,0.6459104074,0.595486795,0.8679395721,0.6364915589,0.4069176958,0.9261347745,0.1306218949,0.1223482647,0.5309633225,0.5785584479,0.02288756361,0.03483444027,0.6879835022,0.9992679233,0.130510733,0.1450581353,0.4194961502,0.4559518431,0.8546721672,0.3777947595,0.3388495645,0.2730976713,0.4880021821,0.6231554239,0.01453507354,0.3019652726,0.3722564466,0.4723901517,0.630204724,0.1661625699,0.5201887448,0.1794291412,0.8901276611,0.1969682098,0.08739286719,0.1216657887,0.7611967817,0.9173765552,0.04036829993,0.679845141,0.8830795187,0.9122714872,0.8386622046,0.7459234261,0.4624568535,0.4950662231,0.4918253214,0.407882073,0.9131643166,0.1456354227,0.3403610478,0.3287176686,0.7697205143,0.5636528336,0.9924739443,0.5437982121,0.2795158987,0.9600198376,0.4586783691,0.01392334623,0.4545828709,0.354807678,0.6967157898,0.7707977449,0.3265024189,0.3615203183,0.877148595,0.1041980549,0.5040431806,0.5880665835,0.1914273362,0.6336349169,0.5463507192,0.4648212355,0.5708411145,0.03199264058,0.6311351265,0.2394116633,0.8576364127,0.6561713251,0.2336701345,0.0001017385753,0.6216573117,0.2393814517,0.05703014547,0.6161989799,0.2338829774,8.088007019e-05,0.5306173601,0.3011032765,0.0001021576237,0.6698375023,0.2218741047,8.975471937e-05,0.520932241,0.3114017316,0.9999703586,0.682656581,0.2265908029,8.94449082e-05,0.5146525422,0.3208211454,0.9999792994,0.6815321629,0.2236350483,0.9999823639,0.6783735444,0.2228095871,0.9999856033,0.5701638373,0.3272385351,0,0.5431326395,0.2779909819,9.713981271e-05,0.3511540331,0.812503214,9.687638574e-05,0.5120522972,0.3726510223,9.682214142e-05,0.3785085192,0.5809067041,1,0.5039443909,0.4880313361,0,0.5389905757,0.4749883047,0.9999780767,0.5618078969,0.3638206417,0,0.5047411586,0.2991592481,0.0001037944282,0.3245449277,0.6415592435,9.047570547e-05,0.5094552215,0.3826170673,9.688482612e-05,0.3979295268,0.5275907675,0.9999779961,0.574349457,0.5677510923,8.945963473e-05,0.5597062222,0.5504358354,0.9999780589,0.5183839402,0.4431031434,0.999978202,0.3347001815,0.8225904586,9.691309222e-05,0.5804060429,0.4261772329,0.9999780983,0.358307114,0.5969869429,8.688221215e-05,0.6791431462,0.2085392989,9.697764966e-05,0.4808196317,0.3335763722,9.680263413e-05,0.4089321761,0.7326927255,0.9999680373,0.6783970021,0.2129473352,0.9999660968,0.6771915983,0.2107535427,0.9999900566,0.5901189506,0.2664274546,9.712869563e-05,0.3687749716,0.5067382624,0.99997811,0.411971806,0.4922543576,0.9999661993,0.764475558,0.2349874203,9.689166622e-05,0.474222713,0.3690569692,0.0001065080046,0.3228899262,0.6293819083,0.9541789371,0.6525302911,0.2032911612,0.8831535393,0.5651765206,0.2726623588,9.672881242e-05,0.5576708343,0.473891073,0.9999780135,0.5884129491,0.3797798579,9.689765856e-05,0.5509649005,0.585876565,0.0001077840965,0.6683015342,0.2059416448,0.0001080717068,0.6662628225,0.2054253186,0.0001002840851,0.6620949237,0.2068346316,9.3617455e-05,0.5596322056,0.2526385518,9.852561929e-05,0.5653923184,0.2492392767,9.677718825e-05,0.4645272527,0.4089163271,0.6155818365,0.5203735045,0.3168415562,9.686968651e-05,0.3523579678,0.5547386757,0.9999783119,0.5918477945,0.6558867226,0.9999779794,0.5904670292,0.5270663769,9.686473302e-05,0.6298745649,0.415153568,9.694695668e-05,0.2556484935,0.6827188884,0.9999780811,0.4977536547,0.4073486802,0.38690308,0.5329518669,0.2706059506,0.9999685219,0.3267784677,0.6283625362,8.875914853e-05,0.4951169222,0.4894342277,9.699024314e-05,0.4673946909,0.3450272405,0.5695826847,0.7448727078,0.2125545942,0.5939234521,0.6527591435,0.3011671659,9.675664825e-05,0.3380375967,0.8599014938,9.688136437e-05,0.5130021318,0.7131405179,9.681952583e-05,0.362303201,0.4809100884,9.688205993e-05,0.5830433462,0.534731439,9.685089823e-05,0.4073263698,0.5951938701,9.726319845e-05,0.5991363229,0.3616474346,9.713522104e-05,0.4598935511,0.4268969167,0.9999781309,0.6055371276,0.4386329944,0.6230721811,0.5089747773,0.3181916221,0.9999773859,0.3902981188,0.5187084079,9.695694795e-05,0.4594787291,0.3564114521,0.5645960353,0.6548450517,0.2356586971,0.9999780593,0.3908743175,0.7554127034,9.695063134e-05,0.5954463996,0.4561317328,9.698095957e-05,0.5562408449,0.6146524019,0.809604346,0.5039228238,0.365622881,0.2956456869,0.5476108374,0.2503336912,9.675078323e-05,0.2449097833,0.684520841,9.746206332e-05,0.3286077601,0.5672160172,9.685417776e-05,0.4489400957,0.4422822959,0.9999780465,0.6120946251,0.5772040907,9.901166224e-05,0.492907632,0.5185499868,9.53989799e-05,0.4974375695,0.2909175157,0.9999849698,0.6920754859,0.320440789,9.695728012e-05,0.6103051917,0.3680376123,0.8802408154,0.4783922686,0.4517324518,0.6523321491,0.5026676686,0.3513765115,9.690239965e-05,0.4166286241,0.6399227795,9.777091434e-05,0.4478077194,0.3988910637,9.694354154e-05,0.6086220894,0.5049845955,0.9999851704,0.6702358533,0.4078260788,9.697608065e-05,0.3363245571,0.5164123684,0.520113183,0.5247187749,0.2836515898,0.677537002,0.6148353445,0.1962914317,0.9999780695,0.4271541204,0.5824680762,0.650807068,0.5136430422,0.4761627468)
