mCurrentIter=50
mCounterStuck=0
mYPrev=-109895611
mParameters.n_iterations=50
mParameters.n_inner_iterations=1000
mParameters.n_init_samples=50
mParameters.n_iter_relearn=1
mParameters.init_method=1
mParameters.surr_name=sGaussianProcessML
mParameters.sigma_s=1
mParameters.noise=1
mParameters.alpha=1
mParameters.beta=1
mParameters.sc_type=SC_MTL
mParameters.l_type=L_EMPIRICAL
mParameters.l_all=0
mParameters.epsilon=0
mParameters.force_jump=5
mParameters.kernel.name=kMaternARD5
mParameters.kernel.hp_mean=[1](1)
mParameters.kernel.hp_std=[1](10)
mParameters.mean.name=mConst
mParameters.mean.coef_mean=[1](1)
mParameters.mean.coef_std=[1](1000)
mParameters.crit_name=cEI
mParameters.crit_params=[0]()
mY=[100](-5044790095,-146016287.2,-2.930360779e+10,-3025024530,-4.613827729e+10,-1.102907445e+10,-869516001.1,-1.343304929e+10,-1.267036017e+11,-45845063.89,-234672992.8,-1569109307,-7990373561,-2703488493,-1.032467448e+11,-5.019526365e+10,-2523109087,-714254262.9,-1.229301279e+10,-1.183588762e+10,-351901813.5,-609953276.8,-2.579454697e+10,-3044693623,-1.366623774e+10,-1.141099162e+10,-3.133670536e+10,-1592154807,-368679660,-2.113446669e+11,-1.344153331e+11,-85705932.31,-5376843765,-3.719300198e+10,-4476301393,-1.586168584e+10,-3333732837,-397358756.6,-8519021902,-9.100725859e+10,-5145268752,-1542951671,-5401778108,-196762979.2,-1.049021152e+10,-2419136056,-1.710011194e+12,-1610896280,-33420083.64,-1462725009,-2252542616,-229347538,-4285886884,-1.95415299e+10,-2.788671175e+11,-8270968676,-3811938246,-6003543798,-2.23155103e+10,-1097320.668,-6772257745,-12987579.65,-7.691822507e+10,-3109889.308,-986579702.6,-3.191153682e+10,-2927168213,-1159834.001,-9075035.704,-1528539685,-4319257.332,-8.697492976e+11,-5.719305199e+10,-6.172458531e+11,-41461460.45,-2.897069775e+10,-1.843551256e+10,-4.705271975e+10,-1.342731475e+11,-2.961417143e+10,-1.621712629e+10,-82881155.92,-151535707.1,-142021220.8,-20203717.51,-525967431.1,-181108997.9,-106678767.7,-1.497163832e+10,-9861255744,-183303597.8,-1.306660651e+11,-2.038737249e+11,-404361876.1,-1.835492215e+11,-1.577435122e+11,-7366863547,-4264226047,-196134537.4,-109895611)
mX=[100,3](0.03738267574,0.385180307,0.9654882695,0.2518017491,0.5353437398,0.04650655399,0.7833587246,0.01353551272,0.5509782057,0.2038422817,0.8675885631,0.4778226612,0.3128786712,0.257095721,0.7010721149,0.333373415,0.6548766062,0.3974042681,0.1646018488,0.2031590194,0.3042080985,0.8641993172,0.4246452544,0.2346491343,0.6769521308,0.1321017828,0.7890586278,0.1844100844,0.9458647561,0.2610695559,0.003056715471,0.5695840612,0.6534161079,0.1418737086,0.09160463519,0.6695179547,0.1041936997,0.375327173,0.259094652,0.9759169764,0.6985737241,0.5833459166,0.6922841526,0.4823482526,0.6323264448,0.5225124897,0.06731176976,0.864909498,0.3828424212,0.8498319324,0.156345951,0.04926505332,0.03209603332,0.9832425245,0.3519340064,0.8390247183,0.611054761,0.5154298188,0.3082798673,0.3507172963,0.5980699034,0.2778252408,0.07212804455,0.5728610737,0.2960333445,0.1714634374,0.6094887864,0.6734606072,0.8942788231,0.3618516486,0.7051305162,0.1902700785,0.7230412407,0.968621193,0.08160077041,0.9407458775,0.7928934845,0.7775372015,0.2842613925,0.1922110654,0.8542694832,0.8396641123,0.1642197462,0.02223228236,0.1289000749,0.9050454828,0.008471539514,0.09576459744,0.359958082,0.7578821357,0.9303099002,0.1470917925,0.6846559922,0.4187913012,0.8897298396,0.9380169898,0.4887933692,0.3348382454,0.1176453583,0.9142276774,0.63866516,0.4855532546,0.6292963154,0.7705838253,0.5747067533,0.7591444482,0.1171132661,0.9072686355,0.4674352528,0.8182472413,0.8265426639,0.7015539011,0.603801524,0.1315463039,0.2342737685,0.5150115095,0.4087664822,0.8583412463,0.2369062654,0.7273048483,0.4517296645,0.7504457591,0.5071023183,0.9928421771,0.7256580302,0.3317608613,0.8951704685,0.4493239617,0.2094184612,0.7691041681,0.9240504818,0.425999092,0.262062594,0.5969536277,0.4469999795,0.6515731248,0.4015003542,0.8170645317,0.5403973037,0.4634949056,0.3707871205,0.8121205434,0.04980900589,0.5240753074,0.4262568338,0.9813896218,0.9580057666,0.06559790341,0.557690647,0.2819134614,0.5222492362,0.4813412884,0.3331028937,0.6048622859,0.9391519803,0.3730639052,0.5434824363,0.7060785111,0.02196256959,0.4995294999,0.4645307447,0.3974133517,0.5420021312,0.4471361949,0.3717468656,0.5402402236,0.4660066989,0.3705541925,0.1446553808,0.1666666667,0.75,0.1446553808,0.1666666667,0.75,0.1446553808,0.1666666667,0.75,0.1380458132,0.7496076052,0.1670894616,0.1446553808,0.1666666667,0.75,0.1446553808,0.9583333333,0.75,0.1380458132,0.7496076052,0.1670894616,1,1,1,0.9803446192,0.1666666667,0.75,0.9803446192,0.1666666667,0.75,0.7462015715,0.1559406122,0.1559422367,0.1685658809,0.1559406122,0.1559422367,0.1685658809,0.1559406122,0.1559422367,0.1685658809,0.1559406122,0.1559422367,0.1685658809,0.1559406122,0.1559422367,0.5403846748,0.4623870279,0.3706794685,1,0.4634565409,0.3696154256,0.5402790756,0.4624557015,0.372423866,0.541822756,0.4628621416,0.3698529402,0.5383485427,0.4638970094,0.3716717211,0.5432199039,0.463833452,0.3724970018,0.5,0.5,0.5,0.5,0.05803601792,0.831366938,0.5397284776,0.4611416921,0.3696461909,1,0.4681694991,1,0.7940225718,0.9583333333,0.9583333333,0.1372845209,0.7006101221,0.9572343762,0.1685658809,0.1559406122,0.1559422367,0.1454933963,0.7860697063,0.9591398199,1,0.5423358959,1,0.1446553808,0.9583333333,0.75,1,1,0.01577831902,0.9869541868,0.7496076052,0.1670894616,0.9965648418,0.7473223277,0.168246608,0.9919903342,0.1655403318,0.75,0.5199542771,0.139103928,0.9583333333,0.5,0.139103928,0.9583333333,0.9803446192,0.9583333333,0.75,0.7462015715,0.1559406122,0.1559422367,0.7940225718,0.1666666667,0.9583333333,0.4559774282,0.1666666667,0.9583333333,0.7462015715,0.1559406122,0.1559422367,0.7300457229,0.985896072,0.9583333333,0.7008064617,0.9829671586,0.9592923644)
