mCurrentIter=100
mCounterStuck=0
mYPrev=-60.64812982
mParameters.n_iterations=100
mParameters.n_inner_iterations=1000
mParameters.n_init_samples=100
mParameters.n_iter_relearn=1
mParameters.init_method=1
mParameters.surr_name=sGaussianProcessML
mParameters.sigma_s=1
mParameters.noise=1
mParameters.alpha=1
mParameters.beta=1
mParameters.sc_type=SC_MTL
mParameters.l_type=L_EMPIRICAL
mParameters.l_all=0
mParameters.epsilon=0
mParameters.force_jump=5
mParameters.kernel.name=kMaternARD5
mParameters.kernel.hp_mean=[1](1)
mParameters.kernel.hp_std=[1](10)
mParameters.mean.name=mConst
mParameters.mean.coef_mean=[1](1)
mParameters.mean.coef_std=[1](1000)
mParameters.crit_name=cEI
mParameters.crit_params=[0]()
mY=[200](-5.494189387,-34.6832321,-31.25311788,-54.52964513,-55.24993441,3386.57609,-35.99010415,-46.71968889,76.6077806,-18.93615204,-14.19513719,-64.02983642,5.500439576,1767.959243,189.2665109,12.53508794,399.4992389,14.53187251,-13.74561285,33.17154124,-48.21805087,7.527751035,636.2212248,-36.12837144,-30.82067383,0.1282139243,12.12113122,5.335597392,-12.98543349,1.517393131,299.7542987,-50.58899179,-53.63058128,940.3086629,-0.4479372078,-58.60931339,-15.4878348,1040.141591,23.09214332,261.8505257,2.185524982,-22.45230719,-56.61511628,3502.750319,-2.925269517,-7.137088045,132.8950518,12.62323658,-52.12481583,-13.38865861,288.8051193,-32.2314036,-3.690092351,-41.91657057,-55.4935566,-25.16085055,72.38517196,-21.29170288,-53.10065587,1969.215254,-44.43913173,6.074544962,-53.95313093,364.8642851,11.0480216,4.007044377,-28.06109472,388.6618642,0.5718636391,-23.02636308,-12.07444565,-34.8816859,-0.4784777353,7.359508627,-18.85908418,-13.53007833,10.99254553,4.472659173,-51.89148518,570.905431,9.296784718,5.646342696,18.63515227,-2.838972155,-2.876535421,483.587187,823.7694549,5.000313149,-3.816977738,-1.839716632,-36.84256301,999.1165804,-13.75761221,496.5809622,159.4457599,56.94119664,7.32603321,333.0878542,-20.5234741,22.81502365,-58.45233168,-56.1202316,-64.00548314,-62.40324922,-58.87143416,-59.96906043,-46.64455219,-59.14186408,-53.04316734,-54.87181473,-59.03407968,-32.29064012,-55.14239171,-55.43266555,-57.4365927,-51.16853347,-56.35993267,-59.33001136,-55.84541377,-9.406484308,-59.96710357,-59.62118437,-53.83536956,-50.26411975,-53.71420134,-45.51699286,-54.42466366,-63.35736102,-61.76833212,-42.39099705,-54.06180005,-56.54531702,-60.39676088,-40.05350599,-52.32276951,-58.70088948,-54.13950112,-54.6238066,-45.24248075,-54.29500051,-36.00294697,-48.57866515,-62.26499487,-58.29418724,-59.81550252,-44.81302616,-53.36803192,-28.74863473,-59.52391223,-41.76022891,-59.74980273,-57.68064451,-48.91751916,-56.71284334,-63.19592036,-57.12464919,-52.46755844,-57.70827904,-58.15974441,-44.34436749,-58.96734509,-44.57139208,-56.03217673,-54.14098475,-54.64895393,-49.28662858,-59.06872017,-50.45729222,-57.68969591,-62.61455157,-54.85808175,-54.22235227,-39.9831912,-43.60012487,-43.49864638,-59.85371482,-59.49562442,-59.01722693,-59.11109926,-36.60636383,-59.87816047,-57.06865289,-18.00310137,-57.48145283,-59.19185443,-43.09252489,-44.4689639,-54.07229465,-60.42369022,-58.81302776,-43.7315447,-61.31232745,-60.89969332,-44.9703313,-53.92134048,-53.92863833,-49.89994766,-60.30899216,-55.68941164,-60.64812982)
mX=[200,3](0.6381705748,0.2517903701,0.8461192843,0.5249142836,0.7957074828,0.3720606722,0.05878979488,0.7895456436,0.2083012935,0.3054971114,0.5898898074,0.4996400497,0.2843366548,0.3948709288,0.5646610004,0.0009529493935,0.09722707885,0.007058557137,0.04163389519,0.2141790352,0.5012791901,0.8226358028,0.6957554434,0.3182562562,0.08431631837,0.082318738,0.4472616863,0.5371951382,0.566815226,0.8028700517,0.9590080801,0.8627762947,0.4770777679,0.3474917089,0.5053404919,0.410015939,0.1201531096,0.2086810369,0.9589925483,0.2384450535,0.2223053047,0.05618228995,0.4148730264,0.1949119906,0.2981039407,0.3807205537,0.4188988126,0.9862606268,0.5009382003,0.4726484666,0.03957357666,0.5785692097,0.1569659746,0.9706575813,0.8555531375,0.6694948537,0.7848357829,0.5653163587,0.8592244145,0.9937370555,0.03981501877,0.723542015,0.2420721749,0.592289372,0.1671615768,0.9241024367,0.749525314,0.03449855482,0.3689375071,0.09110510611,0.700997826,0.5458706348,0.4401435778,0.6551107765,0.6786258942,0.7959718009,0.4251332127,0.2646652463,0.4708495592,0.872485152,0.8314217955,0.9322138595,0.07137000451,0.8816048721,0.2222545663,0.7782711586,0.6960079554,0.8970422606,0.1401998036,0.7955885958,0.2456815649,0.006013631308,0.4515742237,0.8621801835,0.5990177078,0.3539064171,0.1806361995,0.6081947396,0.4647976602,0.9130863796,0.1081056335,0.2852162636,0.9674325622,0.9401949689,0.4849694611,0.3636816137,0.6169289095,0.1617640954,0.6514176191,0.534556242,0.08343062332,0.720374562,0.1849965358,0.1823866824,0.3196595757,0.8046557537,0.9487349666,0.6970349587,0.7524750002,0.01421524961,0.9805998182,0.9216024325,0.1163206461,0.143671809,0.7358103447,0.6503165961,0.5429758435,0.4960939692,0.2370554823,0.1691756712,0.01921007515,0.04311103381,0.6472225925,0.9310383396,0.5312616072,0.4018279515,0.3788693724,0.2542437794,0.7083611762,0.06565632226,0.5216519107,0.3538560291,0.627315454,0.9606859234,0.1537750911,0.4399487825,0.3884067159,0.7625261622,0.523907309,0.8248842008,0.2999549278,0.3414912054,0.1499981186,0.1156527048,0.5163034964,0.718329038,0.3220195193,0.1216907432,0.8584061804,0.2549174442,0.2388982336,0.5973950233,0.1729203845,0.5785894123,0.1753820659,0.9965954497,0.7113088092,0.6473251425,0.6193652405,0.2701760209,0.3221656607,0.2770713627,0.8185654148,0.5538913809,0.7895463904,0.6324001766,0.3990754399,0.4282978341,0.111953357,0.1002037755,0.622534309,0.748362618,0.2125200316,0.6849240916,0.9009451205,0.735774297,0.7737463128,0.6844161523,0.1226742879,0.9443504856,0.3638258915,0.1907123745,0.4569184395,0.0458987475,0.7098857764,0.06806672259,0.4672365118,0.9358833582,0.8840613715,0.8370454288,0.344002768,0.6716462567,0.4511244484,0.06743391761,0.4895419188,0.1346483816,0.6206340826,0.9250903505,0.4870394049,0.7271415738,0.7134106055,0.2831341171,0.7725086095,0.7572449121,0.765224786,0.2732446374,0.4303808538,0.54480158,0.9056808771,0.5826670624,0.9809019107,0.4233036874,0.3732774127,0.1779087904,0.7623002755,0.3991036806,0.8461845487,0.5899710519,0.467803852,0.8824574749,0.8116051724,0.8736924223,0.05561402622,0.8684347318,0.3323770306,0.6742775951,0.3364772145,0.07299659359,0.3866079888,0.0742264902,0.2618751306,0.9502952006,0.6685185138,0.5566879784,0.6428476074,0.9151685119,0.1315818912,0.9626418515,0.7589688894,0.4954664997,0.5584117036,0.890928111,0.8356053543,0.3092420866,0.5760252339,0.2165108355,0.3564491138,0.0962749114,0.02584222372,0.4042684434,0.02710869965,0.8482505326,0.9771209278,0.4054704142,0.974496875,0.3221403409,0.6895805335,0.9056057262,0.9146253583,0.6082196788,0.800336965,0.443636154,0.6127304539,0.7386672138,0.2497318697,0.1537303975,0.8100729712,0.8217310352,0.6387619497,0.2078549795,0.3341558851,0.1346462063,0.1964346841,0.2925388952,0.2227444007,0.01560858303,0.2629172439,0.3047582773,0.5154493849,0.9945076477,0.5102927903,0.6003796066,0.02254579047,0.4388749263,0.6633998787,0.3143444414,0.740062807,0.1062630539,0.8963296905,0.8769452514,0.0169347111,0.5020789344,0.3388944395,0.1253316815,0.427005761,0.4063726238,0.1953924641,0.5458080398,0.3039146726,0.3303029619,0.5436112525,0.3052364836,0.162967676,0.4034045276,0.4315291357,0.522780977,0.5590533676,0.2944473931,0.6979073902,0.4378539481,0.4027040582,8.929325473e-05,0.5583964906,0.2995490295,9.701839914e-05,0.3854581539,0.4550430669,0.8422400927,0.5875474247,0.2770154962,9.692792445e-05,0.4850324969,0.3493447377,0.9290701016,0.4715040685,0.3793734149,0.0005580669893,0.5707392629,0.2864065185,9.72750552e-05,0.3710498656,0.4739405936,9.703051489e-05,0.4764200395,0.3526533989,0.893441795,0.6105441123,0.2624429891,9.698483181e-05,0.3704256975,0.4782139182,8.279315521e-05,0.6077541381,0.2757909892,9.70404294e-05,0.4650945698,0.3609721621,0.979573157,0.4176816513,0.4428222015,0.0001002055441,0.6093225514,0.2749595625,0.06998948221,0.5058735746,0.3299706242,9.684619643e-05,0.4831273318,0.5649548703,0.9284893665,0.6147893115,0.25943823,9.638343609e-05,0.3323133013,0.5640710653,9.690308156e-05,0.6936559371,0.3968164889,9.692253249e-05,0.4254723757,0.3938226603,0.7077214596,0.6054786642,0.2634048167,0.6635353741,0.5235337277,0.3208929176,9.644718015e-05,0.3499639007,0.6716782554,0.0001064223421,0.6148156329,0.2675948308,9.6896407e-05,0.3595806126,0.4687382352,9.710311629e-05,0.4887434736,0.3422979227,0.9999780659,0.5925211454,0.5159245234,0.7338454731,0.5320386414,0.3184831407,9.69499268e-05,0.4999594922,0.5090342312,9.906506185e-05,0.4205561012,0.398144925,9.679623147e-05,0.6266126505,0.3662296441,9.697898942e-05,0.5362806109,0.6113789422,9.685828112e-05,0.3382512849,0.5165780409,0.9999779911,0.707071753,0.4546395356,0.9800797598,0.6442536455,0.2523304709,0.4119558845,0.5485111632,0.2925226725,0.4923830022,0.4811947497,0.3531717497,9.687790025e-05,0.5184129529,0.440482505,0.7005122922,0.3831131381,0.4682331994,9.994484436e-05,0.6265732344,0.2601587629,9.663485021e-05,0.3762595278,0.7662304978,9.013427606e-05,0.5077791902,0.3234772621,9.703370406e-05,0.7396273729,0.4292485371,0.0001046386243,0.41557571,0.3994694501,0.7071635185,0.6347945301,0.2517488638,0.0001009210775,0.3170966695,0.6000644085,9.686452989e-05,0.4751794442,0.5073290203,0.5252667246,0.5519912944,0.2953925896,9.704772246e-05,0.5697617648,0.3859293331,0.1223398669,0.6300256148,0.2569715698,0.0001050777849,0.401485507,0.4115547876,0.5918425216,0.4969185533,0.3433014161,9.69748732e-05,0.5743740837,0.6071879827,9.689142932e-05,0.3434395769,0.5004577262,0.8497648934,0.4877420517,0.5114351198,9.643933332e-05,0.5373056104,0.2964150549,0.8596171334,0.6588782783,0.2613362887,9.69247661e-05,0.4444958996,0.374299361,9.748016807e-05,0.4199870165,0.6167007717,0.6625211327,0.5794540936,0.3714065989,9.710326051e-05,0.6902055668,0.3112097137,0,0.5205217514,0.45116257,0.4657237667,0.5915048815,0.2581713717,0.5101070548,0.4943537927,0.3361563693,9.695341536e-05,0.3631226002,0.4638619526,0.9615212192,0.6953585535,0.5028612356,0.9973100561,0.6906655472,0.3196902977,9.056711716e-05,0.6908727896,0.4853852571,9.587867678e-05,0.566980966,0.2772204112,9.700874452e-05,0.4449314265,0.3708210942,9.676140895e-05,0.4311852094,0.522559307,0.497108818,0.6156432183,0.2494143637,0.9259043616,0.5673083409,0.5970922724,9.700302182e-05,0.56500727,0.403703651,0.4629814965,0.5443438782,0.2932476197,9.675394396e-05,0.6620288522,0.751377456,0.5211490609,0.433348485,0.3951130328,9.767454219e-05,0.4713734209,0.4791944268,0.0001034403676,0.267302902,0.6596107798,0.5900459086,0.3573798164,0.4979695753,0.1449376211,0.6394311302,0.2509015315,0.4236219697,0.5998660206,0.3543497173,9.600663402e-05,0.4937649159,0.326814005,9.690581396e-05,0.4452235705,0.6527938589,0.5146799332,0.5674744972,0.2753273345,0.482100068,0.4775239679,0.3537256233,9.710046912e-05,0.7323389614,0.3442742526,0.0001057821145,0.3244518113,0.536968474,0.0001038735868,0.3956166956,0.4178274978,9.696630707e-05,0.6064147174,0.5423983612,0.518099895,0.5532184364,0.4133433746,0.4905256732,0.6409391928,0.2460850115,0.3177348621,0.6067658883,0.3392041153)
