mCurrentIter=50
mCounterStuck=0
mYPrev=-0.1911420503
mParameters.n_iterations=50
mParameters.n_inner_iterations=1000
mParameters.n_init_samples=50
mParameters.n_iter_relearn=1
mParameters.init_method=1
mParameters.surr_name=sGaussianProcessML
mParameters.sigma_s=1
mParameters.noise=1
mParameters.alpha=1
mParameters.beta=1
mParameters.sc_type=SC_MTL
mParameters.l_type=L_EMPIRICAL
mParameters.l_all=0
mParameters.epsilon=0
mParameters.force_jump=5
mParameters.kernel.name=kMaternARD5
mParameters.kernel.hp_mean=[1](1)
mParameters.kernel.hp_std=[1](10)
mParameters.mean.name=mConst
mParameters.mean.coef_mean=[1](1)
mParameters.mean.coef_std=[1](1000)
mParameters.crit_name=cEI
mParameters.crit_params=[0]()
mY=[100](-6.740811631e+13,-190214.417,-10694.57444,-4.832560396e+11,-385215.1769,-1.767841609e+13,-1.640271392e+12,-544369335.5,-2.825223305e+12,-3.976943958e+13,-1.743114437e+14,-115792189.3,-1.519494341e+13,-5.849351506e+14,-6.083114998e+13,-1.260979623e+12,-2.438049836e+14,-127373129.8,-9.052433581e+13,-0.0005633997825,-8.36640371e+13,-7.375931374e+11,-2.724005747e+13,-4.58673978e+12,-4.721445956e+12,-8.113275863e+12,-6.412583138,-4.814532629e+12,-3.751402969e+13,-8.945000255e+10,-2.199170782e+13,-1.313952882e+15,-6.490287829e+13,-7.081368559e+10,-3.041029671e+13,-1.053401307e+13,-6.244096536e+12,-5.715141539e+12,-4.085380768e+12,-7.348850407e+11,-1.549181452e+13,-1.031661461e+14,-2.965498006e+12,-5.455140934e+11,-3.101660305e+14,-271831.4171,-1.367009523e+11,-4.320126817e+13,-8.028134051e+11,-1.558746751e+13,-1.932073616e+13,-1.691991011e+14,-1.113183421e+12,-1.24458304e+13,-3.822734046e+10,-2.802430232e+13,-1811829142,-3.542075569e+10,-2.33304722e+11,-9.050498782e-17,-5.29411541e-19,-1.21740841e+11,-11240220.45,-9.551334982e+10,-2.198495513e+12,-6.282953812e+12,-1.972187906e+13,-1.135400215e+14,-1.654903592e+13,-3189515422,-1.05352374e+13,-175469019.7,-1.43833126e+13,-2.453439617e+11,-2.634552326e+10,-2.906411599e+13,-6.862876417e+13,-1.561851871e+13,-2.610041097e+11,-1.929336874e+10,-1.407209839e+11,-9.358360984e+12,-1.156631045e+14,-3.367597971e+12,-7.685920771e+11,-6.395665015e+12,-9.58413e+10,-76818375.44,-1.141277487e+12,-189397600.8,-3721467.672,-2118848007,-1426.609447,-2765064515,-366.3089643,-3.278016138e+12,-7154254164,-1.035365372e+13,-6.13135361,-0.1911420503)
mX=[100,3](0.3682114223,0.2926098166,0.5195352075,0.7218456793,0.132345009,0.1615822832,0.4990253984,0.1888780508,0.155370074,0.9863223171,0.7247111286,0.9772112102,0.5169378877,0.02884194961,0.2407600988,0.4280785737,0.9529342032,0.01209017382,0.6082239532,0.6830266624,0.935845429,0.8636793123,0.4658841052,0.2024058121,0.4635257822,0.3806919537,0.3939670678,0.7772324672,0.8953567951,0.5756843806,0.2226306486,0.5890754129,0.5384577533,0.1502916541,0.1631809619,0.265276397,0.4531931651,0.347306027,0.4675143367,0.9077736266,0.7184656612,0.3715979527,0.007599657713,0.7611352429,0.4422141359,0.9707670309,0.5526820416,0.9139978594,0.706677943,0.3105496495,0.6634353063,0.176489729,0.002673187703,0.2354618162,0.5495161526,0.8558874566,0.132966071,0.08873256239,0.05458989439,0.02615222385,0.7911463718,0.8149388999,0.6976586885,0.2872444544,0.656538536,0.8944781339,0.526904009,0.6037647163,0.3344373563,0.1076593481,0.4149183884,0.9857241548,0.6723423923,0.9609715491,0.04624389494,0.5869814676,0.9368407317,0.06817998049,0.1298317792,0.08876739588,0.08097424231,0.8433228179,0.1508850616,0.6577279308,0.6435922181,0.5715810681,0.5913145419,0.2523491657,0.1044890457,0.2981033868,0.8894955632,0.740664344,0.8140580892,0.4128036494,0.860701298,0.6130383999,0.188017745,0.2253318725,0.8766619142,0.07744795409,0.4886878209,0.1157459371,0.05331786236,0.4439052356,0.8547402732,0.2154163241,0.831366571,0.4939271562,0.3399905152,0.6298222158,0.6281863258,0.8139579433,0.2714480529,0.9430298426,0.3157848134,0.9870598505,0.8329039844,0.6875132735,0.2559632367,0.4148231927,0.8389809481,0.3786738981,0.7398995179,0.3855121288,0.5199545588,0.7626715077,0.7576872808,0.5347632091,0.4274475171,0.9469771472,0.7879828937,0.7040143591,0.350320872,0.4245543899,0.5473281204,0.9356908204,0.2004021679,0.3133158352,0.02864345299,0.3224667013,0.3597607541,0.6240099336,0.07205861561,0.7837692816,0.5631840362,0.667189749,0.758679625,0.270608064,0.9062602853,0.1924401174,0.04999233419,0.8742531968,0.6144873575,0.4307251481,0.8587956854,0.6078344532,0.4110093235,1,0.6480702936,0.4108245661,0.8612550864,0.6135901551,1,1,1.387778781e-17,0.6037976389,0.06705813317,1,1,1,2.168404345e-17,0.8564702016,0.04788227996,1,0.4109321996,0.860310135,1,0.9332693959,0.04783305502,0,1,0,0,0.2059711277,0.8620349429,1,1,0,0.5844943368,1,1,1.734723476e-18,1,1,1.734723476e-18,1,1,0.3574672387,0.02418556308,0.03186860033,1,0.008310054063,0.04909019099,1,0.1700176507,0.1057903109,0.7117449067,0.03439671272,1,1,0.1694971358,0.1075664739,0.7550985142,0.9693389763,0.1561429561,0.4932984246,0.1380458132,0.9581371359,0.5008455898,0.1380458132,0.7496076052,0.1670894616,1,1,1,0.9869541868,0.9581371359,0.5008455898,0.1689766209,0.1093426369,0.7984521217,0.1366172891,0.8612997677,0.6122209023,0.1380458132,0.7496076052,0.1670894616,0.1678526267,0.1519167628,0.5,0.1380458132,0.7496076052,0.1670894616,0.1689766209,0.1093426369,0.7984521217,0.1389128775,0.8640558856,0.6146298427,0.4127254755,0.8608591301,0.8886957571,0.1421995945,0.1618466335,0.5031318175,0.1380458132,0.7496076052,0.1670894616,0.985987625,0.1467331437,0.75,0.9693389763,0.1561429561,0.4932984246,0.9794880674,0.9777548311,0.7498005716,0.1607518665,0.1607632174,0.1491044552,0.1607518665,0.1607632174,0.1491044552,0.1380458132,0.9581371359,0.1670894616,0.9642933669,0.1640668042,0.1461347826,0.9803446192,0.1666666667,0.9583333333,0.9642933669,0.1640668042,0.1461347826,0.1380458132,0.7496076052,0.05569648719,0.1380458132,0.7496076052,0.05569648719,0.1541127477,0.04293757781,0.7472390614,0.1685658809,0.1559406122,0.05198074556,0.1685658809,0.1559406122,0.05198074556)
