mCurrentIter=50
mCounterStuck=0
mYPrev=-6.435188086e+14
mParameters.n_iterations=50
mParameters.n_inner_iterations=1000
mParameters.n_init_samples=50
mParameters.n_iter_relearn=1
mParameters.init_method=1
mParameters.surr_name=sGaussianProcessML
mParameters.sigma_s=1
mParameters.noise=1
mParameters.alpha=1
mParameters.beta=1
mParameters.sc_type=SC_MTL
mParameters.l_type=L_EMPIRICAL
mParameters.l_all=0
mParameters.epsilon=0
mParameters.force_jump=5
mParameters.kernel.name=kMaternARD5
mParameters.kernel.hp_mean=[1](1)
mParameters.kernel.hp_std=[1](10)
mParameters.mean.name=mConst
mParameters.mean.coef_mean=[1](1)
mParameters.mean.coef_std=[1](1000)
mParameters.crit_name=cEI
mParameters.crit_params=[0]()
mY=[100](-1.810686729e+11,-1.509421073e+14,-1.600392198e+13,-2.828642561e+11,-7.430165934e+11,-4.846270362e+14,-5.062875732e+13,-2.88814948e+14,-2.585024179e+12,-3.373794208e+14,-1321.934957,-2.737055508e+11,-1.328689008e+15,-2.697601807e+14,-6.192332609e+13,-2568723552,-0.04759869327,-8.991786154e+11,-1.903253845e+12,-8.625456084e+14,-317000829.9,-1.296395533e+15,-17157774.59,-2.895089175e+13,-1.949707001e+14,-1.567247013e+12,-496228.2263,-2.291652075e+13,-1.313870614e+10,-19362136.7,-6257.890943,-3383970909,-124974615.8,-3.451451246e+12,-2.011550263e+14,-212.6208314,-0.0001044756704,-6786844143,-7.345185014e+14,-28.97994457,-3.427722623e+12,-1321615229,-1.43077729e+13,-7.373804007e+13,-1593776080,-1.589660745e+11,-5.315871254e+13,-7.756614054e+13,-2.102731651e+11,-1.796146249e+12,-5.665927824e+13,-1.830740543e+14,-2.845246479e+14,-3.72284358e+10,-1.80581293e+15,-7.13701413e+14,-2.690989347e+13,-1.129390195e+10,-3.090026084e+10,-1.162625338e+13,-4.74425739e+14,-7.263904659e+10,-5.177657253e+13,-2.00100872e-21,-6.605564253e+12,-83749471.84,-4.732380507e+14,-2.762190286e+14,-2.091654093e+13,-3.453598197e+12,-7.130619252e+11,-1.766873726e+12,-1.761315372e+10,-8.301525365e+10,-3.255994534e+13,-1.784063314e+11,-2.174493748e+10,-37416401.24,-5.023049646e+11,-3.752460145e+14,-8.29555256e+13,-4.441033972e-26,-0.001295482445,-1.87306234e+12,-3.276146972e-17,-3.667704109e-05,-1.096683979e-24,-79726655.82,-8.315430577e+13,-3.435581397e-31,-1.707019841e+13,-3.124363373e+14,-1998712612,-1.599183609e+13,-46528992.1,-6.25415839e+13,-1.036757765e-06,-6.597556729e+12,-2.733796717e+14,-6.435188086e+14)
mX=[100,3](0.2358311099,0.9662445637,0.1894530662,0.9457132409,0.8952451904,0.5997884735,0.8706523708,0.1498869805,0.7430927314,0.7023856344,0.2313965482,0.4431633807,0.3872100939,0.1350471166,0.6311576118,0.7914979585,0.6561420554,0.6578420538,0.757774721,0.8288161515,0.5650217204,0.6303449969,0.4461598154,0.9575874555,0.9231556464,0.3896051381,0.7611153391,0.4626175116,0.5772402075,0.5543389553,0.41517502,0.07784415029,0.2829811221,0.06770578427,0.3229340646,0.4602136244,0.3786559173,0.2934259759,0.9149973017,0.7236244306,0.7667163499,0.3957508451,0.5084833554,0.2471662941,0.9353948081,0.768963559,0.3115348757,0.3162981885,0.586509292,0.2796192918,0.1208968371,0.4451863897,0.364198466,0.4398407534,0.9671671527,0.9896016671,0.2403664417,0.1427173136,0.1870122813,0.8492378443,0.6655754064,0.1148476928,0.4150061261,0.2428802736,0.4933657587,0.7012216082,0.646825027,0.620200219,0.09156316865,0.8180531169,0.8040022279,0.3402255992,0.5461024055,0.5068867675,0.6875446445,0.0569545593,0.4311918051,0.6086753249,0.4978609705,0.7861087336,0.02272615398,0.098834066,0.7306388684,0.6709320893,0.1387782332,0.556023414,0.3384746153,0.8908556925,0.08617562426,0.4836493356,0.852403413,0.4088718357,0.1432915529,0.8343154417,0.004811848588,0.5310666225,0.1937589707,0.2163850077,0.3616982233,0.9919153912,0.8558548138,0.8745672017,0.4223905023,0.5382707532,0.8853756825,0.3046881058,0.05449074288,0.2660618114,0.1640005896,0.169030182,0.07499224569,0.2750078803,0.7096340481,0.2232889041,0.5644579918,0.3449906517,0.9938364587,0.3325664473,0.4656791157,0.002471831678,0.6836929971,0.03140574835,0.7876977203,0.00563215558,0.9229441883,0.05625052685,0.03734630535,0.8776861286,0.5146452338,0.9067889881,0.667037914,0.9636072569,0.35229515,0.6044734144,0.1690011102,0.2096969774,0.9075575903,0.2170346258,0.5373350538,0.6808157451,0.8319040567,0.115251485,0.5821632918,0.8174906603,0.2931597305,0.7596007461,0.1101233403,0.6016494108,0.9415034695,0.7274469336,1.845032478e-52,2.352400442e-15,1,0.0001052220794,0.3436872503,0.9999877535,0.2764259576,0,1,0.2848041141,0.9999900848,0.9999777483,0.2762843356,0.3416532828,0.9665242373,0.2676739751,0.3520900507,0.9999766931,0.2716733403,0.3426911678,0.8203428969,0.7546641567,1,1,2.66960141e-21,1,1,0.2688014587,0.5649713702,1,0.2526268271,0.3145365508,0.9350754193,1,2.290393859e-19,1,1,1,1.725201491e-32,1,4.984180357e-15,9.399550435e-39,1,0.2795207241,1,1,0.6049321972,0,0,0.09319440296,0.9674238572,0,0.3417574695,0.9669354272,0.2766798891,0,0.9668105081,1,0.5724328603,1,0.9861111111,0.5,0.5,0,0.6883745324,1,0.006148999397,0.9981653236,1,0.8214608577,1,1,0,0.3213969941,0.9917196005,0.5,0.9583333333,0.9583333333,0.6015421789,1,7.703719778e-34,0.4390897746,1,0,0.4440203859,1,0.5186122083,0.4990557799,0.1176714863,1,0.4989947737,0.4095167251,1,0,0,5.421010862e-20,6.938893904e-18,0.3881251867,0.009672907248,1,1,2.028359729e-30,1,8.326672685e-17,8.173198806e-18,1,0.3446989091,0.01762964336,0.6028113601,1.26703865e-20,0,0.9991623316,0.7154923703,4.625929269e-18,0.2762706026,0,0.9899322022,0.02492227643,0,3.700743415e-17,0.2788308479,0.5784962214,1,0.4388498391,0.3480483034,0.9155488677,1,0,1,1,0.4045207241,1,4.510281038e-17,0.6207630395,0.1557129007,1,0.6453843406,0.4735522424,0.4101329187,0.313923497,6.938893904e-18,0.5208636774,0.780448468,1,0,0.3230599667,0.9912074927,0.2775544744,0.1069634321,1)
