mCurrentIter=100
mCounterStuck=1
mYPrev=-30.71684593
mParameters.n_iterations=100
mParameters.n_inner_iterations=1000
mParameters.n_init_samples=100
mParameters.n_iter_relearn=1
mParameters.init_method=1
mParameters.surr_name=sGaussianProcessML
mParameters.sigma_s=1
mParameters.noise=1
mParameters.alpha=1
mParameters.beta=1
mParameters.sc_type=SC_MTL
mParameters.l_type=L_EMPIRICAL
mParameters.l_all=0
mParameters.epsilon=0
mParameters.force_jump=5
mParameters.kernel.name=kMaternARD5
mParameters.kernel.hp_mean=[1](1)
mParameters.kernel.hp_std=[1](10)
mParameters.mean.name=mConst
mParameters.mean.coef_mean=[1](1)
mParameters.mean.coef_std=[1](1000)
mParameters.crit_name=cEI
mParameters.crit_params=[0]()
mY=[200](-7.824050281,153.6806156,26.82854212,-3.718450575,-3.190931734,88.26393116,12.50709239,29.08331219,289.3180439,19.97124516,8.42427224,-11.32634807,-14.43937757,-4.389642984,42.85815852,22.83068115,20.82993775,37.69191718,12.08702185,4.789310458,107.0279444,128.836968,27.03294534,40.99212274,-19.82427685,2448.345808,19.66221768,704.9824126,8.847204437,25.03781712,88.02386284,15.83494312,69.81105403,1.780131372,8.051005694,17.47352838,43.35886833,12.32603859,111.2343068,13.16561749,-7.191793941,714.8957783,266.2522967,10.11122875,19.62885928,12.7330084,796.9627975,37.31289737,-11.98896377,2253.657888,-3.676273335,43.37773403,31.67762958,-11.42198928,29.36886931,-14.96758579,-12.00159089,11.82447997,624.2783196,36.87881312,34.69623559,-12.36363701,176.7648435,-2.585381034,18.95457026,2429.89299,16.65586579,-6.436029333,54.62281443,36.51728912,-19.84816718,-2.135394791,747.5566225,-1.150462714,18.64530869,-23.78569325,-6.455364101,16.27835494,14.17360724,951.0228008,66.79443192,1112.476157,60.66016609,10.95556032,29.52283745,20.72635692,41.23444636,-8.782077077,-25.95608446,-14.17047391,-27.81838404,700.2042565,25.3812786,0.1881657949,-9.288970245,-12.83128794,-30.68847546,3462.168336,52.12651881,-15.12473883,-28.78016687,-30.71511177,-28.32825461,-30.02653065,-31.98781417,-28.06411084,-29.51632463,-32.05705139,-28.44826189,-20.86817944,-27.87859863,-20.99384456,-29.95774471,-32.37344903,-28.1497906,-26.90018356,-22.974853,-29.73213694,-23.97083468,-31.04403808,-22.95920677,-27.31149607,-21.26311202,-33.02278961,-27.8215417,-25.05869997,-25.79734441,-18.95976283,-31.23427909,1.235684864,-31.47312078,-19.94100357,-30.90636119,-22.15219761,-25.50661817,-27.72341143,-31.93652597,-20.67638749,-20.08886344,-21.48885837,-16.1066678,-24.76943708,-30.68656064,-23.07139961,-23.20845055,-17.17130394,-25.79508715,-27.41056376,-31.31163827,-21.46121745,-31.30097321,-23.63052844,-13.96386375,-30.15829975,-32.77193606,-19.29016264,-26.1231695,-26.46881113,4.08864728,-30.23873418,-32.39216971,-32.43118844,-23.29546909,-27.72718276,-29.5339529,-30.07624512,-26.26884491,-32.44748425,-30.36368624,-32.82413298,11.10180727,-25.59942075,-18.46771382,-24.43429742,-16.28523462,-28.33413208,-17.80443204,-30.76799009,-30.76654813,-30.55976781,-29.87643716,-12.37362919,-25.75716845,-29.69089405,-4.674661935,-29.48868399,-30.71456705,-32.03171229,-10.79947675,-15.69905199,-21.49487089,-26.91988925,-18.86589792,-22.45801805,-32.85442142,-23.63198522,-30.56515882,-15.07894626,-29.7245526,-30.71684593)
mX=[200,3](0.4502506629,0.5443944046,0.7003138408,0.6143872781,0.06610559057,0.4818576758,0.6443697727,0.05083092966,0.6941939064,0.9693771009,0.7829458983,0.2497617641,0.7725823027,0.7988920883,0.29380958,0.2760389147,0.1031121742,0.4617690622,0.7899028171,0.3203775568,0.4263223613,0.4784428552,0.1903773627,0.9119529998,0.2829539263,0.3725924802,0.129706253,0.3500922571,0.4163963768,0.2398622008,0.1432755074,0.3811970559,0.8279417144,0.09841708656,0.5138652705,0.6770387043,0.4873193082,0.6422437144,0.1420387173,0.130780047,0.3927024403,0.7570230062,0.1057884328,0.7565292818,0.9083171673,0.4667437264,0.9426388057,0.2749985874,0.434594775,0.03972076369,0.7921372579,0.5026987082,0.2247605039,0.3730378483,0.7583220232,0.6835113448,0.7718070951,0.6214445308,0.6693860405,0.7287422887,0.3301375131,0.1157497995,0.4163146213,0.2027535521,0.46196466,0.1331076244,0.5808415373,0.9306864918,0.1522798867,0.8894425642,0.2619030105,0.50599635,0.08822153667,0.2417784644,0.6092043094,0.4180198655,0.8553763244,0.00345014828,0.1278201251,0.8663708396,0.5733309394,0.1746627025,0.2947833401,0.08349625608,0.5912366664,0.8397383069,0.5100371356,0.4463390294,0.5720830487,0.8886283157,0.8495913268,0.5656858896,0.04257987978,0.8615806267,0.8276004162,0.6642360895,0.9398614602,0.9964863169,0.9807967863,0.7463604337,0.7016869133,0.6803750637,0.4015965737,0.6793629222,0.05430422389,0.7628809355,0.8927482821,0.4305600055,0.7921440839,0.8894333122,0.8528900127,0.05704002472,0.4754184072,0.2079238039,0.9475404368,0.09304629566,0.5253547477,0.1606909713,0.5224961594,0.8316829074,0.9751009484,0.4383580716,0.5356298135,0.156916865,0.04689879692,0.3000204548,0.5713709134,0.4072553038,0.09674459887,0.218134447,0.2748456308,0.8406427783,0.03230080755,0.4413019336,0.8756911511,0.6692459715,0.872726981,0.4780293138,0.8289650959,0.4814723474,0.01396761181,0.5590828356,0.08373220352,0.9540940623,0.260037372,0.219270459,0.6439586927,0.8922815576,0.0007695567864,0.1620474411,0.712029532,0.7340872344,0.5893581769,0.1104260305,0.1226993574,0.9978563071,0.6349391186,0.9716973427,0.3537279627,0.5646613998,0.6529624503,0.5903859023,0.9918585881,0.6153181278,0.894371373,0.4957677649,0.5056386501,0.6583325366,0.8353062055,0.5891175444,0.6294964075,0.9137654097,0.3430278104,0.7667492546,0.5342898653,0.3148281244,0.1122059389,0.9092064125,0.9833604317,0.2646719485,0.7244647592,0.5587960791,0.9406460149,0.8155633062,0.7404191378,0.3676909486,0.1937945103,0.07734052422,0.4027735139,0.3795718644,0.2337016805,0.7334219121,0.02241389391,0.9155061512,0.3982915886,0.3696544185,0.1523922993,0.03624379544,0.7348420621,0.7756985232,0.0655619842,0.6817867679,0.7257153431,0.5431736089,0.8757260875,0.1765556773,0.5552772596,0.1872960986,0.927498176,0.7112084456,0.4247056733,0.7140089093,0.2269986103,0.5469462444,0.8038565866,0.3203959642,0.8068742226,0.1380383593,0.2590251097,0.308990907,0.6385149315,0.1061032717,0.6700726249,0.4981602467,0.8613271615,0.2542378281,0.6211653829,0.1880931045,0.3987703665,0.4221458559,0.7446502726,0.6569074952,0.4538953872,0.1707502181,0.850240159,0.3631196381,0.8114195387,0.704630196,0.2845763199,0.07996874909,0.01528955175,0.957491119,0.9398831045,0.9254322704,0.1686119463,0.2130261304,0.6955883147,0.9075703858,0.9710222587,0.3124265991,0.1497158448,0.7852697971,0.5186317195,0.9661281123,0.1970273844,0.9838829337,0.1882594914,0.8073380236,0.9525150937,0.6008074373,0.9687609136,0.6016488799,0.766721497,0.3169894477,0.2227267227,0.3009218935,0.4546333688,0.2383875613,0.5973049696,0.6123703215,0.2962066343,0.335346874,0.4495244341,0.3853205297,0.01158511305,0.3382217449,0.04105152979,0.3508656593,0.2871952217,0.2478816729,0.8128608557,0.3829268413,0.5257544796,0.25538061,0.6358949966,0.3413721696,0.6966036419,0.4968500138,0.06499783437,0.5335920953,0.3466048976,0.07213943832,0.02841544005,0.02083939519,0.001531632291,0.84032777,0.9261020436,0.3279540658,0.2019476044,0.5655636836,0.63544686,0.5778655554,0.2884166243,0.556535277,0.5796619743,0.2847462032,0.5402027148,0.5830896184,0.2777412923,0.3199480039,0.5824515495,0.2796876759,9.702041234e-05,0.4942397178,0.4161392183,0.9396704524,0.5930553922,0.266094697,0.5274129628,0.514132987,0.3850322167,9.694973106e-05,0.4283879062,0.4955412891,9.515599148e-05,0.5930134188,0.2703812394,0.9999866146,0.599881849,0.2562254767,9.987363138e-05,0.589798977,0.2717987687,0.9204665318,0.5193697308,0.3906603726,9.694767182e-05,0.3859364828,0.5340473895,9.141375418e-05,0.5871740931,0.2704124305,9.689662983e-05,0.4700446853,0.4111901637,0.001130797781,0.5923049532,0.2673280951,0.9999815398,0.6029922846,0.2475010248,9.693442637e-05,0.3689194953,0.5550889957,9.699862047e-05,0.6239856665,0.4032746273,0.7726035539,0.5955121122,0.2460671947,0.8455874453,0.4857423172,0.4499474038,9.774105933e-05,0.4960493771,0.3476052191,0.9999683078,0.6553903619,0.3094542345,9.688635947e-05,0.3966932459,0.484976548,9.696490307e-05,0.365564588,0.5970676711,9.706146919e-05,0.5439463559,0.4964139901,0.5385391675,0.5876510326,0.2397662154,8.749543009e-05,0.6756055464,0.3150245181,0.5619972664,0.5069909542,0.3303151613,0.9999779778,0.3901983808,0.5962635695,9.868298922e-05,0.4212531767,0.432336176,0.999978005,0.6316535332,0.4162784979,8.999185111e-05,0.324870106,0.5229765012,9.148445184e-05,0.5775181311,0.2514785248,9.782880058e-05,0.5209870718,0.5190388532,0.5538997188,0.5231864588,0.3080993488,0.0001015207733,0.4365713886,0.4139001903,9.69703021e-05,0.6772081411,0.3599958475,0.8383153679,0.4415284677,0.4605425932,9.691999836e-05,0.3576253158,0.6352246963,9.160703518e-05,0.5846288809,0.2444297814,0.9999583795,0.6135443638,0.2395695784,9.165915833e-05,0.3255959658,0.5145805755,0.6557382848,0.5948041482,0.2364516356,9.761138869e-05,0.4968651852,0.3485491806,0.9999780121,0.6909637491,0.2973533498,0.8456103029,0.568477417,0.4868389673,0.0002433668816,0.4785083369,0.5562599567,9.729486488e-05,0.3979210152,0.457669192,9.724314602e-05,0.6330212402,0.4516842449,0.6500274212,0.5130371355,0.3319401337,0.7013335262,0.3977003385,0.5122012948,0.9999779674,0.6937105044,0.3888754266,9.616488273e-05,0.3050808854,0.5361816502,0.4233808435,0.4606047328,0.3965150241,9.682748389e-05,0.3342449241,0.6634206305,0.0001050369475,0.5836301647,0.2461641135,9.696401957e-05,0.5015349121,0.5536488722,0.9999779792,0.3913177074,0.6383504095,0.5225994995,0.5911733003,0.2329675281,9.688401298e-05,0.4157703247,0.4445332671,0.6507609779,0.5919515386,0.2332611024,0.3355863157,0.6824733141,0.2867983532,0.3513319492,0.5229939285,0.3123719984,9.790237997e-05,0.5597411049,0.4309315208,9.124461754e-05,0.3190814744,0.5179816881,0.7873157003,0.5339451444,0.5060291708,0.5309644884,0.4363988379,0.4315525065,0.4813336048,0.5919735647,0.3610649885,9.704123026e-05,0.3951589147,0.4738605315,9.699821923e-05,0.6882330533,0.7459230518,0.0001014300202,0.5209966007,0.3137758943,9.689976438e-05,0.6271751622,0.5287164336,9.72481623e-05,0.4446636839,0.5962628618,9.718282002e-05,0.7196973756,0.3157380368,0.5467223854,0.4064564968,0.4949654046,0.6538640904,0.5931214606,0.2302727559,9.701551792e-05,0.4645730691,0.3959602658,0.6981288907,0.5952775536,0.2322358063,0.7170664219,0.5244560228,0.3141934427,9.719369374e-05,0.4975983614,0.4718911246,9.683780468e-05,0.27484862,0.6963125915,6.324534701e-06,0.3063622265,0.536559995,0.5459535806,0.598617757,0.3999031423,0.9999780945,0.7834674713,0.3377503112,0.5906999271,0.4570928364,0.4007846965,0.4878700756,0.4732094508,0.5354896466,9.724005894e-05,0.3726981613,0.4753008697,9.701995018e-05,0.7126469693,0.4381988021,9.794266884e-05,0.5762488802,0.2425764316,9.633975214e-05,0.4324122756,0.6307286749,9.702104094e-05,0.5182983401,0.3326860135,0.9864126814,0.6130373571,0.4973297945,0.5817341878,0.3545868058,0.5409198812,9.701459894e-05,0.4954218037,0.4655868479,0.6040227224,0.6603136748,0.258370611,0.5473138276,0.6022869443,0.3495889305,9.674996992e-05,0.6035392493,0.5831274473,0.5278361741,0.4456409158,0.4202836214,9.716998338e-05,0.4398053805,0.5076071753)
