mCurrentIter=100
mCounterStuck=0
mYPrev=-39.95007241
mParameters.n_iterations=100
mParameters.n_inner_iterations=1000
mParameters.n_init_samples=100
mParameters.n_iter_relearn=1
mParameters.init_method=1
mParameters.surr_name=sGaussianProcessML
mParameters.sigma_s=1
mParameters.noise=1
mParameters.alpha=1
mParameters.beta=1
mParameters.sc_type=SC_MTL
mParameters.l_type=L_EMPIRICAL
mParameters.l_all=0
mParameters.epsilon=0
mParameters.force_jump=5
mParameters.kernel.name=kMaternARD5
mParameters.kernel.hp_mean=[1](1)
mParameters.kernel.hp_std=[1](10)
mParameters.mean.name=mConst
mParameters.mean.coef_mean=[1](1)
mParameters.mean.coef_std=[1](1000)
mParameters.crit_name=cEI
mParameters.crit_params=[0]()
mY=[200](-23.61520099,-19.5308747,2656.624576,1782.519899,-29.42698914,688.2219512,-47.34719191,-1.480248062,-30.68171824,717.6581424,-4.263312164,2569.04182,56.50690506,31.95812734,-9.790473344,-23.22638,-30.92958647,-15.4839662,11.30782509,-32.19342787,-20.3617947,-14.86761944,-3.111699921,1507.705575,-48.98323976,-17.36591258,-39.52686292,-26.08785236,2516.164247,-23.74302453,1703.247407,-19.91977309,-19.65952779,-3.976681393,459.273197,-23.41294878,23.35744989,55.6960212,19.84379254,-1.166195083,3.374906136,32.69887115,-44.61266602,-36.84259312,29.65772661,-46.10620757,18.01378304,39.1013304,-38.1690635,2973.438927,29.76126038,-17.42691096,22.16223538,1.039450906,32.21914896,11.58985994,2.369987186,449.0377634,2.027423319,-37.32526743,-25.02728824,-47.79874097,-1.41318909,17.27004388,25.41557208,260.8485911,-6.291571806,20.37303828,50.07667242,-2.640758444,-39.9048613,2682.988952,-30.75489084,31.59771149,24.31106712,12.12217955,138.687602,-12.77319182,2.622781242,2725.085987,22.06731649,243.8734273,366.5817092,-16.64879575,18.66944681,5.488790596,-43.43495387,25.16017996,5.656216428,-29.19377036,6.622210054,41.92210173,12.44440923,-26.74093859,33.21936126,-35.03191863,-21.51619285,-0.9502380563,16.96827937,-14.23185209,-41.16543662,-43.73824041,-44.4195379,-41.78671863,-46.23355327,-41.52949904,-40.63267078,-49.27362521,-41.95359923,-47.01884532,-29.29026831,-34.16964628,-43.37017768,-41.27864638,-46.35359161,-39.59137114,-39.90200535,-43.08862612,-42.80818514,-46.46211798,-40.59940996,-30.79776796,-33.08497251,-41.48839738,-41.24909385,-37.0075467,-40.45767169,-39.49829181,-42.30248995,-42.02092461,-38.66571195,-37.50712812,-44.38104744,-48.22031256,-28.28887702,-44.14785782,-36.97062475,-43.25673592,-32.92393041,-45.55503291,-40.70084111,-27.96838736,-47.23667527,-40.01627944,-28.25950161,-44.1494982,-43.29388411,-31.30959425,-43.99259391,-37.21325964,-41.51765953,-45.84155974,-38.73340668,-43.23015723,-23.37658336,-46.44164562,-47.0039683,-37.20376193,-40.07223317,-32.75848122,-47.56775968,-41.43407464,-45.71847032,-45.54828502,-42.6790433,-36.32682392,-46.29742031,-44.84368097,-25.7889324,-45.66745702,-44.42108381,-18.13694689,-47.10680051,-36.13156108,-39.60828442,-46.50019765,-36.44027103,-46.65812615,-37.82042712,-45.83707235,-45.09115957,-33.55518574,-36.11981452,-41.58452788,-35.19882829,-47.52892372,-45.81131664,-36.08307294,-20.31796485,-45.19245443,-23.36699251,-46.70474387,-42.70689392,-36.22380979,-36.24918928,-45.06795491,-42.47442615,-51.47021845,-43.87617189,-39.95007241)
mX=[200,3](0.729247482,0.4180721684,0.2206808271,0.5844704966,0.1357798008,0.5992598745,0.02500052915,0.09963396493,0.08168778314,0.5534309437,0.2751571968,0.02955375744,0.335685793,0.6204996821,0.1186347096,0.2753167924,0.00850376914,0.2696854458,0.09415060431,0.4967476656,0.3562602682,0.4594832382,0.8432455359,0.3985497525,0.4359970945,0.2614599009,0.4130038154,0.01743825599,0.05907143179,0.2396255636,0.2583228877,0.8257344578,0.1867134156,0.791633393,0.1648599849,0.0304366785,0.411087043,0.9963087602,0.8774682716,0.1414183236,0.3598902668,0.2095433624,0.1866255928,0.5876724803,0.1382834821,0.9045202786,0.6373147403,0.6073051602,0.6927445023,0.6051128683,0.569555615,0.9313166275,0.4248172561,0.7406871115,0.6483799409,0.8901459295,0.5713940236,0.07714105283,0.1987435685,0.5172770315,0.7803609005,0.2909739519,0.4032650972,0.6818478028,0.0260786239,0.6899122165,0.4899127709,0.6854713959,0.7139619787,0.3926457802,0.07416690527,0.1553601045,0.3754782346,0.5019049797,0.3393930274,0.5379736865,0.7505033785,0.4444512732,0.000793737839,0.4758135644,0.5445027313,0.8354028439,0.566935202,0.645467082,0.7660778394,0.1450665154,0.04824400158,0.8057532951,0.4306007475,0.2576194665,0.3699601575,0.107345804,0.1200985957,0.65813475,0.3147375254,0.7212435244,0.71776368,0.7723689164,0.2839801285,0.4792105299,0.255188126,0.3628954967,0.8990049125,0.2062642857,0.1943100304,0.7458452991,0.2496635093,0.6719807182,0.04959412299,0.9371775479,0.1479530075,0.3254656041,0.9678399556,0.9029191856,0.6063817573,0.8368500826,0.7656696306,0.216490591,0.6948594823,0.7068287929,0.6197213083,0.7191998397,0.7541067241,0.06770890401,0.3647686287,0.990797634,0.3817616605,0.5494497479,0.3771664665,0.4699549978,0.5357174505,0.5560788367,0.7058110283,0.9820800363,0.4691840374,0.0312353753,0.5131194498,0.2932138235,0.4232253965,0.08017451048,0.9342826907,0.5018409444,0.662365438,0.9849997225,0.2488652928,0.6132118009,0.4323197271,0.5270644699,0.06547028031,0.05633239784,0.9819587933,0.5211543074,0.9752763112,0.5196747608,0.7903174697,0.1657085879,0.7336004267,0.4007881173,0.9487840876,0.6622016386,0.8602266863,0.4905120135,0.4928518687,0.9298083798,0.06992490909,0.5449894311,0.03353201156,0.5272321684,0.2892355672,0.8570777001,0.3049095822,0.2692689757,0.8764020783,0.01552449417,0.9196242636,0.2830350353,0.8463048894,0.7787847601,0.3278215629,0.5016993666,0.2906834255,0.1166767489,0.5879523952,0.8553353352,0.5542766212,0.3193049743,0.0527255767,0.3362412714,0.8266131878,0.824195601,0.4411523286,0.9194805716,0.311302063,0.9434515572,0.1770653279,0.1987825869,0.3938862305,0.07661417137,0.5732726823,0.4647931091,0.791622178,0.7563882962,0.7329967189,0.8585682389,0.1579474584,0.8188499218,0.9695885339,0.1122250252,0.575845529,0.7711020177,0.1209370306,0.5948823758,0.4217920691,0.08078161296,0.1874044436,0.009002531657,0.4016004495,0.6587716772,0.1018023229,0.1088140157,0.7264552917,0.899285665,0.6341508175,0.9150697091,0.6983308424,0.5600554626,0.4810433998,0.8853014803,0.34977578,0.2197604073,0.2453781227,0.5988360364,0.7834480005,0.4719220559,0.9733974943,0.8023397628,0.6685833461,0.6231504689,0.01124076854,0.09821606409,0.4414667005,0.303645276,0.9508920497,0.1642259672,0.1295734108,0.2783626058,0.8833859586,0.04052589565,0.321750981,0.8436978003,0.1569282151,0.6181670169,0.2071308033,0.8878682224,0.6376240953,0.2326227203,0.2279791238,0.8697456184,0.3068491303,0.3451343255,0.3879567008,0.9699255069,0.9043113587,0.7379824318,0.9436958209,0.7057087148,0.7888050352,0.9262549691,0.3828174367,0.3477070973,0.810658875,0.6771597399,0.8079356771,0.8739743436,0.9554754658,0.8346304797,0.9520690473,0.1757074912,0.4848492377,0.2218823064,0.6468380258,0.5377242364,0.8616285232,0.9722808714,0.658073685,0.3500542058,0.3793528668,0.6247632633,0.6744324443,0.7490488873,0.2100238747,0.1379207844,0.450053908,0.810692002,0.9934434021,0.2380374413,0.92684021,0.1747519602,0.7653645728,0.4559056574,9.642522259e-05,0.6007445056,0.2425987251,0.000107046315,0.5974049397,0.2442362731,0.719439314,0.5878769265,0.2491497675,0.0996621583,0.4722916996,0.2990683609,0.7202853406,0.5610556957,0.2592748541,0.9999760119,0.4581180225,0.4583071277,9.629972186e-05,0.4363790643,0.3255255329,0.7690383122,0.52360827,0.2907200526,0.9123266782,0.641176064,0.222012483,9.71940299e-05,0.4085039199,0.4653819984,0.9999780007,0.3623850485,0.5652890307,0.9999780022,0.4535194066,0.3369603749,0.6045287586,0.5826690465,0.2443079123,9.691771848e-05,0.3356610237,0.5645379601,9.697366698e-05,0.4210376477,0.4156634692,0.9999778755,0.4975275266,0.4641040393,9.321751869e-05,0.6447504276,0.2177994819,9.625771388e-05,0.5458639795,0.2717664948,9.703472025e-05,0.4224038236,0.3341683807,9.689173118e-05,0.3829176773,0.492256224,0.9999780462,0.4659979517,0.3214437569,9.705115788e-05,0.4017562519,0.638173861,0.9999781926,0.398278186,0.5387064856,0.9999772293,0.6349841162,0.3325476542,0.9999779805,0.4480010165,0.4044844138,0.0001006737416,0.6509931072,0.2129808546,9.714008085e-05,0.523745651,0.279668826,9.70735286e-05,0.4101542407,0.3626840105,9.706758593e-05,0.5003612655,0.4771840115,0.8997149661,0.574038408,0.2687447405,9.725456937e-05,0.2964603067,0.5779352669,0.9999780301,0.5827470096,0.4826053446,9.692312702e-05,0.3612122364,0.4683104555,0.5827789045,0.4923657668,0.2920402693,0.9999781438,0.3858378835,0.6164932453,0.8789451232,0.4411078072,0.401633962,9.599838338e-05,0.6455825563,0.3151392951,0.2354416776,0.4373381889,0.316430884,0.9999779245,0.3756126185,0.4931146008,9.698970258e-05,0.467414289,0.4154600041,0.9999780284,0.6037941148,0.3875114482,9.697798761e-05,0.508905937,0.6234994639,0.6008789546,0.5023238628,0.2841640861,9.728514341e-05,0.5270897878,0.5014096544,9.697730811e-05,0.2596063456,0.6695772253,0.000104450254,0.3218357299,0.534363516,0.4878891539,0.4212270786,0.3337472805,0.0001078987089,0.6537314721,0.2062954288,0.6065372603,0.6168728389,0.2234731748,9.079302892e-05,0.6199183498,0.3297137489,0.8056080389,0.6010494525,0.2487272531,9.719904428e-05,0.4076930338,0.4124908084,0.9999780791,0.4924784756,0.52741114,9.707349216e-05,0.4103218283,0.5396745698,0.9999779807,0.2877888869,0.5841552558,0.5771915666,0.4949622213,0.2901218998,0.657035238,0.4951022226,0.4118932617,9.757529379e-05,0.6598015653,0.2048663926,9.905628964e-05,0.5390935888,0.2599175229,0.9999780066,0.6272424902,0.4968671569,0.5961211293,0.3892295736,0.4522110331,9.90512643e-05,0.5380203391,0.4569151038,0.5293841612,0.4214587143,0.3367966437,9.710270238e-05,0.546025142,0.3623662726,0.0001059721349,0.3211436039,0.4926228135,9.707340599e-05,0.2799550724,0.6023849191,0.9999780462,0.5289496304,0.375154603,0.0001061411504,0.4062360299,0.3599058002,0.9999779479,0.4575008074,0.6607478427,0.6032977676,0.5012331561,0.2856533158,0.4298357922,0.4479166418,0.5126072089,9.116962152e-05,0.68010278,0.5741089765,0.6673048246,0.4108571661,0.4256945575,0.9999738408,0.6623059105,0.2042615604,0.9999883773,0.6528896865,0.2838235687,0.5782936175,0.4846856351,0.299462894,0.9999780148,0.6161381219,0.4153860948,0.5889883991,0.5767178498,0.2338951003,9.228628951e-05,0.4495315415,0.5734282493,0.2083421383,0.482760293,0.4445712144,0.7898016505,0.42273321,0.3568555874,8.194515305e-05,0.6661156812,0.2047951321,0.6591956067,0.3035496488,0.5415470706,9.449888763e-05,0.5411631652,0.264046376,9.710032477e-05,0.6401473497,0.3595798857,0.534853769,0.4624019237,0.4912053102,0.1956654738,0.4775609256,0.3852367622,9.708745539e-05,0.5977897169,0.4870617927,9.709862963e-05,0.2244683599,0.7290847695,9.700314073e-05,0.3601710546,0.4427564897,9.079340219e-05,0.430335141,0.6838837885,0.5167411011,0.4585558325,0.3097804982,0.5458797389,0.5889030713,0.2992802634,0.9212249091,0.4763117607,0.5708295492,9.702479975e-05,0.2798231987,0.6121656119,0.760444385,0.401850871,0.4420466412,0.0001033226097,0.4704634972,0.3026219847,0.4781739561,0.4920771279,0.3899443366,9.708974568e-05,0.4053607354,0.5227693703,9.707965593e-05,0.3888344663,0.3703414519)
