mCurrentIter=50
mCounterStuck=0
mYPrev=-1.756789889e+13
mParameters.n_iterations=50
mParameters.n_inner_iterations=1000
mParameters.n_init_samples=50
mParameters.n_iter_relearn=1
mParameters.init_method=1
mParameters.surr_name=sGaussianProcessML
mParameters.sigma_s=1
mParameters.noise=1
mParameters.alpha=1
mParameters.beta=1
mParameters.sc_type=SC_MTL
mParameters.l_type=L_EMPIRICAL
mParameters.l_all=0
mParameters.epsilon=0
mParameters.force_jump=5
mParameters.kernel.name=kMaternARD5
mParameters.kernel.hp_mean=[1](1)
mParameters.kernel.hp_std=[1](10)
mParameters.mean.name=mConst
mParameters.mean.coef_mean=[1](1)
mParameters.mean.coef_std=[1](1000)
mParameters.crit_name=cEI
mParameters.crit_params=[0]()
mY=[100](-1.309788647e+15,-1.079348093e+13,-5.021896292e+12,-4.351427747e+14,-6.450599383e+11,-1.170037893e+13,-5.142593694e+15,-9.473700894e+13,-1.66793809e+13,-2.112723885e+14,-5043960.476,-6.660622629e+11,-3.483106035e+13,-4.595174168e+14,-5.119538405e+14,-3022369.662,-6.168226223e+10,-108313.345,-1361981659,-2.59471719e+16,-8.716979915e+15,-1.578614773e+12,-7.775426639e+13,-8.820108438e+12,-2.878284981e+13,-5.570680615e-05,-1.75974197e+15,-1.387494465e+13,-1.825421636e+15,-9.412414711e+12,-9.105623129e+12,-4.009893412e+15,-3.485652783e+14,-1.68894746e+13,-6.03189061e+15,-2.450166449e+12,-1.199669028e+14,-4.825794623e+14,-5.71350782e+12,-5.135299356e+14,-2.028182098e+14,-1.749224975e+11,-1.804735849e+11,-8.117626629e+14,-1.284536663e+15,-9.982675543e+11,-2.187321561e+13,-2.139873688e+13,-2664003228,-3.647100941e+13,-1.569215088e+15,-9.867503238e+14,-1.565801471e+14,-7.293367164e+15,-9.736017658e+14,-7.166249662e+16,-7.37483584e+15,-3.110682031e+15,-2.611585843e+14,-5.225069883e+12,-1.390233795e+11,-7.050274854e+12,-3.871536464e+14,-8.282897657e+12,-1.350316206e+13,-5.615907257e+13,-8.924257345e+13,-3.382234841e+14,-6.653001969e+14,-9661126086,-46280109.56,-1.616455117e+15,-515635908.4,-2494230692,-6.356526474e+13,-1.421915255e+13,-7.924662525e+11,-4.534993002e+15,-2.381338204e+13,-4.423106556e+14,-8.279272214e+13,-3.362810878e+13,-615999260.3,-3.742950687e+15,-17478537.27,-2.258906161e+13,-1.777545496e+14,-3.382139938e+12,-8.147109766e+15,-4.10257395e+15,-3.960180514e+13,-6.683128865e+14,-1.283608526e+12,-1.206964021e+15,-3.023034406e+14,-1.228704055e+15,-1.079744926e+11,-2.476603444e+12,-243157.5358,-1.756789889e+13)
mX=[100,3](0.3718720729,0.67287577,0.440697425,0.5788121612,0.9893805088,0.869541057,0.1280284911,0.9600193738,0.3114003169,0.2190945672,0.7906962971,0.2088401801,0.1910715694,0.4952642635,0.2202336773,0.6938426396,0.1556013949,0.6159543258,0.2993582707,0.5645253437,0.6486904067,0.7219073432,0.6910610466,0.8886396102,0.9624940643,0.4412173599,0.7867626253,0.4646853757,0.943164385,0.5854298931,0.5505212349,0.2329533722,0.1130992955,0.6473814781,0.1215173256,0.4336005747,0.7799341976,0.2907677493,0.5200243909,0.443358143,0.7508248458,0.473924644,0.7913834533,0.7045567433,0.3753800682,0.9449683377,0.02845536605,0.2859601195,0.8489675269,0.3981057452,0.0123793732,0.3291690696,0.0729731326,0.1633837092,0.05275342965,0.4218245482,0.02928177442,0.6677000593,0.4182580404,0.807610301,0.6054383014,0.5078134078,0.6299465387,0.5105632579,0.3161133156,0.1240258133,0.9249785964,0.6218126049,0.5448482794,0.3097468973,0.1729104932,0.5691106579,0.3913952823,0.9032838968,0.1938624865,0.8217128655,0.006722404086,0.05266048397,0.6236785473,0.3745857634,0.4098831446,0.01043013922,0.8057887515,0.8338125701,0.3466503145,0.5393140707,0.4898344432,0.09261698775,0.9327116509,0.2728009574,0.06403431597,0.08525262338,0.662115278,0.4318048094,0.3552439208,0.7456161096,0.7429940134,0.8258099606,0.06028961292,0.1677027189,0.7650111638,0.7255763927,0.5292583304,0.3359901695,0.6934160564,0.876764055,0.1012227205,0.7195924323,0.891443432,0.8804147589,0.0805562514,0.4920640407,0.5470282975,0.8413189306,0.7181459693,0.2444129724,0.3349997266,0.2283712084,0.05332664948,0.9523970129,0.4087329197,0.6163473052,0.9016588735,0.2595589091,0.2602515029,0.257511411,0.1011910993,0.215963281,0.5007190698,0.5937960357,0.723331439,0.9873259213,0.8148846536,0.8485402858,0.7754743445,0.03084764239,0.8713313658,0.9703240344,0.9956082812,0.6431306577,0.9211088629,0.2671922163,0.4757322455,0.3851608943,0.1449210704,0.1834915615,0.3516739919,0.9158035818,0.5869425515,0.1592011768,0.6812857244,0.4116950936,0.9117050867,0.6791633095,0.4196846275,0.7693170997,0.2382621129,0.2150913344,0.8091781123,0.6691756792,0.6735192964,0.8098901735,0.6674060439,0.3995988916,0.807006424,0.6677483461,0.4179760984,0.8077082018,0.6674760454,0.416770923,0.8089999807,0.6692786036,0.4180269522,0.8061824766,1,1,6.938893904e-18,0.1380458132,0.7496076052,0.1670894616,0.01300023121,1,1,0.1380458132,0.7496076052,0.1670894616,0.1446553808,0.1666666667,0.75,0.9430936357,0.4186212537,0.8087753117,0.1380458132,0.7496076052,0.1670894616,0.1446553808,0.1666666667,0.75,0.9434980866,0.4194234165,0.8090130853,0.1446553808,0.1666666667,0.75,0.9869541868,0.7496076052,0.1670894616,0.7462015715,0.1559406122,0.1559422367,0.1685658809,0.1559406122,0.1559422367,0.1446553808,0.1666666667,0.9583333333,0.1685658809,0.1559406122,0.1559422367,0.1685658809,0.1559406122,0.1559422367,0.1446553808,0.1666666667,0.9583333333,0.1380458132,0.9581371359,0.1670894616,0.1446553808,0.9583333333,0.9583333333,0.5764630169,0.9569944972,0.168246608,0.9439859593,0.4187146979,0.8078393549,0.5764630169,0.9569944972,0.168246608,0.942593823,0.417035109,0.8071105338,0.9441052096,0.4192545537,0.8083480177,0.486224433,0.1559406122,0.1559422367,0.8072417069,0.9581371359,0.1670894616,0.486224433,0.1559406122,0.1559422367,0.4559774282,0.9583333333,0.9583333333,0.5199542771,0.75,0.05555555556,0.9438085872,0.4175347099,0.8089056732,0.4559774282,0.1666666667,0.9583333333,0.7300457229,0.75,0.05555555556,0.4427582931,0.7496076052,0.05569648719,0.7737904889,0.7505847322,0.05534554447,0.4427582931,0.7496076052,0.05569648719,0.4559774282,0.1666666667,0.9583333333,0.7940225718,0.1666666667,0.9583333333,0.4559774282,0.1666666667,0.9583333333,0.7462015715,0.1559406122,0.1559422367,0.9877154791,0.9336383944,0.9572343762,0.9693389763,0.1603241627,0.1565183596,0.9877154791,0.9336383944,0.9572343762)
