mCurrentIter=100
mCounterStuck=0
mYPrev=-39.59783431
mParameters.n_iterations=100
mParameters.n_inner_iterations=1000
mParameters.n_init_samples=100
mParameters.n_iter_relearn=1
mParameters.init_method=1
mParameters.surr_name=sGaussianProcessML
mParameters.sigma_s=1
mParameters.noise=1
mParameters.alpha=1
mParameters.beta=1
mParameters.sc_type=SC_MTL
mParameters.l_type=L_EMPIRICAL
mParameters.l_all=0
mParameters.epsilon=0
mParameters.force_jump=5
mParameters.kernel.name=kMaternARD5
mParameters.kernel.hp_mean=[1](1)
mParameters.kernel.hp_std=[1](10)
mParameters.mean.name=mConst
mParameters.mean.coef_mean=[1](1)
mParameters.mean.coef_std=[1](1000)
mParameters.crit_name=cEI
mParameters.crit_params=[0]()
mY=[200](53.52397208,31.84667248,1167.878607,-8.810115701,50.4798207,20.28455838,-1.381877129,7.516383916,50.0490352,-7.18818116,34.34350532,-17.31075486,-8.828864684,26.39620498,-5.964230217,-31.57073128,1247.63514,-10.28129821,-12.10757579,21.58649081,128.331311,-33.26042909,43.01859339,-6.630043605,2238.133717,-17.67841075,21.35980862,-6.902544221,-26.63936432,-32.55043104,-1.884282239,-20.43803711,-33.35222759,6.602436018,-26.30012595,-43.28359024,-27.62169208,-15.66594122,10.37464463,81.40973913,19.06653438,399.6927576,-30.28696173,35.97480713,-28.33852504,-30.7573664,12.52001526,51.78290271,3.208801321,-3.299267672,-31.65133625,201.6690652,44.34508761,36.27181366,9.485219643,13.32753284,-36.3455571,4.966176208,15.45929457,35.45049573,-43.50248667,26.10502692,-31.68694293,1894.0866,-12.29677454,178.08768,18.57554311,15.33852195,30.71547811,25.56169892,-37.54080885,-18.15984884,50.90841889,-20.45647414,-28.219266,-14.76396714,-35.55290775,-34.50068196,13.42642148,19.54961491,-0.2473834551,-23.67855908,-19.13760444,-27.76437503,31.25798269,-30.58151482,15.95679817,26.00786247,-1.730554858,-18.82076195,29.79306929,27.24557497,515.6830338,104.0903534,459.8184549,29.76605956,25.11751823,20.46552498,-6.69907252,7.732031206,-41.34065184,-39.18101497,-39.57695863,-38.83037163,-43.42179033,-33.86290611,-39.15434883,-29.14801103,-32.63480077,-39.84954953,-41.93332412,-41.88544359,-38.59385036,-35.04114609,-34.82033334,-43.12401374,-37.46158007,-27.39541582,-38.88406139,-29.30255509,-41.309642,-14.08250428,-39.52798614,-38.6881716,-39.02878473,-40.80587069,-29.08146694,-27.02779126,-41.73816257,-36.63764663,-36.50856497,-38.9860566,-34.42296811,-39.13068868,-36.61502333,-28.0222395,-36.88951846,-35.06908694,-43.42242422,-38.19261083,-23.35533129,-41.9607395,-43.87622463,-38.70250922,-41.69610084,-38.16650761,-38.82470801,-35.46159393,-44.07164767,-36.69854175,-32.14783618,-41.0666465,-14.73028562,-41.98133663,-35.96515076,-40.80500723,-41.21433887,-38.06270673,-27.19645384,-34.38450945,-37.28393795,-34.72175488,-39.93648633,-38.10298932,-39.76648567,-42.73459328,-31.52712463,-37.12029177,-41.16220551,-38.53164504,-37.69079836,-39.03143793,-32.03048814,-19.89393244,-42.41640373,-30.05871921,-38.61174547,-37.75866124,-43.9053847,-43.55665989,-40.78325751,-39.05892943,-34.85079871,-44.50819534,-38.87252309,-33.7278471,-34.19125281,-42.57478015,-30.15555289,-40.60410387,-45.67130855,-15.22192499,-44.1876011,-38.68515577,-33.79750685,-35.86213322,-36.57564856,-42.67939794,-32.37314758,-39.59783431)
mX=[200,3](0.9760652248,0.4126376394,0.1304386755,0.0697861825,0.9645018556,0.17363976,0.7425870471,0.3958904236,0.008269904805,0.8377347785,0.3739657527,0.7493641319,0.6515258408,0.9974085563,0.7712056041,0.2060581032,0.899888951,0.07238043079,0.163283652,0.01921156887,0.7852735948,0.5831757933,0.8641143625,0.3669771118,0.5729776674,0.846449965,0.04833577595,0.5611798685,0.05074660502,0.6129515995,0.6267497041,0.2397863413,0.9871156523,0.6379113335,0.6830856761,0.5495754365,0.4319468283,0.7326130665,0.05115303999,0.5177156466,0.9256688063,0.5316451525,0.002176247432,0.4434346572,0.7532903495,0.2306392053,0.2204634151,0.440156112,0.8739536368,0.1388541969,0.1468024367,0.284833309,0.5129034123,0.7193258638,0.6670534856,0.1165977934,0.6720532914,0.2720248267,0.9113624868,0.2611584841,0.9541352859,0.3186609016,0.2084114787,0.1434929897,0.6135340066,0.2755050303,0.04221967555,0.4577094408,0.1280774463,0.7646735822,0.7775122872,0.167777291,0.3156355256,0.179580139,0.02150016947,0.07567052502,0.6634558067,0.08099313182,0.4094468507,0.8241313738,0.7299506467,0.9117563594,0.7859597419,0.06443609842,0.1395439543,0.5312544767,0.5714733334,0.106669612,0.5619317044,0.1534007305,0.1131244641,0.1262155999,0.8022660577,0.6021528567,0.7051427311,0.4643151453,0.7222279443,0.5273543225,0.5582029341,0.8443405331,0.3078255181,0.842691223,0.9018342097,0.3676010353,0.6091249244,0.2481185219,0.401778797,0.3746516892,0.8196528841,0.5598815505,0.5837780963,0.689882646,0.711492731,0.523000951,0.556680106,0.108022368,0.8650921609,0.9975347787,0.160597439,0.4072478908,0.4794757524,0.3383735623,0.9128661945,0.1599464774,0.007170116988,0.3196338121,0.1761513705,0.6255048438,0.2342974557,0.6768996934,0.9837903637,0.2170107862,0.3924190474,0.4764821497,0.6212474435,0.1996794631,0.296969529,0.6402120009,0.9201745466,0.2191373855,0.8752696897,0.3550701458,0.7665616601,0.9764125698,0.4566617941,0.8358550941,0.1134063703,0.2552652836,0.3896536071,0.7914320889,0.7048516522,0.6595825231,0.3458350483,0.5938625756,0.2860987961,0.1814821656,0.3885929876,0.06894355469,0.4526636796,0.9482570373,0.9742255096,0.6327506538,0.6973557575,0.5714804229,0.8310383446,0.7173435386,0.202550218,0.3982754273,0.7534211019,0.4208969044,0.3305308946,0.3289514925,0.8111330757,0.5655039168,0.8092345155,0.02636607818,0.8917517904,0.3713649647,0.1801481168,0.9933707815,0.7317723511,0.5455100544,0.3585884559,0.7773855467,0.9549884731,0.3801533926,0.6478042979,0.4684409239,0.5992049964,0.3085287612,0.152112859,0.09982230135,0.3481171196,0.07905078399,0.6998635867,0.411093927,0.5021929941,0.03806999027,0.8668079272,0.1422800356,0.9081797789,0.2146561851,0.3421300934,0.8874659404,0.8839816815,0.272274376,0.9681908353,0.08186070623,0.3255249033,0.9329476199,0.7910161155,0.4949187523,0.2239739522,0.1870284928,0.7204683997,0.4326108172,0.05184770293,0.9372267814,0.8520224508,0.02994672785,0.2556774797,0.7043652149,0.890679227,0.6315985141,0.5049916885,0.9634834271,0.7555596841,0.2472857761,0.5071411369,0.4351741346,0.2875301348,0.3632093455,0.5913627049,0.1960805105,0.2635468803,0.8006130082,0.6697817116,0.8240933103,0.8750879169,0.6597669427,0.4449063249,0.1907324306,0.8118047293,0.5273876614,0.673445679,0.412580476,0.4893896599,0.4878194883,0.6815011884,0.01871854566,0.6034960796,0.4855437531,0.5470780162,0.8852192899,0.7315332893,0.619696298,0.2478558189,0.5160147276,0.9340062346,0.9013454347,0.1083597888,0.4608333054,0.9418714193,0.4944693346,0.1286972661,0.09716958885,0.47639097,0.2204427338,0.7412266312,0.3037187167,0.2933477276,0.3530536668,0.958735558,0.7823824246,0.5816915883,0.9258008409,0.8571265031,0.8547369941,0.01372072667,0.9860903813,0.04369547948,0.4292531221,0.03530601359,0.08029865293,0.2531807481,0.495081548,0.2641014677,0.2928740395,0.5322276481,0.03850588798,0.9421791011,0.3322152672,0.6942635864,0.8280418553,0.4265129798,0.7989450728,0.3290657624,0.09315328245,0.646825032,0.7616379554,0.9999903631,0.5400412381,0.2780523775,0.8776921937,0.4203514097,0.4270592044,1,0.5370489334,0.2786568227,9.037891123e-05,0.5104526982,0.3175536455,9.705198016e-05,0.3920098352,0.4629807172,0.9999781096,0.4568037746,0.3735249868,0.4240701507,0.559293878,0.2401460218,0.9999779701,0.3753021397,0.4740019243,0.0005165337152,0.6637708505,0.2015317264,0.9191022372,0.5240246576,0.3007304356,9.68919566e-05,0.4621986037,0.3858728494,9.76941552e-05,0.332466769,0.5192268032,8.764270308e-05,0.5507671432,0.2727970793,0.999980944,0.6221430192,0.2159357387,0.9999779794,0.475027641,0.3333934879,9.717629183e-05,0.4118594535,0.4454781909,0.0001081730226,0.2791901879,0.5566754353,9.693697987e-05,0.6722051965,0.1962611695,9.176248361e-05,0.5042298453,0.3162809974,0.9999780477,0.3912540461,0.440274838,9.690560744e-05,0.4818490112,0.4357159239,0.9999780923,0.2691891906,0.5689090944,0.999978864,0.5972742592,0.2284182489,0.9999823472,0.5640880369,0.2498736531,0.5539085762,0.5038824813,0.294803149,9.682120927e-05,0.3809885667,0.5063906707,0.9810310858,0.4360202421,0.3681779605,9.694083991e-05,0.6726378608,0.1945054359,9.700728976e-05,0.3732036698,0.4206686629,8.648111045e-05,0.5499380186,0.26536045,0.9999760902,0.5001954687,0.4560275232,9.709897263e-05,0.4684135835,0.3563895226,1,0.6070838815,0.1946041315,9.688216943e-05,0.3991890726,0.5313615309,1,0.5420057611,0.2899423719,0.9999844349,0.3460305649,0.4924916912,9.700830194e-05,0.5126780281,0.4434314754,9.70333298e-05,0.2301457284,0.5839215276,9.699236083e-05,0.336344667,0.4563324093,0.4890075558,0.5625723365,0.2435432035,9.710873393e-05,0.6901957767,0.186932272,0.5860788379,0.4604755791,0.3292317384,0.4147228158,0.3935774011,0.3926409084,9.707389989e-05,0.4541054949,0.5115973352,9.698190562e-05,0.3013397526,0.5057415166,0.9999780033,0.5312068371,0.4099142846,0.162314606,0.5354391221,0.2658037939,9.703238187e-05,0.3560990584,0.5919919217,0.4155837223,0.3992100931,0.3918726964,9.707256535e-05,0.5408432023,0.3753521584,0.9999779768,0.4319967906,0.5091691042,0.9999769385,0.4932640147,0.2909174687,0.999978009,0.2500495488,0.6485400441,0.0001098695324,0.3489747045,0.4496154096,0.6326674641,0.6320606141,0.2015058771,0.5545366432,0.5315421933,0.2589946294,0.383151967,0.451210943,0.3395518727,9.015388286e-05,0.4856935497,0.4863517333,0.9340923316,0.3918067104,0.3969212079,9.70422176e-05,0.2313377244,0.5597155134,8.993398786e-05,0.3835198331,0.5591608334,0.1119170967,0.5775196776,0.2350409679,9.785111596e-05,0.3216586495,0.478756891,9.68808862e-05,0.4507509403,0.357061762,0.9999841851,0.5606912003,0.3631825261,0.5743012045,0.4848062796,0.4646600882,0.8371969464,0.3267266636,0.5094689429,9.698189295e-05,0.5529751414,0.3934860337,9.700046499e-05,0.4012775578,0.4169727657,0.9698079881,0.5029806804,0.2803416722,9.702103741e-05,0.4681411093,0.5082161842,0.9211888998,0.4802383061,0.3036836019,0.9029414685,0.6522919421,0.1968785611,9.071361256e-05,0.7119331834,0.1843123722,0.4442728274,0.5509023789,0.2460400793,9.676736923e-05,0.35402085,0.623702644,0.3863128258,0.4894977364,0.2958452404,0.9999779851,0.5275610403,0.4556996223,0.4636149907,0.3660524891,0.4420958497,0.4170089947,0.4637317421,0.4012461089,9.738315736e-05,0.2951884548,0.5081842067,0.7615653854,0.4031402643,0.5302305596,0.9999789875,0.4517178779,0.3350140666,9.700201384e-05,0.4276192215,0.4616770335,0.2387076982,0.5716751725,0.2312051762,0.1751715817,0.5850408518,0.3304988385,9.770348856e-05,0.5381839495,0.502007106,9.704035255e-05,0.4176883792,0.3845791939,9.689801508e-05,0.2055586784,0.6091776595,9.686949264e-05,0.3773934449,0.530960135,0.511062368,0.3546983112,0.447829211,9.707298629e-05,0.6130229292,0.615759132,0.5130290756,0.4788656254,0.4208534727,9.688441181e-05,0.2817104375,0.5096462154,0.9999779914,0.47129487,0.5122751938,0.4559727084,0.5397455288,0.2453361775,0.3671776764,0.4730745172,0.3104166008,9.779686862e-05,0.4093965309,0.4637357783,0.9999745155,0.5941559068,0.2209143637,0.7206610734,0.3836761957,0.4024569252)
