mCurrentIter=50
mCounterStuck=0
mYPrev=-0.09153809818
mParameters.n_iterations=50
mParameters.n_inner_iterations=1000
mParameters.n_init_samples=50
mParameters.n_iter_relearn=1
mParameters.init_method=1
mParameters.surr_name=sGaussianProcessML
mParameters.sigma_s=1
mParameters.noise=1
mParameters.alpha=1
mParameters.beta=1
mParameters.sc_type=SC_MTL
mParameters.l_type=L_EMPIRICAL
mParameters.l_all=0
mParameters.epsilon=0
mParameters.force_jump=5
mParameters.kernel.name=kMaternARD5
mParameters.kernel.hp_mean=[1](1)
mParameters.kernel.hp_std=[1](10)
mParameters.mean.name=mConst
mParameters.mean.coef_mean=[1](1)
mParameters.mean.coef_std=[1](1000)
mParameters.crit_name=cEI
mParameters.crit_params=[0]()
mY=[100](-0.2322185951,-2.850470856e+16,-7163.04587,-6.822536191e+15,-6.189226992e+16,-2.691502444e+15,-2.813359858e+18,-1.080923295e+13,-1.527587898e+12,-1731097153,-15282350.29,-1.070946592e+18,-4446.764108,-27.00829005,-1.277142687e+19,-5.187629024e+17,-2.06505399e+17,-2.530137893e+16,-5.593929534e+13,-1.226972094e+19,-7.696160695e+18,-7290070363,-1.644898517e+16,-4.715033037e+16,-5.13296809e+16,-1.460092112e+16,-224552155.6,-9.251006768e+13,-3.81514703e+11,-9.940738556e+17,-6.814605399e+18,-1.058142465e+16,-3.156662941e+14,-304241.6184,-1.356607052e+17,-1.834030361e+13,-1.216491333e+16,-1.132702355e+15,-4.795240746e+16,-3.13865044e+17,-2.257867709e+12,-2.281595874e+15,-2.212683497e+15,-1.170501084e+16,-3.367377472e+14,-1.15032196e+13,-3.740196601e+11,-7.510342724e+11,-6.839252929e+16,-2033070279,-1.442445376e+14,-3.704613009e+16,-4.471298932e+17,-2.791384178e+17,-4.554018245e+12,-2.743916427e+12,-1.198653051e+13,-1.309215527e+14,-4.951284661e+18,-1.125933796e+15,-1.016792249e+15,-4.391131769e+15,-5.683047318e+17,-6.611131856e+16,-2.679807941e+16,-1.013486636e+17,-6.183919982e+17,-6.305434511e+17,-1.238210665e+16,-7.975284359e+15,-2.692707305e-12,-5.353913855e-16,-3.693567804e+10,-1.012075722e+11,-1.860595474e+15,-1.213392626e-13,-4.619641935e+17,-3.840000958e+15,-0.0001208458378,-6.456530937e+14,-4.082374564e+14,-6.195660133e+14,-2.387910869e+17,-7.248255249e-07,-4.512154698e+14,-2.757039549e+15,-4.467083914e+12,-5.663625951e+16,-0.1849403686,-1.04306524e+14,-0.0001458100739,-1157500.429,-4216815.517,-1.462860114e+15,-1.318644316e+15,-8.865406468e-14,-1.594487704e+15,-4.285930417e+11,-3.01340742e+16,-0.09153809818)
mX=[100,3](0.05161444488,0.1637586688,0.136607417,0.5159662353,0.787886737,0.4684813943,0.3325903492,0.2074481403,0.1533861677,0.5798637838,0.4114432587,0.3780466998,0.2477622276,0.5231391619,0.963413056,0.009057230344,0.9612784644,0.3982182217,0.4381418024,0.1203504188,0.7391102331,0.1604973978,0.8450204123,0.2227952378,0.870318529,0.3686182637,0.1917437142,0.7852596451,0.06388340063,0.3421068779,0.6846497996,0.509591569,0.08447113053,0.8896446126,0.3488652611,0.6378867751,0.3432944112,0.01745031463,0.2476230834,0.5487925385,0.5914682088,0.01805106715,0.9466271536,0.6553193909,0.7075383529,0.30489694,0.2913782834,0.6784517898,0.9111908243,0.7407397326,0.5873584841,0.2272695183,0.08719293739,0.9490091058,0.6138519257,0.1436721688,0.404841347,0.7678481792,0.4498036755,0.7922630477,0.7343273051,0.3323045999,0.8707859937,0.03544198994,0.1133703642,0.4248952494,0.7521110595,0.8311540609,0.8883873187,0.4875210117,0.6315868944,0.5753699586,0.1512910239,0.05885380414,0.8190281606,0.4501176709,0.8103032572,0.8595703797,0.3749268389,0.7079858333,0.03908138945,0.1015211452,0.6634935336,0.2134357836,0.08564878513,0.4209674298,0.3005726987,0.6687911644,0.6037111681,0.7544236167,0.8520611278,0.3157349495,0.5598710356,0.8248260067,0.2236733325,0.685286396,0.7167143003,0.902880987,0.1119999141,0.8186363071,0.5790518793,0.07762155656,0.6467749912,0.5401768616,0.9395909836,0.4118456985,0.9435944547,0.1656720894,0.5860219289,0.7393722432,0.2730479196,0.2676351487,0.8697241514,0.5316344244,0.9727775386,0.7610805748,0.8231611054,0.5229410302,0.2505233217,0.9128600576,0.0649846834,0.6855662092,0.4491386454,0.1293257365,0.9246424786,0.7721384307,0.4657480395,0.2624962979,0.3386384124,0.6214390623,0.8953764773,0.04419423769,0.3849849733,0.4650845434,0.4982672327,0.2000351775,0.9964756184,0.6423779762,0.9933680263,0.02540742994,0.5062177214,0.1864693518,0.1977394764,0.6076207794,0.9263417466,0.4979590627,0.9923337818,0.2859821627,0.3893112468,0.2816559569,1,1,1,1,1,0.7190526341,0.9353320541,0.5004451021,0.7609361587,1,0.6579261845,0.6931709319,0,1,1,0.01129431848,0.9415332769,0.9756921053,1,1,0,1,0,1,0.947936445,0.7447799689,0.6611095663,0.9440400803,0.002494915236,0.9998311404,0.9501441176,0.6374396859,0.02981169671,0.9459993178,0.02582720586,0.7362530904,0.7583797529,0.4175450522,0.8140606015,0.9456248962,0.6173778514,0.7778567309,0.9419929769,0.2777115465,0.7064850846,0.9469599935,0.6559539403,0.9587697969,0.9061118761,0.658933239,0.7085570608,0.946542928,0.6550180203,0.7078268089,0.02192953819,0.05675197004,1,0.02279786549,0,1,1,0.0326296951,0,1,3.857161608e-18,0,0,1,3.851859889e-34,0.05959963695,1,1.387778781e-17,0.01603140629,0.02105582916,1,0.9612211667,0.05906250551,1.526556659e-16,0.07290483586,0.04338800815,1,0,0,1,3.122502257e-17,0.06007776316,0.07068286844,0.9980814619,0.9781829154,0.9962826348,2.775557562e-17,0.5833333333,1,1,1,0,1,1,0.3574672387,0.03581301987,0.2703854385,0.02915248783,3.469446952e-18,0.5936085563,1,0.9458194688,0.9039251272,1,0.09444117389,0.02094270022,0.6428804436,1,1,0.3574672387,0.03479044532,0.5236279039,0.01733241104,2.081668171e-17,0.5862489459,1,1,0.08333333333,2.775557562e-17,1,0.3333333333,0,1,0.02530354016,0.3797571679,0,0.4360519111,1,0.1063321697,1,0.6139201692,6.938893904e-17,0.003024191763,1.387778781e-17,0.01800548489,0.1991037591,0.5591325147,0,1,3.903127821e-18,1,1,1.390509147e-17,0.0004512626779,0.5003733786,0.003199717221)
