mCurrentIter=100
mCounterStuck=0
mYPrev=-52.46253233
mParameters.n_iterations=100
mParameters.n_inner_iterations=1000
mParameters.n_init_samples=100
mParameters.n_iter_relearn=1
mParameters.init_method=1
mParameters.surr_name=sGaussianProcessML
mParameters.sigma_s=1
mParameters.noise=1
mParameters.alpha=1
mParameters.beta=1
mParameters.sc_type=SC_MTL
mParameters.l_type=L_EMPIRICAL
mParameters.l_all=0
mParameters.epsilon=0
mParameters.force_jump=5
mParameters.kernel.name=kMaternARD5
mParameters.kernel.hp_mean=[1](1)
mParameters.kernel.hp_std=[1](10)
mParameters.mean.name=mConst
mParameters.mean.coef_mean=[1](1)
mParameters.mean.coef_std=[1](1000)
mParameters.crit_name=cEI
mParameters.crit_params=[0]()
mY=[200](15.53846667,29.07221953,-48.58677167,9.817073471,11.42362324,462.9476023,39.38061843,25.32531236,20.76474898,2.580446807,-50.49404885,195.9154157,48.5893134,-21.16884622,1826.096695,-30.18802447,236.641099,818.2753685,-46.61233666,-9.543602957,52.80753299,2.456318983,-1.615592257,-32.79032719,-52.15035199,1686.552464,26.42668897,19.65742954,-47.10107425,-48.89511333,-19.43817549,-46.35373571,479.1503175,-2.272018875,66.05391603,-33.460154,202.6868336,26.80107357,67.23627087,69.07008794,4.916884404,-15.3350802,-0.01434962106,15.73781175,-32.53326308,-26.52276505,18.99561435,51.66058355,-11.00162955,-14.36724275,17.22814699,-2.029416979,-20.28628346,-10.03184942,1798.663171,-20.79576847,584.7513163,-22.90695153,1641.916047,14.12729853,51.5005236,76.33128208,2.528973865,-4.64054788,51.49660649,39.05256473,-40.37162826,11.19846558,95.86247411,18.55760679,-43.3084176,-38.83146629,-17.26032514,-44.72740527,-35.54351103,-4.948246931,192.8210088,43.65359545,-42.19904104,2206.102891,17.22011836,65.42806947,37.58133925,28.31491919,-15.04509969,1437.021007,145.3838836,-19.74405548,27.81481171,-7.363569547,-16.46614598,-34.26449032,162.1563222,-36.17015917,17.03034148,-18.56907577,160.3400724,26.08289416,23.99845543,1551.889843,-37.03072722,-39.66386357,-40.64551748,-39.58749785,-38.98291391,-40.00392665,-52.32469058,-38.65202794,-41.31178136,-48.56071409,-50.21444278,-45.03512707,-19.5126303,-8.931302311,-41.34748177,-35.09228968,-41.91807052,-50.37604904,-42.99247534,-46.95050298,-40.12244228,-38.4444411,-49.23710458,-43.8781834,-44.72145161,-41.81774609,-48.55710036,-48.37489046,-36.85189445,-35.6101386,-17.51451016,-33.65078836,-49.83372249,-18.64493942,-2.47888928,-38.24440652,-36.87692183,-37.17262683,-49.89385022,-45.11861757,-47.41147322,-49.20716997,-41.10174151,-42.30984417,-42.16061678,-29.86670788,-51.88941285,-42.07435904,-35.40647291,-50.16091031,-45.76950393,-40.5272569,-45.04388968,-48.81261041,-39.49630411,-13.37953434,-45.603317,-47.788202,-36.85432081,-22.52425119,-35.54664935,-43.28244533,-50.10024585,-46.71541224,-31.86029165,-32.44773398,-36.76648418,-44.24369659,-31.29321481,-49.60372206,-48.86278832,-47.9551193,-45.62205509,-40.81431941,-29.24261335,-38.03497233,-49.60063861,-40.91423547,-45.88139791,-19.21350726,-24.36275079,-34.86659154,-45.5251012,-48.60063008,-36.15350342,-47.39441637,-34.7281471,-45.45737655,-34.86555238,-48.98127602,-1.410317492,-49.61545357,-47.91851257,-42.52104016,-39.04142337,-50.37353618,-24.70206099,-39.89510102,-46.17926971,-52.46253233)
mX=[200,3](0.9632233028,0.9004700183,0.6591836891,0.7039439341,0.7631244171,0.924669537,0.1192538915,0.3953189152,0.3855293223,0.6590111584,0.7513539982,0.8055573227,0.6266497181,0.4165380483,0.9039762504,0.1434946328,0.1419144888,0.2098137934,0.6090030921,0.5500956271,0.06101200847,0.7587068598,0.8173703615,0.8699348562,0.7714163415,0.7172829695,0.8992214752,0.2566718143,0.8287653699,0.6492458668,0.2680797123,0.3855085463,0.4576457663,0.4363153992,0.003052710467,0.4443460582,0.2343868981,0.862771745,0.9734726149,0.05428096319,0.7272608664,0.4951504218,0.7821355576,0.02905265605,0.1989057049,0.1590472466,0.157881119,0.6330062431,0.8112510899,0.2419450791,0.2516183159,0.5944286,0.03980805581,0.2884754509,0.3078710926,0.4719674501,0.333939236,0.2767799905,0.2713409264,0.3420722161,0.6136582331,0.9378095102,0.9645480041,0.3666135016,0.2176906482,0.3627050191,0.3973254628,0.7045970218,0.7477202617,0.914077009,0.6578132395,0.434197277,0.4187645223,0.4638508529,0.418382341,0.5025596997,0.01736805963,0.2123649711,0.6917211539,0.2649396924,0.3587205607,0.3848808455,0.3206492298,0.9539072489,0.5795286452,0.421214969,0.5044911215,0.5513753119,0.4542596008,0.3727148625,0.2994752656,0.5867874048,0.6864948593,0.3356707183,0.4364050181,0.5527192588,0.8345517761,0.2006782455,0.2295460991,0.06777843234,0.7378612204,0.7005140232,0.974141287,0.07594920855,0.5328987074,0.9278593336,0.4416958666,0.47857253,0.475329109,0.1375870703,0.3023409647,0.53356756,0.8589113506,0.04093010291,0.7454402186,0.1005557989,0.5104484505,0.6899518023,0.05702626954,0.5260165115,0.9001933491,0.5261141692,0.848191954,0.0311946964,0.1720240089,0.7810933235,0.5136863763,0.06147989231,0.7584480669,0.4462302609,0.3527341947,0.2332631904,0.569009255,0.28603497,0.5762038134,0.008997995562,0.2225946199,0.7142865186,0.9556693516,0.7993978478,0.8398137541,0.1033741207,0.4836722761,0.1182912053,0.5874863226,0.7859944316,0.5464295669,0.07278328185,0.1651343732,0.404698801,0.637513564,0.847474241,0.7660426247,0.4604560703,0.8311645874,0.1343768539,0.887479785,0.5915524256,0.6684202424,0.1673392623,0.08217191662,0.7265399949,0.9926955517,0.3198313121,0.02069573318,0.9309852384,0.6831563917,0.5917053636,0.4898006999,0.8780424062,0.01262026367,0.1971238575,0.3610183781,0.7312892566,0.8924102003,0.7417266491,0.004718359238,0.04795827147,0.8984892495,0.6172979043,0.3182376042,0.9523192091,0.9321823206,0.1855178479,0.04198005228,0.4899088701,0.2195251105,0.3718285497,0.8729051917,0.6434329655,0.4082021168,0.8159957591,0.2835473297,0.9775587656,0.9129305372,0.3575990815,0.9251138738,0.8558043591,0.8670779876,0.5779328683,0.291632557,0.8252273458,0.9103810862,0.5615744327,0.3273256475,0.1100959125,0.3900772465,0.4582544363,0.2529298977,0.9471400754,0.8083203133,0.5446984179,0.2783636981,0.5425760389,0.4978635523,0.5857454527,0.726739714,0.2970791228,0.6964299324,0.7958475844,0.5375983138,0.3187343073,0.7346704001,0.676782976,0.2484978284,0.01849606332,0.5684641333,0.7763674366,0.765186275,0.09024650916,0.4206939084,0.5242760977,0.7732086167,0.9990125147,0.3700830333,0.6221126336,0.2649415296,0.4071499761,0.1999376712,0.03082512819,0.4924229437,0.9400466103,0.1456255059,0.348653278,0.998878643,0.0838090253,0.8461828859,0.9628708226,0.8291915772,0.2079523766,0.8882644318,0.7980809957,0.9436896128,0.3443591511,0.6215244288,0.8538651946,0.3021092357,0.05488976008,0.666878091,0.1887663355,0.3227066482,0.7127507488,0.6102859737,0.09960545795,0.1334853842,0.5148159489,0.1036888902,0.2298550052,0.8022425386,0.1209942607,0.2476069238,0.6468114984,0.6774246676,0.9877210865,0.6091806973,0.4696437319,0.02025398815,0.5027826178,0.07426234717,0.8720728549,0.6303781408,0.1663355625,0.4239796881,0.6633042458,0.8860564273,0.1735036116,0.6947532302,0.6023564689,0.08021198312,0.3347435788,0.1731179406,0.09634577048,0.9871647227,0.1846150026,0.1215883898,0.2356573957,0.9800612425,0.6725272509,0.1289684078,0.1526166119,0.0001154943444,0.61067151,0.2278155558,0.0001001903638,0.6027743924,0.2281486954,9.366878626e-05,0.5914512297,0.2318725413,8.360867078e-05,0.4955870081,0.2937492929,9.007879865e-05,0.6337235067,0.2131384891,9.68864129e-05,0.440527593,0.3367939792,9.698335646e-05,0.3456241126,0.4324642759,9.691040219e-05,0.5970388143,0.2190994379,9.713013236e-05,0.4950897206,0.2846404374,9.701401229e-05,0.3662374523,0.4041375425,0.0001062016404,0.3123602652,0.4796189637,9.692860258e-05,0.423268247,0.3447657656,9.687531656e-05,0.751181369,0.2357136051,0.9601530844,0.3767425027,0.4148993579,0.0001018748468,0.5794209886,0.2209607858,9.387549586e-05,0.5791607021,0.2198528216,9.668166966e-05,0.4561794456,0.3151138432,0.0001022288086,0.3104873419,0.5043810024,9.682160954e-05,0.5266222916,0.5011105726,9.695064575e-05,0.368308611,0.3990486947,9.685104744e-05,0.3842943496,0.6079357925,0.0001717332921,0.5407308261,0.2433512264,6.762388401e-05,0.3208895557,0.4570206445,0.0001054242839,0.4036021274,0.3596520101,9.685890866e-05,0.566054549,0.3976676855,9.717179056e-05,0.5339865501,0.5415789698,0.0001056929238,0.3099779877,0.5361992519,9.688310389e-05,0.3523455941,0.419785652,9.04567329e-05,0.6463826627,0.2021269408,0.0001037797598,0.5085636385,0.2690701729,0.9999779931,0.4335362204,0.3723990507,9.702432186e-05,0.4245893926,0.6483027356,9.673681115e-05,0.4807240546,0.4627425337,9.695877681e-05,0.7845022376,0.2474188485,0.9647403199,0.3335718867,0.4903957226,9.696267959e-05,0.4142356828,0.3437527114,9.704081419e-05,0.6494464571,0.3529178027,9.691596272e-05,0.5609734556,0.5485072094,0.0001054903511,0.3310746383,0.4347495316,0.0006072663486,0.2989507185,0.5880233972,9.69317825e-05,0.5012932956,0.4333682097,9.682355476e-05,0.4022897379,0.5238725517,9.702117663e-05,0.6172366465,0.2028291858,0.0001034386551,0.5412998383,0.2436486921,9.684949755e-05,0.3871410332,0.372668323,0.9999773878,0.5437014049,0.5535665418,9.860220452e-05,0.3012609741,0.4747512229,0.0001041686108,0.5020036656,0.2801706838,9.715676782e-05,0.4664214239,0.6222531091,9.76511551e-05,0.4440308665,0.4787629408,9.688309453e-05,0.350041493,0.4065405801,0.000553104057,0.2690445283,0.6234903304,9.682466124e-05,0.5355852431,0.3762359478,9.684066531e-05,0.3750292329,0.5374492503,9.692375878e-05,0.5823487439,0.4836824078,0.999978003,0.4316143346,0.6964286629,0.000104129292,0.4700668603,0.3007731703,0.0001072195014,0.320470741,0.4480375856,0.06129173654,0.6206811719,0.2007282988,0.999977972,0.7493329859,0.2735671727,0.9999779565,0.5317967664,0.3797676083,9.68527905e-05,0.3978369274,0.3582325601,9.697657555e-05,0.4435587082,0.4627819148,9.666557386e-05,0.4122983525,0.5537770797,0.0007869808392,0.3270000807,0.6841298675,0.9999779514,0.5267334505,0.5090967782,0.000100141615,0.620406183,0.2023268294,0.0001009685915,0.6025211567,0.3115655752,9.082221574e-05,0.5755550018,0.5827023522,9.708575735e-05,0.4545871671,0.4217370132,0.0001070947344,0.2779651677,0.5268154045,0.0001046126223,0.319369826,0.4368033138,0.680930386,0.5777775856,0.2391204647,0.7159885637,0.4787695109,0.3082231272,9.453350849e-05,0.5850256448,0.2084393002,9.630398185e-05,0.4344311206,0.3210866932,9.69422863e-05,0.4075069566,0.5100444432,9.691089487e-05,0.5884552363,0.4417470375,9.717909709e-05,0.3621085772,0.3920697598,0.9877270225,0.3885737865,0.5643424263,0.300220811,0.7455916815,0.3668871707,9.375469651e-05,0.5381088758,0.2455354566,9.054249939e-05,0.5613638341,0.3456082916,9.061847922e-05,0.4271561848,0.4633262564,0.9999780116,0.6156451642,0.3412625505,0.7368415689,0.5086134758,0.4275936078,0.6921692927,0.3598537847,0.4251657212,0.001158930483,0.3119815693,0.5762292019,9.708587817e-05,0.6222799343,0.5115109453,9.680212763e-05,0.4845329334,0.392820817,0.9999779933,0.2725877602,0.7770157437,0.000105425393,0.2837258347,0.4936532133,9.75142335e-05,0.4402537182,0.5225118607,9.691846968e-05,0.3809110774,0.3721194748,9.725000059e-05,0.4556779444,0.6074646792,0.0001026148642,0.2967788906,0.4756306565,8.930620935e-05,0.711025218,0.216840692,9.689691372e-05,0.2624949994,0.6331327406,0.7204694511,0.5992192714,0.2383267496,9.683948287e-05,0.4033667698,0.4815579448)
