mCurrentIter=50
mCounterStuck=0
mYPrev=-2899255176
mParameters.n_iterations=50
mParameters.n_inner_iterations=1000
mParameters.n_init_samples=50
mParameters.n_iter_relearn=1
mParameters.init_method=1
mParameters.surr_name=sGaussianProcessML
mParameters.sigma_s=1
mParameters.noise=1
mParameters.alpha=1
mParameters.beta=1
mParameters.sc_type=SC_MTL
mParameters.l_type=L_EMPIRICAL
mParameters.l_all=0
mParameters.epsilon=0
mParameters.force_jump=5
mParameters.kernel.name=kMaternARD5
mParameters.kernel.hp_mean=[1](1)
mParameters.kernel.hp_std=[1](10)
mParameters.mean.name=mConst
mParameters.mean.coef_mean=[1](1)
mParameters.mean.coef_std=[1](1000)
mParameters.crit_name=cEI
mParameters.crit_params=[0]()
mY=[100](-3.644491834e-07,-37702520.26,-9937162.659,-4444869.426,-61034916.84,-102538.0688,-7194386699,-0.01108360624,-2.774784608e+10,-2243538061,-479469.9002,-47229397.33,-190988024.7,-1.205676779e+10,-763998273.1,-229696750,-1160.454843,-4831324253,-7675119586,-23242710.83,-166801877.2,-2.657646842e-09,-257185528.1,-2156317587,-226392377.6,-186303538.8,-4851013522,-127745323.9,-3324441118,-9793583.465,-9785884446,-4157.19246,-6.64242151,-1987226435,-1151820.471,-3113605874,-2.985955327e+10,-1.391470056e+10,-251491164.9,-1053459462,-5383568705,-2070654846,-2.617323942e+10,-3.743020364e+10,-3.145292695e+10,-4158324343,-12820969.24,-767093567.8,-1149237875,-30.216821,-1.399048501e+10,-209699499.6,-38160110.51,-1343357263,-3210413252,-9145246278,-35310574.75,-1356945736,-14323236.29,-183493708.6,-872135739.5,-850427658.5,-185261250.7,-183281725.1,-2010504684,-170580441.9,-200191227,-2224282980,-17282936.61,-2.632208076e+10,-1.814282213e+10,-460281755.5,-420501.196,-875001742.8,-170565583.7,-5849349373,-14654299.69,-38243470.39,-37548599.79,-377476.5323,-643574628.6,-1.367557041e-15,-3.216217677e-07,-10249258.39,-5.786245736e-07,-288230255.3,-1682826783,-1.801127917e+10,-2.056862016e+10,-111651606.7,-2.997267761e+10,-8857835472,-4000835718,-283541772.1,-1697729440,-4.28321942e-06,-1720866405,-807757700.9,-248000667.5,-2899255176)
mX=[100,3](0.2452463948,0.0009733478958,0.0774992587,0.7925238434,0.5025459012,0.3309113648,0.1536826803,0.7667564935,0.9126622164,0.1667282746,0.6421353227,0.1591528068,0.5550753398,0.132477222,0.5636067678,0.1113584426,0.6240584068,0.2042007678,0.2168909104,0.06958093928,0.763944256,0.06552884753,0.2907367343,0.03942928008,0.3590209566,0.4473810616,0.7590767859,0.7078333387,0.8139325035,0.7844251052,0.04430974783,0.5579607999,0.1648531119,0.6430681078,0.9439442752,0.8609197487,0.3218290455,0.3135586249,0.3625112674,0.9861627333,0.4957754143,0.6558538288,0.304530738,0.471026309,0.5216847789,0.4391871527,0.05849748703,0.504150534,0.2863548255,0.1102235333,0.2229556217,0.4819603272,0.5917262428,0.4962872969,0.8876949891,0.754860523,0.4434836324,0.9519605833,0.845396127,0.8913750526,0.02886802633,0.8669357806,0.6205370675,0.2267287075,0.1556973397,0.0168508188,0.09093359921,0.6142713317,0.6772896591,0.6213467801,0.6774657534,0.3491538585,0.5153521997,0.9779521856,0.7206949193,0.3895479086,0.6966985921,0.9942573653,0.8705642497,0.7273078818,0.4716640078,0.8511829377,0.9880660112,0.2998867578,0.1340615544,0.5341235761,0.6018090465,0.6945723945,0.08525796309,0.3998481534,0.5942263157,0.2050996108,0.9633514308,0.190444234,0.2567074048,0.2472994925,0.7366850893,0.2396167483,0.04611126472,0.3768591042,0.5669024538,0.8464779024,0.7564614076,0.425891069,0.2714109185,0.8207195637,0.3355096456,0.923552638,0.525807363,0.3601567746,0.8262659506,0.4516583086,0.9231473639,0.1008307721,0.4169316096,0.9171752116,0.5938049629,0.9056451046,0.8289883307,0.7196735659,0.5790242694,0.02571904323,0.5579354744,0.9732384271,0.3814234791,0.3194651772,0.809083225,0.3573869377,0.811420842,0.9343495996,0.8869343573,0.0979256906,0.7651122113,0.164079377,0.9530156513,0.6108259777,0.2794424065,0.1317765148,0.6671319528,0.4150244045,0.4346646611,0.01583565116,0.704468733,0.401415346,0.473203292,0.7948905634,0.6960370585,0.2614158417,0.1808142624,0.1831286518,1,0.9035360019,0,0.999977994,0.2932924155,0.7499810983,0.9999772658,0.8166661308,0.09482080563,0.9268952865,0.4199527974,0.8371150319,1.404852827e-15,6.743104355e-51,1,0.9511186881,0.8831614207,0.1386483646,1,1,0,0.8966403226,0.1402242091,0.9432929793,0.8878587303,0.8872645471,0.06495949621,1.615587134e-27,0.3498643994,1,0.9995334336,0.8881790238,0.104676857,1,3.964719867e-15,1,1,1.387778781e-17,1,0.9320394172,0.8877663515,0.09103038341,3.388131789e-21,0.4009337084,1,0.5553859311,1.387778781e-17,0.7697399702,0.9961581585,0.4633377025,1,0.9342207869,0.8862423787,0.0985264042,1,0,0.665106723,1.387778781e-17,9.739147642e-15,1,2.750424224e-15,8.738514291e-20,1,3.94025863e-15,2.603996808e-50,1,9.544692406e-17,1,1,0.9334362656,1,0.02820722669,0,0.3946598085,1,8.586548362e-15,1.439652555e-37,1,0.01011088358,2.168404345e-19,0.6187364717,6.938893904e-18,1,1.198478436e-18,6.938893904e-18,1,5.81080454e-19,0.01082818833,1,1,0.02125080953,0.3477419669,0.9997314521,1,6.938893904e-18,0.01368446453,1,6.938893904e-18,0.01368446649,1,1,1,1,0,0,1,0.0008978345643,1,0.4545163536,0,1,0.00452256032,0.2245121293,0.7948649771,0.5,0.1666666667,0.8333333333,0.9342848891,0.8859856454,0.247916972,0.75,0.1666666667,0.8333333333,9.662911698e-05,0.324267428,0.7441721519,9.687167627e-05,9.596288012e-05,0.8588735994,8.96488485e-05,0.2490657467,0.8420052834,0.5157159009,0.3120719578,0.749556569,0.9999816042,0.1640133004,9.832823478e-05,0.02242693171,0.1617961209,0.9999771199,0.9965136308,1,0.5057954438,1,6.938893904e-18,0.8153077402,1,0.4143359649,0.6261110959)
