mCurrentIter=100
mCounterStuck=0
mYPrev=-21.22934053
mParameters.n_iterations=100
mParameters.n_inner_iterations=1000
mParameters.n_init_samples=100
mParameters.n_iter_relearn=1
mParameters.init_method=1
mParameters.surr_name=sGaussianProcessML
mParameters.sigma_s=1
mParameters.noise=1
mParameters.alpha=1
mParameters.beta=1
mParameters.sc_type=SC_MTL
mParameters.l_type=L_EMPIRICAL
mParameters.l_all=0
mParameters.epsilon=0
mParameters.force_jump=5
mParameters.kernel.name=kMaternARD5
mParameters.kernel.hp_mean=[1](1)
mParameters.kernel.hp_std=[1](10)
mParameters.mean.name=mConst
mParameters.mean.coef_mean=[1](1)
mParameters.mean.coef_std=[1](1000)
mParameters.crit_name=cEI
mParameters.crit_params=[0]()
mY=[200](44.76451975,1900.319932,-25.83514704,-21.82759451,39.98198144,-1.41335656,17.34851006,572.1108312,1900.254945,0.9756408208,2.528944402,31.98681687,26.55400744,7.052563303,134.7673122,-18.43409865,73.18788584,709.2467893,15.1192964,1614.875156,55.17722915,38.71797932,16.58095102,17.40878717,8.901189152,-26.06431279,6.751828418,-2.132900245,-13.44552174,238.7131109,-28.14108748,24.52535181,-5.927945936,9.204552151,28.87156784,-9.273393983,-5.312426643,-15.36632375,-3.976421658,197.5817443,-31.25427586,-12.34993882,4.806392786,-12.05460758,-8.834790168,-1.367036008,10.86241661,-26.30702785,-2.253133052,888.205731,28.73819808,22.44058182,-3.53786743,-29.70063885,22.5142477,21.07374808,12.71900845,-22.40439301,348.1512839,49.01313793,-19.90311066,-5.804719564,0.2594110332,696.3455656,27.73225198,10.64902464,-3.643969143,213.2336709,35.57004272,22.56000292,0.7350584937,-12.70279143,38.8614171,27.77273122,4.041617991,26.52691813,17.34544761,1237.340874,29.63997054,-18.25030305,-33.32269035,38.91333322,538.9318508,-30.82179747,16.41693527,10.21672045,-21.28485152,-3.187176599,-9.642251029,1.952113841,189.6655816,249.0494389,63.98780749,40.04684019,-26.55163013,23.46726629,128.0062592,29.80972444,-20.99699297,316.5319664,-25.55525338,-23.14316899,-24.80309758,-28.88261223,-16.23334453,-15.71184789,-32.11484436,-22.50333088,-30.44006638,-30.08087788,-26.79694316,-26.2414771,-11.72091136,-27.16233828,-28.72678089,-28.29829197,-11.75572412,-18.50743837,-29.22730778,-22.74952287,-20.65363418,-31.80897849,-26.52139954,-26.95346633,-23.90177805,-25.13728561,-29.53357257,-12.31500767,-28.8748465,-19.68899551,-31.56447333,-31.14930548,-33.61310701,-31.89080223,-25.1352862,-22.38185358,-27.10347616,-30.17207179,-26.43904944,-8.952686923,-10.08270402,-20.82999971,-24.119488,-27.94236847,-23.58792904,-28.18962349,-30.70222097,-31.14523114,-24.95373407,-9.210333673,-21.19201519,-30.54918359,-29.74137897,-26.54756761,-22.47953966,-21.80429754,-26.08550543,-32.24573554,-24.02595619,-22.58151051,-10.76615123,-22.44412433,-23.53150745,-29.53049304,-28.25918605,-28.35708479,-23.99269734,-27.94362152,-30.7817794,-32.39171315,-32.70896344,-30.40951824,-21.72738679,-26.62925541,-19.74170973,-29.91607903,-27.37951918,-28.95494911,-30.11259731,-14.15879017,-20.03282684,-33.7565728,-27.36095641,-15.48650314,-23.37486093,-31.04879754,-26.39413246,-29.9238769,-32.90524289,-25.78344288,-26.72535283,-21.83594255,-26.15804134,-33.00918181,-20.15798232,-16.9286053,-29.36721769,-33.53332715,-17.06588676,-21.22934053)
mX=[200,3](0.112236059,0.2907196232,0.300587613,0.01961326923,0.2065905722,0.05100796438,0.6461849761,0.3520491969,0.6039742314,0.08141622943,0.6377374572,0.434068086,0.8408827477,0.3731903332,0.2518279946,0.2569350076,0.8151455459,0.3797525634,0.9824806621,0.7611521968,0.7869238384,0.585563614,0.3459752018,0.09581337307,0.1250689192,0.2319187047,0.06538142499,0.825877903,0.6405464951,0.7428328569,0.2992468821,0.4125760069,0.8033104867,0.7348958129,0.3684424373,0.9604410555,0.4366592239,0.006907931957,0.9351202203,0.9948094701,0.06776103216,0.8115694521,0.1594830998,0.4714241506,0.08442235521,0.4433643682,0.6890184107,0.1423624121,0.3803870358,0.9752091116,0.9902150737,0.6397066047,0.2453048362,0.1310935887,0.7039502182,0.08742059303,0.8696179941,0.8327644519,0.1675110288,0.1006692725,0.2325246202,0.9176490442,0.9028376137,0.5729080672,0.5583223096,0.9728656692,0.03376725649,0.4648166954,0.2100042629,0.3975464234,0.8957031759,0.4405119428,0.6778769721,0.844421339,0.5206175082,0.1054081324,0.5950286471,0.3590931743,0.9133617307,0.8714343118,0.2952707457,0.7550553501,0.4886722831,0.1884708415,0.7941936176,0.6232455977,0.6378447763,0.3469804821,0.5786116132,0.01831410399,0.1420957498,0.5861039478,0.3398228133,0.1645045454,0.774168253,0.7793501002,0.1897176534,0.7254565948,0.5427489169,0.2018519897,0.7471708326,0.07617154967,0.4909021196,0.3309011459,0.9507901741,0.5917310887,0.6779641811,0.596278507,0.5286810319,0.1725351985,0.5093994012,0.07167670072,0.1353005406,0.6411295706,0.4193168361,0.07798889056,0.7013275654,0.3573650332,0.2743076392,0.2203437847,0.3309643923,0.5260938553,0.4682850964,0.2859977615,0.7314766227,0.1142486464,0.2143131486,0.02576180173,0.7959134319,0.04205595599,0.106961894,0.5829095555,0.6242552009,0.2545861071,0.7290960193,0.1768611604,0.09987409904,0.5365456865,0.7650070831,0.5026366219,0.8393910771,0.9512138397,0.6529673025,0.1617312125,0.869170231,0.6646701652,0.6930182021,0.9459665514,0.7182479755,0.008509819331,0.9018425967,0.9501992428,0.386703988,0.4667185739,0.9055540278,0.4709725748,0.8974635702,0.5652112403,0.7371665946,0.1350191583,0.4398785593,0.5643186779,0.9304336264,0.8547754236,0.7143016893,0.8096983945,0.493469529,0.8972154092,0.8871021861,0.1280345285,0.571856855,0.7149420486,0.694980867,0.3978717136,0.9260651847,0.3265373482,0.1560463751,0.2294497157,0.8200044481,0.9267754278,0.563430652,0.7023449966,0.200575492,0.6513725189,0.4414830298,0.2319784089,0.5190923204,0.8093121008,0.4156245918,0.7418543613,0.3928629778,0.03757955731,0.09049783437,0.1947941241,0.9454391833,0.02507258673,0.269188599,0.8567718662,0.2647028372,0.7830244379,0.401145437,0.8571828039,0.1568399014,0.3287251517,0.3273627436,0.8363238359,0.8255965856,0.7800981574,0.01083871879,0.913264968,0.3769784669,0.04696733314,0.7579043659,0.001090310572,0.6024680071,0.6226605624,0.6667154234,0.5390528076,0.981597274,0.198378836,0.880907024,0.6856404492,0.06375922585,0.7531710681,0.6140715073,0.9653666466,0.9425918539,0.4840709482,0.3667434982,0.4232154266,0.8795235272,0.2709379221,0.05973706434,0.1792544036,0.6973384513,0.9662283052,0.2862336136,0.5554853764,0.2816995301,0.6755024578,0.5342353328,0.5426913826,0.3116946166,0.319578334,0.9385273417,0.1270240474,0.9779756104,0.1437947025,0.2660047776,0.4756395002,0.4591724689,0.5166431807,0.4295161749,0.1867476141,0.8858910445,0.5031435723,0.4049253537,0.8486537753,0.3076551138,0.3812371168,0.6611227095,0.6823438091,0.5132930604,0.7629070016,0.7293507849,0.2149739692,0.6532078455,0.0525430938,0.7917297888,0.4542263873,0.6052410455,0.8686841898,0.0264375155,0.8124913143,0.3075277586,0.191038363,0.8796996228,0.03018310115,0.4986251846,0.2444519352,0.9906738222,0.557750578,0.5468671805,0.6171486509,0.2472664707,0.7797941694,0.9251817185,0.3482319739,0.6122825956,0.9853691618,0.04101245384,0.4808097684,0.2235208173,0.364521102,0.4078229064,0.3170884239,0.422056384,0.4560348661,0.1198896218,0.2740164613,0.9863964042,0.4696715116,0.3406125495,0.0001079763035,0.6188985524,0.2533810333,0.4803357677,0.4493746481,0.3582200678,0.8398442612,0.5655131126,0.2708916481,9.699402255e-05,0.6851968463,0.2479564494,0.9999779754,0.4213748126,0.4135319895,0.8023906822,0.5249328938,0.2864313848,9.699802052e-05,0.4708218866,0.3358788252,9.709188037e-05,0.3380018202,0.5035954802,0.9999755422,0.5719800924,0.2678668863,9.883680731e-05,0.597033935,0.2488688562,9.727877783e-05,0.4188914306,0.4179424573,0.999978104,0.3440272597,0.5153248356,0.9209402566,0.4970664936,0.3059867559,0.1656120644,0.5163239762,0.2929868115,0.9999779603,0.5549431871,0.5019364768,9.70759279e-05,0.7381207066,0.243120286,0.9999780973,0.4474941961,0.3621043284,9.694605794e-05,0.3023002972,0.56174862,0.9015315574,0.6872320604,0.2753865718,0.999978005,0.4713518287,0.5973757144,9.682178076e-05,0.4213343421,0.4578464585,8.589248784e-05,0.5935626769,0.2424822923,0.8097223378,0.5588104241,0.2602778673,9.694604737e-05,0.4486428909,0.3639296517,9.701998506e-05,0.5260272509,0.5311555577,0.9999774539,0.5554214654,0.4213378499,0.9999780915,0.3784723448,0.4745260865,9.711539181e-05,0.2988504465,0.5807134311,9.677848046e-05,0.4568530621,0.6428113895,0.7554121516,0.5039943459,0.2919000106,1,0.6157461919,0.2595495882,9.698099166e-05,0.5053986219,0.4365661558,9.685713525e-05,0.3411971099,0.4939539562,0.9999780535,0.6200132222,0.4992273722,9.670959182e-05,0.6337253556,0.2270924286,0.9999780561,0.6172161599,0.3462795389,9.69375366e-05,0.449304549,0.5368449189,0.0001019659228,0.5102204126,0.3035844413,0.9999703117,0.3080041453,0.5745428259,9.689780676e-05,0.7632988805,0.2331004299,0.99997289,0.4837583169,0.3096098094,9.720030826e-05,0.5767460081,0.4988705209,9.69901053e-05,0.406175267,0.4124675247,0.9999781533,0.509953728,0.5617782141,0.9999779563,0.4874174137,0.4402565844,9.696719999e-05,0.5311444063,0.4008272313,9.707934056e-05,0.414696078,0.5067462486,9.633081404e-05,0.2791273128,0.6252050319,9.684735278e-05,0.230098747,0.7419711672,9.705852668e-05,0.4673057022,0.6136019614,0.9999781548,0.5830728687,0.3901267255,9.69446026e-05,0.2895163047,0.5191325463,0.9999878868,0.5801645275,0.2463917373,0.9999780103,0.6880046222,0.3008470266,9.072218744e-05,0.553424855,0.274399386,0.771671864,0.4211447976,0.3666824744,9.69632479e-05,0.4661120092,0.4729759949,0.9999780183,0.4519979715,0.5005502651,0.9999780295,0.650320491,0.4764890517,0.9999780272,0.4075091797,0.6807505729,0.1019434411,0.4798610186,0.3268324742,9.726790456e-05,0.5691920559,0.5364349899,9.704139686e-05,0.376840309,0.5669209705,9.706976041e-05,0.5611263384,0.4265041066,9.692317741e-05,0.3628679605,0.4497568264,9.908105112e-05,0.6631039808,0.3183153586,9.683464269e-05,0.257327809,0.5906223301,0.9999522819,0.5690970036,0.2495080345,0.9999780435,0.535209944,0.3634653372,0.7222583727,0.4739883829,0.4462327935,9.696343294e-05,0.3977113938,0.5424275802,0.9999780152,0.5537017377,0.5640478821,9.96098563e-05,0.4239995732,0.3876328379,0.999978044,0.3930366168,0.5560289424,9.698951227e-05,0.4857863137,0.4806779144,0.9999730197,0.5162183674,0.2833002084,0.9999780091,0.6160943262,0.4220340739,9.700971473e-05,0.2938805617,0.4991623675,0.9336156622,0.3843885911,0.4249441065,8.704750328e-05,0.6327854785,0.2216317596,0.2489066331,0.5353263444,0.3763698782,0.963033986,0.6547313004,0.2434936839,9.675008965e-05,0.3687352025,0.693056659,9.689113961e-05,0.6154871899,0.4731943639,0.4860137794,0.5163571757,0.3067988215,9.701726352e-05,0.3705179938,0.5901489507,9.715443004e-05,0.4329267075,0.4926585067,0.7498321439,0.5231590356,0.4443077829,9.616178422e-05,0.2448897134,0.6092523865,0.2089343269,0.5896304534,0.2338084847,9.697397159e-05,0.5179618072,0.5840223296,0.9999771389,0.6272012618,0.3310431006,0.3748065407,0.5122248302,0.395614567,0,0.5594038203,0.2633106352,0.9099046189,0.7238151868,0.2473574467,0.5148953194,0.5151361533,0.2816796568,0.7694839341,0.5110828166,0.4900503928,0.9999733062,0.4638981978,0.3202443444,9.69894928e-05,0.6359106187,0.3702227109)
