mCurrentIter=100
mCounterStuck=0
mYPrev=-15.43841033
mParameters.n_iterations=100
mParameters.n_inner_iterations=1000
mParameters.n_init_samples=100
mParameters.n_iter_relearn=1
mParameters.init_method=1
mParameters.surr_name=sGaussianProcessML
mParameters.sigma_s=1
mParameters.noise=1
mParameters.alpha=1
mParameters.beta=1
mParameters.sc_type=SC_MTL
mParameters.l_type=L_EMPIRICAL
mParameters.l_all=0
mParameters.epsilon=0
mParameters.force_jump=5
mParameters.kernel.name=kMaternARD5
mParameters.kernel.hp_mean=[1](1)
mParameters.kernel.hp_std=[1](10)
mParameters.mean.name=mConst
mParameters.mean.coef_mean=[1](1)
mParameters.mean.coef_std=[1](1000)
mParameters.crit_name=cEI
mParameters.crit_params=[0]()
mY=[200](135.8581952,60.68362057,-0.5173979077,47.45804256,55.55959979,580.3175812,18.51764736,-21.54964952,-26.46318982,1070.766161,-14.72630472,2894.291008,-20.22723476,18.42271329,21.90508,3.950332994,3278.841003,-5.599632443,-15.8797704,2416.442482,36.54080528,0.4376478626,-5.560010571,-11.27585849,976.8839154,16.52698553,92.16993414,-22.75847111,-25.43991077,53.86743185,-0.546717663,39.80912846,-2.42135124,20.1342857,-20.83745828,1.022411559,10.2778465,1180.748023,10.46162468,-7.6538769,3187.044903,-11.17296818,-1.779387062,-18.08885222,29.46255788,1188.025327,4.504680042,219.1050743,-7.02365525,-12.08312938,25.3542293,-9.32376326,-1.989159309,3.145662564,-23.45801075,-4.349469855,1835.211019,12.12966976,-23.87372765,-3.282887012,88.70094332,-23.81748713,1819.013987,-15.1355163,-23.87612719,-6.333719519,19.93051337,-18.47945892,24.70984921,16.3849093,19.16636103,614.1246217,5.280078044,3007.043798,-25.7055707,4.296082658,-14.11802821,39.16210341,-5.632880883,13.13293781,46.86722098,39.39874234,23.96480787,8.828966708,1948.024474,427.7138985,20.66019494,-20.39147969,63.01283982,38.54770012,119.6150641,-2.548424556,-5.659604868,27.77909407,-5.212186201,33.80840956,52.83184629,-8.499426647,5.652279129,1058.049103,-25.07330805,-21.13930454,-25.96769424,-16.00976408,-16.9507297,-22.11036827,-7.558645736,-15.85887963,-15.22597227,-21.83102612,-19.9813967,-6.988654163,-19.20567937,-15.31877183,-26.21912722,-20.83204083,-23.94330428,-20.23626055,-11.62393005,-23.35435028,-23.54144682,-25.30931187,-21.33860945,-21.37049044,-9.176032561,-17.95586946,-14.96593844,-27.85962786,-16.64196355,-23.32859744,-4.231152873,-24.14525311,-18.64882549,-20.32195156,-16.85332109,-22.57745712,-10.40050923,-23.68744918,9.594759065,-19.05219375,-20.15528491,-23.43490862,-17.43520779,-23.87659535,-15.6256699,-19.2568194,-22.80402299,-10.97559781,-18.05290657,-10.86657314,-23.95759481,-21.66499253,-18.65108455,4.72593158,-18.72405937,-23.93856277,-21.13292359,-11.06088076,-25.7828176,-27.28813971,-18.08356582,-12.87163977,-20.68119227,-19.7165448,-27.15289969,-5.078471845,-21.48517815,-27.33639337,-21.35094104,-24.97733135,-16.4023166,14.05205206,-28.30925303,-16.10756438,-16.0510751,-16.49980112,-15.50281304,-26.3538856,-16.34676595,-14.82731137,-8.124242728,-16.82444359,-20.55167686,-17.73319287,-18.30214456,-25.28890472,-5.004610432,-23.95111865,-21.19581498,-24.29827413,8.299512076,-20.81469038,-24.51257337,-12.59202906,-5.423081415,-20.42461676,-19.56389472,-19.88305489,-26.30990763,-15.43841033)
mX=[200,3](0.4083964726,0.6103505604,0.06899007367,0.5838599768,0.9828574935,0.9579034032,0.6389247194,0.383079909,0.8189788233,0.4164823451,0.8764655282,0.9259139802,0.2495545233,0.8512180239,0.991554445,0.7973138997,0.1608730839,0.2436411322,0.3222613475,0.8425599861,0.7035590519,0.2219525772,0.397218011,0.6095334654,0.1286490073,0.3549469811,0.5534197943,0.2985520158,0.3002621255,0.09371783536,0.1193463022,0.366169973,0.4652391753,0.01842168281,0.05795425359,0.07431667693,0.1647302934,0.330426855,0.5242866876,0.7266545074,0.8983094473,0.1728165269,0.6894657765,0.5144114946,0.9359546479,0.5506252404,0.2049745655,0.852002504,0.08358663314,0.0347246511,0.04238994706,0.8882155785,0.08130135163,0.7742434497,0.3500417958,0.5873585756,0.6282486284,0.6956890055,0.06361466416,0.1070881911,0.4384417941,0.9943450862,0.5438995002,0.7418578794,0.7074547398,0.7131683381,0.5132048051,0.789285507,0.2690697828,0.03218615607,0.1465779165,0.6909565057,0.7328989948,0.1207659345,0.2013281312,0.8981878712,0.6042658083,0.8899939322,0.0958675316,0.319390047,0.3030873073,0.04571047725,0.4880161823,0.5064753984,0.8627732213,0.5628157929,0.400635578,0.1978287767,0.5284135467,0.2264227117,0.1084907443,0.8105350023,0.3816898129,0.9642413494,0.4487545688,0.2520085152,0.3750553901,0.8021131868,0.4289058099,0.6560977856,0.8855347719,0.6863187983,0.05111854871,0.2511258603,0.578161354,0.5213289323,0.4335621009,0.8238533457,0.2517165492,0.1184089086,0.8927478893,0.3327032997,0.1072142791,0.1802030055,0.4538727758,0.7601214199,0.7346097016,0.30940764,0.5012045608,0.7411116466,0.4991421442,0.01504828634,0.0585666923,0.4434703271,0.6720955262,0.6198647534,0.1456698619,0.7279849422,0.1522751247,0.2720272872,0.4756924071,0.6629504965,0.824778286,0.3709436469,0.9856486533,0.02331136115,0.2283538192,0.1205076831,0.7757283596,0.6825777498,0.7824803786,0.3966664474,0.6388761926,0.02967862785,0.6134810043,0.7755820967,0.3792658372,0.2845999653,0.6409512985,0.2770151863,0.1866231469,0.5579948248,0.9186743677,0.2178735505,0.09122357644,0.7264317848,0.349637389,0.7520498402,0.5985485221,0.840822848,0.2625127563,0.4940288548,0.5655246497,0.3207386768,0.532294501,0.466801308,0.6926760418,0.6578613665,0.2611634989,0.2729993998,0.03267203348,0.5316832378,0.1780348112,0.9007726605,0.9578331078,0.5735823422,0.3236513144,0.6740723815,0.2983366921,0.8039984634,0.423491134,0.4563900845,0.2110352145,0.4857092356,0.4117470574,0.6474921409,0.8740678939,0.1819200371,0.08867607003,0.6644614742,0.2152022102,0.6361840211,0.1309481101,0.3419451321,0.5186551014,0.003946906186,0.7483248361,0.340913763,0.1734452802,0.4078040828,0.3502469295,0.6021754364,0.2387536923,0.6721679506,0.3820299269,0.1519373389,0.968762454,0.9353862793,0.9309597589,0.4185677544,0.8069747936,0.4923461133,0.2830873004,0.2016731879,0.002453764312,0.2957969001,0.07541366825,0.6617395937,0.7516407283,0.5423121839,0.7193629247,0.001077246696,0.8358768569,0.6227749891,0.45809217,0.712220715,0.4655430608,0.3100887431,0.94671676,0.7353314803,0.4706424152,0.6272108201,0.9285234418,0.8381334864,0.7525593874,0.7935552622,0.1117394641,0.9794859512,0.9026753254,0.5607603472,0.06989528712,0.9130698499,0.8704556899,0.9258338787,0.9715076898,0.7933537831,0.5997944932,0.9462654783,0.4885203788,0.8562968045,0.5973699139,0.8492369526,0.2399586389,0.07051669968,0.1369896206,0.9153734465,0.2453378642,0.2322295879,0.3603885818,0.2821534955,0.9422815948,0.8191208931,0.5316023019,0.3306368,0.649004648,0.5488587377,0.147214034,0.5756935091,0.1946392868,0.4320783012,0.981913736,0.04012070742,0.4407260319,0.7627538768,0.836383681,0.3663246294,0.5018501092,0.1330043734,0.5837727628,0.3173320077,0.9585771777,0.3967406098,0.9094247011,0.8206887074,0.1682984917,0.1542710358,0.655935849,0.1907332377,0.4763787413,0.8627355863,0.9757557416,0.7005961751,0.4210298253,0.767402234,0.9957683783,0.02231289718,0.8620018175,0.7805365762,0.9696308482,0.01159193063,0.999978123,0.5387426346,0.5391493172,9.709973777e-05,0.5714273778,0.4380385599,0.9999782026,0.5287484171,0.5459889326,0.9999855299,0.7258654681,0.2528279385,0.9999764414,0.7209996028,0.253536407,0.999984152,0.5264080774,0.4385950977,0.06874529927,0.7276957737,0.251800999,9.729378075e-05,0.616168798,0.5193140788,0.5519778303,0.716894166,0.2495810169,0.9999782549,0.4468202879,0.6126415759,0.999979007,0.7056506889,0.2556562476,0.1869425513,0.7104387173,0.2542132756,0.219491172,0.5870039419,0.3780002624,0.9999780907,0.3882783794,0.7003957294,0.9999781069,0.5297047882,0.4936712078,0.9999922137,0.7038710194,0.2530652417,0.9999779811,0.6390635092,0.3383811941,9.719938722e-05,0.5862314811,0.5419294451,9.694061009e-05,0.3567497104,0.7292857687,0.9999780412,0.4650447663,0.583160621,0.2592331683,0.555156662,0.4340122869,0.9999780838,0.504902603,0.4629063538,9.770716325e-05,0.4850807316,0.5935546492,0.9431102936,0.6298078983,0.5316142507,0.1088656472,0.7212105934,0.2412316601,0.9999775591,0.4271298326,0.681729926,0.2407198185,0.6369248891,0.3175432562,0.9999780411,0.5905389543,0.3884354568,9.703735631e-05,0.6346353678,0.4825700684,0.9999780438,0.410522415,0.5758091362,9.056049486e-05,0.3112442018,0.784397071,0.999977935,0.4717100337,0.486903178,9.686744883e-05,0.3992322655,0.6629016816,0.999981132,0.7068213589,0.2375498718,0.1268726811,0.5764533389,0.3915888723,0.9999630437,0.6566720028,0.3004268424,0.9999780561,0.3080306945,0.7340106697,0.3132188356,0.5222354503,0.5591939453,9.033030696e-05,0.4944644234,0.8418242675,0.9999782327,0.5316105024,0.6418118136,0.6778081827,0.6526605311,0.5028019813,0.9999780412,0.5939054992,0.3946516077,0.9999781144,0.3498654543,0.6024188666,0.3735336159,0.4894453514,0.4626372992,0.9999705859,0.6726350529,0.2715351413,9.760556593e-05,0.3854844275,0.6697604265,0.1725618255,0.4854617904,0.5703198471,0.1199936466,0.7204147945,0.2329491709,0.1546874857,0.6307125003,0.3170663591,0.999978143,0.5099311833,0.7207388216,0.9999735893,0.4409710072,0.5236310896,0.9999779835,0.6445686626,0.4355677304,0.9999780116,0.6400263354,0.5713177211,0.9999939199,0.3445492736,0.8541574795,0.1722819452,0.65632938,0.4822529188,0.05036023426,0.4155188987,0.6079090741,0.6286488433,0.4770728024,0.4273938459,0.9999780191,0.2828661241,0.7277630744,0.9997767861,0.6388721539,0.3456284929,0.4880869216,0.4817153688,0.5232979803,0.9999779299,0.3445932029,0.62676055,9.917394576e-05,0.4760186747,0.7032217437,0.1550188403,0.6017505645,0.3742902082,0.9999780538,0.5723158118,0.6164769743,0.5055766482,0.462677042,0.547659808,8.936839773e-05,0.2571433262,0.7819338045,0.9999779702,0.6737876964,0.4972711803,0.392631644,0.4958009303,0.4774847875,0.1861506933,0.3384740907,0.6409782852,0.9999780044,0.6352075851,0.3971510939,0.1389717406,0.6556607713,0.5544837026,9.703860886e-05,0.6340351416,0.8272151308,0.6087464466,0.4258900451,0.5714197643,0.2457463619,0.6444673917,0.4389835768,0.9999780244,0.5393262965,0.6833429266,0.9999779377,0.4589292354,0.4281250493,9.710855442e-05,0.5348535538,0.627771077,0.6415040526,0.4780006477,0.5113535104,0.3202790243,0.3226903243,0.70548478,0.5579969449,0.7053091607,0.2248345232,0.5608807569,0.7037497418,0.2263931457,0.5453833788,0.6415369741,0.2905805015,0.5326234464,0.6264224607,0.330567655,0.9999779709,0.3616885391,0.5708903261,0.9999779701,0.6661125576,0.5426692427,0.3971331068,0.5066548468,0.4951686942,0.9999993702,0.5108059706,0.7727413868,0.915360028,0.6648634845,0.4404719906,0.806188488,0.3454591595,0.6546242321,0.4804946484,0.4999997761,0.588266232,9.077283683e-05,0.340525112,0.8604892118,0.3229576479,0.5502412768,0.3973149944,0.2268525371,0.3699886284,0.6008120144,0.3140814786,0.6959835612,0.4882556961,0.9999851855,0.2645048019,0.7811926807,0.9999697436,0.4365788038,0.5007123444,0.9999716984,0.6998318208,0.2253286934,0.9999749797,0.6987036638,0.2265340115,0.9999847862,0.6471095348,0.3251683027,0.4076266587,0.5274295896,0.6799523715)
