mCurrentIter=50
mCounterStuck=0
mYPrev=-1.033892963e+10
mParameters.n_iterations=50
mParameters.n_inner_iterations=1000
mParameters.n_init_samples=50
mParameters.n_iter_relearn=1
mParameters.init_method=1
mParameters.surr_name=sGaussianProcessML
mParameters.sigma_s=1
mParameters.noise=1
mParameters.alpha=1
mParameters.beta=1
mParameters.sc_type=SC_MTL
mParameters.l_type=L_EMPIRICAL
mParameters.l_all=0
mParameters.epsilon=0
mParameters.force_jump=5
mParameters.kernel.name=kMaternARD5
mParameters.kernel.hp_mean=[1](1)
mParameters.kernel.hp_std=[1](10)
mParameters.mean.name=mConst
mParameters.mean.coef_mean=[1](1)
mParameters.mean.coef_std=[1](1000)
mParameters.crit_name=cEI
mParameters.crit_params=[0]()
mY=[100](-1049.330194,-3.543848197e-08,-6.341434407e+12,-9.850913297e+11,-2.470429332e-06,-8447804.848,-169113.8772,-7.321419438e+10,-709441767.1,-5.990576256e+11,-0.0001097798038,-1.261075004e+10,-5547340094,-2.920602413e+11,-4.831205779e+10,-2.718277879e+11,-736057089.8,-683376961.2,-3518784.038,-1328184612,-6.065977778e+11,-0.05060082234,-2.605779417e+11,-1.443205224e-05,-89.58471873,-1.378226987e+10,-2417309176,-2.006512233e+11,-1.343629266e-11,-1.373106123e+11,-1.874874473e+11,-2919137080,-2.806426105e+11,-9033815.422,-6.007855985e+10,-831799736.3,-4.040810344e+10,-2.344086684e+11,-4057562.845,-1.481339295e+12,-0.05472654281,-4.905674838e+11,-2247447829,-3.547172908e+11,-178041429,-6.857578935e+10,-31065998.74,-1.478779783e+10,-2.855628395e+12,-1876118.833,-3063944706,-7.122060551e+10,-2.558884987e+13,-1.017815464e+13,-2.753521635e+12,-1.108548789e+13,-1.723400827e+12,-9.295299636e-26,-5.348057124e+10,-5059406928,-3.891371169e+10,-2.418497491e+11,-3.072080258e+12,-1.304399845e+11,-333.9599355,-0.0001639972184,-53133.87869,-1.344333193e+10,-18863377.22,-1023962.553,-5.892346887e+11,-1.748993148e+12,-4678127999,-73843.09367,-1.533452431e+11,-94622.39297,-819887800.8,-1.107944647e+10,-3.091561337e-22,-0.0002066574434,-112251069.9,-1.078501573e+11,-45900301.44,-125598164.2,-2.826156411e+10,-2.105171568e+11,-287303267.5,-3.214151542e+10,-7131078023,-1.836162453e-07,-877.8947948,-1381835516,-42161454.74,-1.768803044e+10,-6110669.774,-4.615497344e-12,-0.1009619151,-17490529.17,-987971986.2,-1.033892963e+10)
mX=[100,3](0.522904757,0.1161960192,0.3510098665,0.3335729534,0.1347334181,0.05161624403,0.5633517967,0.4589169844,0.6990733877,0.1482609548,0.1766604961,0.8179010346,0.02832130982,0.3013886861,0.02015315855,0.4546788984,0.2658275327,0.3835426235,0.700075129,0.05835075317,0.414256404,0.558817449,0.7594018631,0.5241934415,0.9965714718,0.3265403676,0.7007300103,0.589365404,0.3703448767,0.9748040514,0.6221957121,0.141288182,0.08759059991,0.2540765995,0.407445188,0.4673346696,0.286981628,0.8738058357,0.5824017477,0.9627618886,0.6451296795,0.8226490732,0.2243969611,0.02929295083,0.7588647873,0.9479399865,0.7955750075,0.2396501561,0.1765835581,0.9137897721,0.4541381092,0.5102981137,0.7026048334,0.2423327435,0.1169220772,0.9383557358,0.9834876193,0.8867906456,0.08557857477,0.9269628454,0.7365961337,0.4926374222,0.8488197659,0.07967193179,0.4696935971,0.07925246637,0.3698520362,0.4216543783,0.7290638446,0.4789386493,0.2963932103,0.004938335055,0.3013256739,0.2170197334,0.3396368115,0.6423356737,0.5586164164,0.2123598657,0.7799355004,0.9411340244,0.6206733047,0.6868227362,0.2519632676,0.954004298,0.4309499396,0.006406856505,0.1453401114,0.2711175533,0.3420026058,0.6573707792,0.6139491525,0.6620889604,0.8985089292,0.4117880892,0.88000894,0.6712208574,0.8230518866,0.3970854696,0.6187855291,0.04068449672,0.1942594035,0.4863286526,0.808339767,0.8043311888,0.9117889866,0.3450700056,0.06910226665,0.5657721915,0.9046404936,0.8421222625,0.2672043254,0.7969943096,0.8300457205,0.5011331886,0.01848565553,0.682649461,0.1089551735,0.930913946,0.5309468121,0.7687672205,0.6745712652,0.2315179712,0.1289472681,0.3947823312,0.5140648211,0.7993056918,0.8523723694,0.5699744492,0.3123018593,0.1987916842,0.7766613775,0.4335264922,0.4961300078,0.9601862719,0.1680913007,0.7436352919,0.602107625,0.372565388,0.08168296969,0.9914779442,0.2883710626,0.2121459581,0.7200164892,0.8751437351,0.8775205532,0.6251305746,0.5542840323,0.1365042536,0.5951432562,0.1935371177,0.572666995,0,0.7133731528,0.9582494667,0.4585431972,0.7425961459,0.5778509471,0.454450677,0.6645705604,0.5864374452,0.4532621809,0.6542638382,0.5629981248,0.617288087,0.6641526697,0.5729248525,0.4132775821,0.64565795,0.5785838359,0.4582319905,0.6654352774,1,5.302686823e-14,2.03930069e-20,0.5843412998,0.2110081228,0.6416938871,0.0001389037758,0.4607020676,0.9999617544,0.524691358,0.4684499314,0.450617284,0.5577828831,0.4544605296,1,0.5668317285,0.4546208012,0.6815994388,9.948396277e-31,1.585887947e-14,1,1,0.512070002,0,1,3.388131789e-21,0.3589928242,1,0.3594268669,0.2636219395,1,1,1.164927839e-35,0.6733183418,0.778036776,4.33680869e-19,0.3888888889,0.5,0.1666666667,0.3760950722,0.01301904264,0.9965951489,0.3165479485,0.3717302485,1,0,0.6885001775,0.5985468723,0.9583333333,0.1666666667,0.5,0,0.4444760607,0.7546559213,0.0006294627323,0.3529101389,0.2838762886,0.5772237395,0.956337394,0.66477535,0.05555555556,0.5,0.5,0.7804980817,0.04032460159,6.938893904e-18,0.9566396813,0.2367797022,0,0.9583333333,0.5,0.1666666667,0.7490369018,0.3173945772,0.4890102121,0.491823778,0.9905883552,0.9970004794,0.5927076234,1,0.8909365342,0.4097410486,0.6185035043,0.4667147718,0.5,0.1666666667,0.8333333333,1,1,1,0.9735766605,1,0.4960714798,1,0.5550016496,0.4387422937,1.387778781e-17,0.00603496485,0.1587181144,0.1457817681,0,0.3985938973,0.333320933,0.7500062006,1,1,0,1,0.9583333333,0.5,0.6111111111,1,0.07579917473,0.6807850426,0.1833117922,0.005642078024,0.04723460402,0.325594993,9.251858539e-18,0.3425702812,6.938893904e-17,0.9969859507,0.7754246539,0.01705958824,0.8158405625,0.6976374577,0.3545768499,0.7664982223,0.7651725134)
