mCurrentIter=50
mCounterStuck=0
mYPrev=-8.599000676e+15
mParameters.n_iterations=50
mParameters.n_inner_iterations=1000
mParameters.n_init_samples=50
mParameters.n_iter_relearn=1
mParameters.init_method=1
mParameters.surr_name=sGaussianProcessML
mParameters.sigma_s=1
mParameters.noise=1
mParameters.alpha=1
mParameters.beta=1
mParameters.sc_type=SC_MTL
mParameters.l_type=L_EMPIRICAL
mParameters.l_all=0
mParameters.epsilon=0
mParameters.force_jump=5
mParameters.kernel.name=kMaternARD5
mParameters.kernel.hp_mean=[1](1)
mParameters.kernel.hp_std=[1](10)
mParameters.mean.name=mConst
mParameters.mean.coef_mean=[1](1)
mParameters.mean.coef_std=[1](1000)
mParameters.crit_name=cEI
mParameters.crit_params=[0]()
mY=[100](-3.218502246e+13,-4.339387809e+15,-1.974460749e+15,-9.260824291e+15,-7.690334718e+14,-1616908330,-3.479927129e+13,-5.501914635e+13,-6.257258849e+15,-2.380040315e+15,-8.578880585e+15,-2.709438176e+14,-1.193376019e+17,-3.412836447e+16,-2.422696945e+16,-3.071087953e+13,-1.924048168e+16,-2.544344905e+15,-9.168695621e+15,-4.392347607e+15,-2.961987482e+14,-3.588657866e+15,-1.992267584e+14,-5.441725365e+15,-4.281004742e+14,-4.698351801e+15,-2.356066975e+16,-6.748884834e+13,-2.759596122e+12,-1.047431589e+15,-9.01997066e+11,-1.641733988e+14,-4.324539845e+13,-4.087878578e+12,-1.323762202e+16,-1.681097623e+12,-1.282237522e+14,-9.075909008e+14,-4.277319616e+12,-8.752598434e+15,-1.7417358e+14,-1.912158939e+15,-2.622960527e+15,-1.598173241e+16,-1.566352652e+15,-1.980869685e+14,-1.116600467e+13,-1.192756447e+12,-3.194171253e+15,-5.611473619e+14,-3.332345832e+16,-4.506116561e+15,-1.247600314e+13,-2.899406593e+14,-1.144476258e+14,-2.191071214e+16,-111587.6634,-3.215470348e+14,-8.749225829e+14,-1.748842658e+10,-3.083524103e+16,-2.847082109e+14,-3.180020593e+16,-3.097142066e+16,-1.879620348e+15,-5.078994613e+13,-4.77223667e+15,-2.221619039e+13,-3.730548889e+13,-1.239747727e+14,-2.971968265e+14,-1.74590863e+14,-7.146346197e+15,-8.20013454e+14,-1.459823575e+16,-1.380105433e+14,-9.961557508e+14,-2.51124813e+10,-8991716305,-4.482971827e+14,-386519395.2,-92369981.35,-9.13987432e+11,-1.028040325e+10,-23474332.51,-2.221834985e+13,-1.261651266e+14,-4.861410726e+15,-1.889448357e+15,-2.270688613e+16,-1.201013469e+16,-7.215869842e+11,-1.514049704e+15,-5.148485629e+14,-7.627348106e+14,-1.69910175e+15,-4.99519746e+15,-5.814830959e+13,-1.974397752e+14,-8.599000676e+15)
mX=[100,3](0.2175396368,0.4692356113,0.1526723777,0.1299965734,0.6076085874,0.6008523814,0.3857764484,0.3956906513,0.3521982352,0.1933600108,0.5620725194,0.9591125294,0.1503535194,0.8579416386,0.6567882627,0.5187059746,0.07407006558,0.04049226627,0.2422244359,0.7391300666,0.3012184956,0.04520813191,0.9207205165,0.6682510045,0.9955058067,0.3225249802,0.8607941526,0.6118218426,0.4345539379,0.5952721856,0.8676199703,0.6762152338,0.5409117719,0.9640200286,0.3556659916,0.5625894377,0.2911601031,0.626945854,0.3912976683,0.5416380901,0.2902345874,0.973116074,0.4102405275,0.4976598528,0.9339277057,0.4680475578,0.9036995537,0.2477840637,0.3429505248,0.8365778851,0.2734541037,0.5623301732,0.7919756084,0.4099517269,0.2663000074,0.7728967493,0.1834791783,0.09820954497,0.5023953127,0.9871377995,0.6220107433,0.1372203498,0.4959724593,0.5811162399,0.194250822,0.7040816435,0.2200104298,0.9670363978,0.6262982662,0.7219595241,0.7025600619,0.7512978563,0.7141547684,0.8161939721,0.7385558717,0.7856276372,0.143723242,0.9172323745,0.8559522584,0.540685324,0.5329269692,0.9055115604,0.9525949987,0.005443455614,0.3057242032,0.3129192403,0.1260277331,0.6431614488,0.05120525612,0.6824993709,0.9328537952,0.1630531489,0.2884675807,0.8198732525,0.02040967965,0.8515546934,0.1676036569,0.2110214452,0.4299137324,0.6865787643,0.7497044081,0.03656528488,0.7727009701,0.2784419348,0.8886540822,0.8339071212,0.4192909238,0.3334465096,0.9492105474,0.114145394,0.7723965165,0.4884111221,0.9845633908,0.4409294496,0.07207739778,0.09860295719,0.360172587,0.1083497718,0.253121126,0.4765028796,0.5325632185,0.8788294851,0.106600102,0.02598551042,0.5972236962,0.8296630164,0.7495565933,0.2376209998,0.7852229145,0.4468528531,0.8999455452,0.07417967446,0.6752149882,0.01777336363,0.8087743209,0.8985364051,0.4534426768,0.1648425047,0.01290017516,0.5263272872,0.2198249668,0.3377297043,0.3746979317,0.2279456526,0.373755151,0.6839042142,0.5057343981,0.4350998281,0.654753161,0.0809151559,0.2935678582,0.6067177325,0.3847951211,0.1406014808,0.6788243595,0.3932869208,0.2905950946,0.6308451112,0.3934380093,0.2914419759,0.6262306602,0.3910300009,0.9983021159,0.9775410399,0.9962826348,0.02686778464,0.007570027543,1,0.9998466214,0.04169436573,0.05242152186,0.9983214751,0.9774827422,0.9962826348,0.1446553808,0.1666666667,0.75,0.7462015715,0.1559406122,0.1559422367,0.1446553808,0.1666666667,0.75,0.9983256832,0.9774700246,0.9962826348,0.1446553808,0.1666666667,0.75,0.1446553808,0.1666666667,0.75,1,1,0.01577831902,0.1380458132,0.7496076052,0.1670894616,0.1446553808,0.1666666667,0.75,5.551115123e-17,0.9743633241,0.95400924,0.1380458132,0.7496076052,0.1670894616,0.1446553808,0.1666666667,0.75,0.1446553808,0.1666666667,0.75,0.1380458132,0.7496076052,0.1670894616,0.1446553808,0.1666666667,0.75,0.1380458132,0.7496076052,0.1670894616,0.9869541868,0.7496076052,0.1670894616,0.9803446192,0.1666666667,0.75,0.9869541868,0.7496076052,0.1670894616,0.7462015715,0.1559406122,0.1559422367,0.7462015715,0.1559406122,0.1559422367,0.7940225718,0.9583333333,0.9583333333,0.1685658809,0.1559406122,0.1559422367,0.1685658809,0.1559406122,0.1559422367,0.1685658809,0.1559406122,0.1559422367,0.1685658809,0.1559406122,0.1559422367,0.145986229,0.1559782294,0.1627213756,0.1446553808,0.9583333333,0.9583333333,1,0.5931694991,1,1,0.6352735022,1,0.1446553808,0.75,0.9583333333,0.9919903342,0.5022526698,0.9583333333,0.1446553808,0.5,0.9583333333,0.9642933669,0.4948002751,0.1461347826,0.1372845209,0.5493898779,0.9572343762,0.1446553808,0.75,0.9583333333,0.9642933669,0.4948002751,0.1461347826,0.9803446192,0.75,0.9583333333,0.1446553808,0.5,0.9583333333,0.1659578327,0.5093729943,0.148716672,0.1446553808,0.75,0.9583333333,0.9869541868,0.9581371359,0.5008455898)
