mCurrentIter=50
mCounterStuck=0
mYPrev=-1.517195525e+20
mParameters.n_iterations=50
mParameters.n_inner_iterations=1000
mParameters.n_init_samples=50
mParameters.n_iter_relearn=1
mParameters.init_method=1
mParameters.surr_name=sGaussianProcessML
mParameters.sigma_s=1
mParameters.noise=1
mParameters.alpha=1
mParameters.beta=1
mParameters.sc_type=SC_MTL
mParameters.l_type=L_EMPIRICAL
mParameters.l_all=0
mParameters.epsilon=0
mParameters.force_jump=5
mParameters.kernel.name=kMaternARD5
mParameters.kernel.hp_mean=[1](1)
mParameters.kernel.hp_std=[1](10)
mParameters.mean.name=mConst
mParameters.mean.coef_mean=[1](1)
mParameters.mean.coef_std=[1](1000)
mParameters.crit_name=cEI
mParameters.crit_params=[0]()
mY=[100](-1.884437723e+19,-8.299208096e+16,-1.326312885e+21,-6.100777003e+19,-1.094460548e+21,-1.403200402e+17,-1.391193891e+18,-2.061405673e+20,-2.023492032e+20,-7.800607043e+17,-2.984241205e+21,-8.374743659e+19,-1.641806454e+15,-1.390171084e+13,-8.593838416e+20,-1.767541841e+18,-2.754760015e+20,-4.112893437e+20,-2.790314629e+19,-2.472435174e+20,-6.236000263e+20,-4.999228461e+18,-4.646123216e+19,-1.745528662e+19,-1.965229642e+20,-6.644861262e+20,-5.600057064e+18,-2.798967275e+15,-8.919018479e+17,-1.597845906e+20,-2.153380293e+20,-2.279821507e+20,-1.630692224e+18,-4.422604099e+20,-4.370389494e+20,-2.002311837e+20,-3.789836057e+20,-2.685773028e+21,-8.431098757e+20,-4.330568004e+20,-1.445693626e+21,-2.314106965e+19,-4.789042191e+19,-1.579442716e+21,-2.09762293e+18,-9.501180155e+19,-1.009644648e+19,-6.696569709e+18,-3.157901947e+20,-1.148619154e+19,-1.022614675e+21,-2.406005591e+21,-3.470695873e+21,-3.36680662e+19,-4.156909763e+20,-3.38480613e+19,-3.034675593e+19,-1.315696132e+20,-3.565868719e+18,-1.342476421e+20,-8.981299834e+16,-1.362903683e+19,-2.197103276e+21,-1.786468878e+17,-1.178371639e+20,-1.339131019e+21,-2.528174937e+19,-1.563549115e+19,-2.345844218e+17,-1.020549228e+20,-1.217003846e+18,-3.230954539e+18,-7.157682085e+19,-1.064664599e+16,-2.176955042e+16,-1.918464879e+17,-4.177356535e+19,-8.760981153e+19,-5.376230792e+18,-1.618196683e+17,-2.171919186e+21,-32158731.52,-1.379369853e+21,-9.363752153e+18,-1.806772921e+10,-1.287668957e+20,-2.709290847e+20,-6.372303007e+19,-2.150474832e+20,-4.38623752e+17,-2.248321141e+19,-1.67837147e+20,-6.744893207e+20,-1.052918671e+17,-3.434274751e+21,-2.084248814e+20,-3.268327179e+17,-1.28911093e+10,-2.139645842e+19,-1.517195525e+20)
mX=[100,3](0.1025360522,0.8134614998,0.1266723452,0.3173642969,0.003322995664,0.1677558994,0.3719041579,0.1832566187,0.8890138565,0.2046687285,0.9760381561,0.369779569,0.5347731577,0.2489098352,0.6721872031,0.09157664419,0.03525683391,0.2116899835,0.01652535291,0.5153791595,0.263754056,0.7883527615,0.5244126191,0.2358002394,0.7448217508,0.7545765455,0.3933653463,0.4750624677,0.9048113011,0.971397944,0.7799411287,0.7222212043,0.681017027,0.0701310642,0.6854961057,0.7850403701,0.5827861914,0.09007090987,0.0615027248,0.7256019488,0.1431754294,0.02846353264,0.4581940606,0.3981226314,0.6119523164,0.5120158928,0.6317093125,0.1064627814,0.981186439,0.5879321884,0.6394637028,0.2454726773,0.651043408,0.2919161543,0.6083506786,0.9893119083,0.5590470949,0.5536344312,0.793360075,0.05498155145,0.6746957917,0.3414753929,0.5191081844,0.402320955,0.760850344,0.928311629,0.8500507709,0.8458042095,0.6547329626,0.03624751817,0.4366000766,0.8778522812,0.63821586,0.2225655551,0.3341322902,0.1725836662,0.5417298468,0.5623014386,0.439276283,0.705207169,0.9949493116,0.9774336765,0.04796704568,0.4725078391,0.286209713,0.1027974133,0.1905000747,0.8714529642,0.1703801768,0.8181685265,0.9071602015,0.8305855529,0.3174018741,0.2606070472,0.4652797314,0.8572748616,0.2324528784,0.6170526711,0.005777467689,0.5713930072,0.361677901,0.8349985149,0.3494303427,0.5623741356,0.7153000492,0.6900366491,0.9271579468,0.1489717231,0.8291842302,0.4885126578,0.4427008438,0.4924602629,0.3133455517,0.7600515073,0.645234722,0.4465411374,0.5232284735,0.184235685,0.0778434707,0.590308071,0.1330916469,0.2918514988,0.4201520216,0.9398804632,0.2068455194,0.9543862537,0.3343153713,0.6754046365,0.7513174525,0.1523592772,0.1395595249,0.4942980459,0.952146916,0.9421719888,0.919394589,0.71396272,0.4064556648,0.09143841928,0.388541006,0.8664916721,0.7260834241,0.04516557037,0.3287441069,0.3545686459,0.8176372349,0.8876041512,0.2474368721,0.8801974365,0.2644849893,0.4000506711,0.7599256802,0.6576876816,0.717874861,0.4803775845,0.141911504,0.7944742471,0.481567973,9.45075427e-05,0.7534746322,0.4814314869,9.32871712e-05,0.7239373646,0.4726879553,0.0001007926373,0.7717216836,1.044799076e-14,1.694065895e-21,1,0.5899917547,7.287838431e-05,0.9999931794,0.4870119271,0.001184788966,0.7529282596,0,1,0.5764842892,0.358775215,0.0002217024145,0.5688511288,1,0,1,3.60822483e-16,1,0.5570507373,0,0.0001922564365,0.6793145115,1,9.711995998e-05,0.6550028294,0,0,1,1,1,0,8.360946584e-05,8.731270892e-05,0.6915082292,0,0,0.4844624715,1,1,1,1,1,0.5442351898,1,0.557749455,1,1.389239891e-17,1,3.179296921e-18,1,1,5.551115123e-17,6.938893904e-18,1,1,0,1,1,0.9829691808,0.001228231558,0.7531214686,0,0,1,0.4832916699,7.331071928e-05,1,0.4818040498,0.0005455254518,0.384666726,6.938893904e-18,1,5.601525516e-19,1,1,1.387778781e-17,1,1.006384859e-17,5.728998088e-22,1,1,0,0.9999894692,0.9999870247,0.746590674,0.9999908874,8.310516059e-05,0.2099550621,0,3.368500953e-05,0.7543202319,0.4754909753,0.9999684384,0.3688423041,0.512120418,0.0003511195176,0.580754986,0.0001935516193,0.4288830631,0.6079208638,0.7014268539,1,1,0.5934611094,0.9994289423,0.7004881066,0.2465831352,0.0005471163859,1,0,0.0004298759241,0.7535083751,0.9819307266,1.525058745e-05,0.7543169509,0.3888888889,0.5,0.5,0.4092887489,0.5548517184,0.4739563614,0.999987622,0.5606227949,8.336743516e-05,0,0,0,0.9999815885,0.4911500773,0.7528983839,0.6259136092,0.4133701561,1)
