mCurrentIter=100
mCounterStuck=0
mYPrev=-31.55687692
mParameters.n_iterations=100
mParameters.n_inner_iterations=1000
mParameters.n_init_samples=100
mParameters.n_iter_relearn=1
mParameters.init_method=1
mParameters.surr_name=sGaussianProcessML
mParameters.sigma_s=1
mParameters.noise=1
mParameters.alpha=1
mParameters.beta=1
mParameters.sc_type=SC_MTL
mParameters.l_type=L_EMPIRICAL
mParameters.l_all=0
mParameters.epsilon=0
mParameters.force_jump=5
mParameters.kernel.name=kMaternARD5
mParameters.kernel.hp_mean=[1](1)
mParameters.kernel.hp_std=[1](10)
mParameters.mean.name=mConst
mParameters.mean.coef_mean=[1](1)
mParameters.mean.coef_std=[1](1000)
mParameters.crit_name=cEI
mParameters.crit_params=[0]()
mY=[200](15.11790394,-18.07764937,45.85493798,-16.66188982,20.4073309,609.4069258,-26.55239895,-7.016277733,-3.724868364,-0.6356190519,3129.011583,-4.670480035,-28.97466876,-16.35648015,2145.313167,-31.37809361,2.083543747,1069.585578,-16.13353511,19.79418289,-27.92365717,3445.481934,81.49492823,-7.632293598,-24.34933824,34.6677633,17.51504326,-5.674312404,-0.9000146468,16.31485523,1.303175035,12.76829293,97.85092476,29.99855537,-8.931900749,27.14696962,6.883167441,433.1424496,-31.98774886,595.7335904,-1.548494921,26.51431131,-0.8125064909,-0.02066057785,16.23804535,13.3459693,16.05131589,-11.320799,10.14253064,16.30663806,-20.39892376,-26.53842283,-12.3734991,20.88785053,235.4749832,12.28972367,-1.119210812,-17.4106114,3398.06211,-8.335673064,-0.4934704888,19.90213929,-15.15948711,120.3046478,20.23067688,42.24678333,-25.08490617,1531.27911,5.284250792,11.35860672,19.88178475,-28.17188125,-4.383908685,11.46704032,-4.349928997,519.6294296,-30.76943254,96.66502843,37.19052373,18.53820446,50.71526097,-35.32131232,25.40211806,-29.10564067,-29.31687523,-5.182112503,41.74263078,20.55867273,25.11898255,426.2392398,137.6344555,672.4613611,10.90923168,-11.86564073,-20.16765701,1057.162817,-0.3488604067,59.27080966,34.34908589,-30.95415821,-16.5449274,-24.33191917,-29.25749689,-26.56614415,-31.60249616,-16.17296956,-22.62790246,-25.48027876,-26.47662926,-21.9075325,-29.5060916,-26.91849578,-19.90348843,-21.86092831,-25.88639418,37.70872882,-18.54736137,3.484794312,-29.66486462,-22.75214451,-25.07312076,-25.87640683,-6.611138324,-19.43733791,-25.29642724,-28.15509218,24.62012971,-25.51739951,-27.08633125,-25.53325151,2.451032194,-3.221016467,-14.50830058,-21.53217898,-24.28679612,-30.89836282,-26.20616353,-11.62681125,-18.8376524,-19.29188934,-31.12151539,-17.48001642,-17.18618558,-2.194703116,-18.95979854,4.984133814,-20.86659403,-20.79229801,-26.86570162,-23.68094198,-22.50973973,-5.644586986,-24.85536267,-29.348253,-28.79136873,-21.62294749,8.313009702,-18.3012838,33.24946895,-25.96386486,10.11565568,-32.30748396,-25.32928893,-29.58815065,-5.96024341,-15.92391647,-19.13502841,-13.2858908,-20.40499896,0.1148546356,-21.66625814,-16.19011589,-33.16599906,14.61083092,-32.17017445,-23.22465619,-17.02367268,-25.58506612,-33.70296283,-21.39186193,-3.178621094,-19.45409222,-11.58345167,-20.92259986,-23.62113795,-29.26858055,-14.02485212,-28.68075938,-5.553680966,-22.29428015,-28.77049119,-6.097676771,-15.03915974,-26.49804873,-27.49098719,-13.12243207,-18.39939035,-0.5255602822,-27.74259924,-31.55687692)
mX=[200,3](0.2448761202,0.5273246031,0.8604381467,0.8286575094,0.4020645176,0.6388026281,0.5118004134,0.7900480618,0.9617873879,0.876191475,0.5800618847,0.08225300885,0.6219907591,0.1228287677,0.5777362968,0.8184465723,0.3976554187,0.03530100226,0.8921250019,0.7314396498,0.2458711493,0.3791423514,0.7774072622,0.4589785244,0.3046806937,0.176081914,0.7648015673,0.9334452368,0.3686790227,0.415629998,0.9284984124,0.1389131883,0.02419516677,0.2329089705,0.7488222421,0.1398897886,0.1042120397,0.3856601978,0.5884114741,0.03772132483,0.6735514863,0.5545250856,0.6012874156,0.03872493768,0.1616928071,0.4039783987,0.5797650179,0.3258928778,0.7750082199,0.2086131569,0.6103508028,0.7483405257,0.02375614882,0.2699030164,0.3305238388,0.5543522026,0.211648142,0.4394338308,0.5330494708,0.8899753503,0.8575647863,0.4728961447,0.534224263,0.6105401789,0.810442266,0.001321016152,0.445932117,0.5012772892,0.09453714418,0.1451653581,0.2561236108,0.7559975589,0.1295576364,0.6641909435,0.3028458857,0.5377514457,0.7164341739,0.9256000133,0.7142726502,0.3127040662,0.3530977149,0.1977921616,0.1410624022,0.7477638251,0.4560086328,0.309730911,0.3849491393,0.9042226668,0.9158657043,0.1870739597,0.0620460778,0.8410807048,0.3650726869,0.3117980305,0.1138477211,0.5447813286,0.8424299626,0.1843249718,0.4316912162,0.5682780901,0.9533691726,0.6287180596,0.3675556951,0.4435234719,0.2872886589,0.6386906823,0.2977043909,0.947351588,0.4246686053,0.8557890362,0.2723789753,0.2172959789,0.2255711986,0.2026225197,0.7515644878,0.4865978046,0.4627480534,0.09276696167,0.2837173639,0.1456718001,0.4935974852,0.4167684655,0.78737375,0.2974803232,0.8903462454,0.1150780165,0.134390233,0.3794581114,0.7995180497,0.5762227836,0.3236230197,0.8006003158,0.9139668572,0.726563,0.8250536243,0.3936641463,0.60839128,0.07790592712,0.9932521079,0.9230532164,0.4264523216,0.7909368539,0.7606568425,0.2552162741,0.08625558906,0.05329618347,0.8363109771,0.4690150618,0.6910184563,0.8165111632,0.6417639332,0.5954857442,0.6020683865,0.5275712433,0.6261757872,0.2912034951,0.05448706064,0.2179323556,0.7214855242,0.1813451305,0.4297293214,0.9101493075,0.8848786171,0.1663484916,0.3485262651,0.3873812183,0.2453636281,0.8752234447,0.2762733062,0.08380585803,0.7039241338,0.7841205157,0.5658301457,0.6516153828,0.1169576352,0.0007999944128,0.06037191164,0.6800271609,0.492665116,0.7396897157,0.5945586425,0.1559759483,0.6976947368,0.486561721,0.9090455875,0.5611187129,0.5532215367,0.2770282932,0.6612312933,0.205938528,0.1008025097,0.4085639484,0.2659552269,0.8851090086,0.1049583844,0.6561012862,0.9984364987,0.6789730809,0.5037335527,0.6576867394,0.173378,0.358809385,0.0138996548,0.2258624558,0.5887589858,0.6415002268,0.7777573951,0.01210761957,0.8716716273,0.5009713213,0.02586638421,0.9325299665,0.330465691,0.8691691169,0.7093419894,0.1959073301,0.7666440744,0.805987738,0.3955071972,0.8051945077,0.2651603188,0.8482257473,0.3453785088,0.7842120911,0.5205735399,0.9456305713,0.3385151628,0.1294168868,0.7035549345,0.5108286564,0.4938483101,0.9820074184,0.9885803098,0.05287939727,0.6721257881,0.197577284,0.9991035323,0.8340586354,0.6810247834,0.853721088,0.9785113158,0.8674945541,0.9720308695,0.1544785636,0.4535580969,0.4851190897,0.544805753,0.06882624349,0.5911858464,0.4706761449,0.3581328272,0.440560367,0.1791268937,0.3448460462,0.4774492975,0.07120774015,0.6390389397,0.6806587917,0.7379219108,0.7555322655,0.9597131798,0.7259976016,0.04800971389,0.9020011527,0.3204201734,0.6177294393,0.8973418492,0.2253285411,0.07304550535,0.3174185903,0.2558108734,0.9456782602,0.04442221673,0.1626599351,0.9784333918,0.01643087445,0.4130236315,0.827565959,0.6496291101,0.007219219948,0.461121907,0.7115124668,0.9538652934,0.4353039048,0.5129070214,0.04977330055,0.2329063017,0.1519574494,0.6912053381,0.8396814919,0.2384531839,0.6696530123,0.9690800349,0.9312397797,0.9618494633,0.09901979236,0.9827242615,0.28044972,0.5479715032,0.3702742205,0.01558560605,0.583317445,0.2521040588,0.9999798012,0.5668734766,0.2662545296,8.973480823e-05,0.6125258871,0.2531983999,0.9999779964,0.6358275446,0.3857397989,9.694886302e-05,0.4872800494,0.3591733347,0.000101665151,0.728995669,0.280934086,9.691400656e-05,0.2976343933,0.5462627769,0.9999807402,0.5670942699,0.2579184549,9.721621979e-05,0.6060232626,0.4458926983,0.9999781506,0.5145106813,0.339011419,9.688552833e-05,0.456090203,0.3955597238,0.0001017574779,0.3052603083,0.5462781867,0.9999780932,0.6570410859,0.5073456239,9.719454625e-05,0.5790291788,0.2430428717,0,0.4968652818,0.5768976343,0.0001019638531,0.9999744781,0.2347025244,9.654888806e-05,0.7383966383,0.2770847052,0.9999713082,0.3166496175,0.5550921697,0.999973234,0.5983766416,0.2551162451,0.999984549,0.7089014987,0.3249393602,9.696611469e-05,0.6396656625,0.4073169574,0.0001052582042,0.4393972838,0.4324640714,0.9999780996,0.7213696183,0.6422927004,9.690879273e-05,0.3484975287,0.6491416363,0,0.5713096016,0.5310418947,9.180027691e-05,0.5752925302,0.2402174494,9.682810228e-05,0.8209539653,0.7631359682,0.9999781586,0.5138346107,0.3977852818,0.0001046759722,0.3154701074,0.4932754226,0.9999782089,0.6515123099,0.4630435618,0.0001051725149,0.8378427013,0.2627411222,0.9999782967,0.3418729081,0.6926375216,9.344223211e-05,0.5623796354,0.2381270216,0,0.4903462931,0.6187899512,9.720231064e-05,0.4968951386,0.3221634718,9.685277177e-05,0.5269469113,0.4672822396,0.9999722432,0.6318324911,0.2611979888,0.9999784266,0.7018623534,0.575055574,0.9999786641,0.4890046026,0.599418896,9.406957223e-05,0.6864480047,0.261572922,9.68756416e-05,0.4072676826,0.5115469341,0.9999805125,0.7366983494,0.32649442,0.9999781235,0.4752647298,0.4013248621,0,0.698145681,0.635209538,9.428144748e-05,0.6815647504,0.3765099283,0.9999737818,0.3237272042,0.5210061526,9.694195735e-05,0.6191613027,0.5067415034,9.055851749e-05,0.262874966,0.6195379573,9.946468542e-05,0.4212899279,0.4133103177,0.9999958387,0.5606937529,0.2492052705,0.0001023647005,0.6580991422,0.2685457605,0.9999801359,0.5690155868,0.7143618791,0.9999781807,0.5753054727,0.5131704312,0,0.4422923251,0.5589619371,0.9999780403,0.5967501035,0.3987747657,0.0001021628767,0.5174658229,0.2961953569,0.9999789267,0.1909820748,0.8079061828,9.681414926e-05,0.3705478158,0.6863382202,0.9999709451,0.9911134079,0.251016051,0.9999802132,0.6461099648,0.2811888529,0.9999781682,0.7734464666,0.7150435133,9.052898683e-05,0.3717592529,0.4629554406,9.690410876e-05,0.5803368904,0.3529810904,9.717912951e-05,0.5188304676,0.4542022397,9.036460218e-05,0.5637867027,0.7118590321,0.9999780448,0.7177992967,0.4677814166,9.7173048e-05,0.5758978327,0.5783217156,0.9999774555,0.4082786567,0.6047985194,0.9999780841,0.4584467764,0.4441471964,0.9999781564,0.2873534381,0.7135977053,0.9999780975,0.5875981055,0.567278851,9.686546635e-05,0.2521989482,0.5469194363,9.586182226e-05,0.4385124898,0.5297921928,8.866479968e-05,0.9001080002,0.2401531823,0.9586734941,0.5757547423,0.2232730489,0.9266087981,0.5113700867,0.3182122706,9.700891781e-05,0.6812381523,0.4673097017,9.691410486e-05,0.4458974565,0.3841018309,0.7004745354,0.5617579506,0.442971984,0.000108885031,0.2635447755,0.6368519444,0.9999827868,0.8019038228,0.3009520191,9.699568213e-05,0.4527265352,0.6437149488,0.2957264758,0.5766974815,0.215330504,0.2402243241,0.6627675923,0.2486026777,0.9999779706,0.6477817189,0.3474511898,9.715296926e-05,0.504973838,0.5045295632,0.937881307,0.3921627365,0.4889620039,9.70971281e-05,0.5454449617,0.4080311343,0.9999780182,0.7631112067,0.564008289,0.0001040696734,0.2870282999,0.4886498725,9.690663463e-05,0.3762088453,0.5743165155,9.670500131e-05,0.7201508635,0.5785328411,0.5259287729,0.5683055452,0.2250386284,0,0.3903155286,0.4327915337,0.9999779277,0.5726202064,0.4879285261,0.07260958234,0.7661525931,0.2764248958,9.789777237e-05,0.7209672406,0.3707404676,0.9999783438,0.4773890979,0.7651792857,0.5658945619,0.6499577263,0.2600140658,0.5355616214,0.5832637741,0.3265688521)
