mCurrentIter=50
mCounterStuck=0
mYPrev=-3.42399182e+11
mParameters.n_iterations=50
mParameters.n_inner_iterations=1000
mParameters.n_init_samples=50
mParameters.n_iter_relearn=1
mParameters.init_method=1
mParameters.surr_name=sGaussianProcessML
mParameters.sigma_s=1
mParameters.noise=1
mParameters.alpha=1
mParameters.beta=1
mParameters.sc_type=SC_MTL
mParameters.l_type=L_EMPIRICAL
mParameters.l_all=0
mParameters.epsilon=0
mParameters.force_jump=5
mParameters.kernel.name=kMaternARD5
mParameters.kernel.hp_mean=[1](1)
mParameters.kernel.hp_std=[1](10)
mParameters.mean.name=mConst
mParameters.mean.coef_mean=[1](1)
mParameters.mean.coef_std=[1](1000)
mParameters.crit_name=cEI
mParameters.crit_params=[0]()
mY=[100](-8.613824546e+15,-2.396100615e+13,-6.114305026e+14,-2.264239767e+13,-1.080108172e+15,-1.40957033e+14,-5.868687453e+15,-1.122146859e+15,-3.711726464e+14,-5.234353425e+14,-2.831469948e+14,-3.507198926e+15,-5.155743118e+14,-1.400528689e+14,-1.664425418e+13,-1.376080782e+16,-1.650391984e+16,-1.265516374e+14,-7.160303424e+11,-7.793513096e+14,-7.291681498e+15,-1.379233315e+14,-4.75832353e+16,-9.239996194e+14,-5.344531887e+14,-3.723470803e+13,-4.600506094e+13,-2.597585668e+16,-6.236999664e+16,-1.121312451e+12,-3.801578747e+11,-3.279228148e+14,-2.943702161e+10,-1.115795042e+14,-1571.599692,-3.414577202e+13,-2.436651702e+16,-1.862155928e+15,-1.039778729e+12,-2.370610785e+15,-3.254264051e+16,-5.388028014e+13,-2.033892335e+15,-3.962209397e+13,-6.548651831e+12,-1.376491692e+15,-6.418888828e+12,-3.096736232e+13,-6.399410604e+13,-9.434919823e+15,-7.521508527e+15,-7.787280565e+14,-1.247944713e+14,-1.818503196e+12,-2.412970701e+15,-1.267588998e+16,-5.110332393e+12,-1.585267902e+13,-6.298818202e+15,-730.7433654,-9.174252733e+10,-5.354388828e+10,-1.11063781e+15,-2045.356948,-2.081043514e+16,-1.214524469e+16,-9.915611957e+14,-8.474604453e+12,-1.656363625e+14,-1.073779449e+12,-6.350119179e+12,-6.331675849e+14,-6.993643849e+14,-9.153661714e+11,-8.381238619e+15,-1.916380576e+13,-8.11571876e+15,-2.115659303e+14,-5.121730283e+15,-1.295123768e+15,-1757848631,-1.001315218e+15,-9.165599391e+10,-4.238776703e+14,-3.147375427e+16,-1.287792282e+13,-9.715731347e+10,-5.943405813e+15,-1.038769331e+14,-1.305736111e+15,-6.361489638e+16,-2.704962257e+15,-6680.961075,-3.007195635e+14,-416.8930879,-1512.962708,-1.663671797e+11,-4.770605488e+10,-2.297750941e+12,-3.42399182e+11)
mX=[100,3](0.4608158859,0.2064873559,0.6881495899,0.9325093985,0.2908097303,0.9726297783,0.1749821601,0.829191688,0.5547991359,0.2769490986,0.08537495575,0.3613745272,0.2871122996,0.1069858758,0.583441104,0.3031149179,0.1446138771,0.3365904795,0.5608189955,0.5342963946,0.04518445303,0.6296306136,0.5985690501,0.2987358881,0.7710690991,0.6900924688,0.7467765707,0.7327595828,0.647434423,0.8284480314,0.4354186442,0.6651741076,0.4424151047,0.07167001029,0.07292605567,0.5183072149,0.3347735838,0.5504432111,0.2283138286,0.5022961265,0.8496575363,0.6548500124,0.5469000076,0.03448717754,0.4614817841,0.3810221492,0.4157970078,0.6734639989,0.3724341452,0.7523332538,0.3025871284,0.01833540882,0.5753652782,0.4360529551,0.04985288241,0.4623298171,0.07707447762,0.147424972,0.8066607281,0.5770525323,0.1242068274,0.1987331887,0.8031887971,0.8468610224,0.4985618233,0.7905875786,0.6834674897,0.6077922586,0.3821397831,0.7010573795,0.2639257228,0.5379212425,0.8030105635,0.6265888397,0.3504429906,0.8375706263,0.9188261739,0.6316986223,0.1103731116,0.5029212624,0.03161086968,0.9168640316,0.7734525719,0.2085468531,0.6568011566,0.2415856116,0.7606171453,0.9818004274,0.3453413403,0.9234779083,0.03170796056,0.9235382595,0.8924279869,0.3494146591,0.7301146663,0.7048715326,0.9736106794,0.2341117113,0.4099895741,0.6007367195,0.3623163474,0.1949610912,0.9561106027,0.04304790028,0.09990035689,0.4943875038,0.8732541504,0.8551197442,0.6637442136,0.799781504,0.1582604797,0.7483686492,0.886306175,0.1200328512,0.4459544584,0.9589656286,0.9909948593,0.2030864712,0.0004858577298,0.9114422376,0.2434799122,0.3833820305,0.6131352534,0.0963706366,0.718338164,0.8699302865,0.876708098,0.9863125064,0.2727076408,0.5952457368,0.4261783746,0.2453066193,0.1854493956,0.4538941278,0.01896478052,0.52197711,0.1212381574,0.7363966137,0.7965255415,0.1735068645,0.1031805345,0.2368231554,0.9686995795,0.4864580034,0.8853809833,0.3311757162,0.1787497354,0.41615582,0.3053389244,0.9436066379,0.6649432096,0.09202740878,0.7762995633,0.6639594677,0.4364112293,0.7491232982,0.6524623966,0.2479172137,0.9983526013,1,0.2531912413,0.7608125527,0.6526003574,0.2431026254,0.7548376251,0.6569799372,0.2412954824,0.7608810348,1,1,0,0.04343250489,1,0.03162866713,3.469446952e-18,6.938893904e-18,1,0.9614905459,0.05875540355,2.775557562e-17,0.9953907525,0.9831843324,1,6.938893904e-18,1,0.03202028792,0.04618246235,6.938893904e-18,1,1,1.110223025e-16,6.938893904e-18,0.511455324,0.06525189929,0.7598502753,0.4385335448,0.418516294,0.7627470807,0.7059334951,0.4372157767,0.7588842089,1,1,0,0.6979874465,0.06723554879,0.7616416077,3.465823103e-18,1,0,0.9583333333,1,0.5142977396,0.6568582603,0,0.9307528936,0.9861111111,0.5,0.5,1.387778781e-17,1,0.04946112688,0.2228294533,0.05499419291,1,0.003719987696,1,0.122805392,0.09449760357,0.02837328176,0.8237725189,0.1532733708,0.5351501958,1,0.0158518103,0.3512848835,0.4575200049,0.05555555556,0.5,0.5,4.163336342e-17,0.04255192058,0.02956399817,0.578058783,1,0,1,1,1,0.9583470341,1,0.3892977412,0.9221846346,0.6690465008,0.0300859631,1,0.7272676249,5.421010862e-20,1,0.6946498827,2.775557562e-17,0.6648278069,0.620487633,0.7592408149,0.6561789972,0.01730494968,0.7589729981,0.6572972432,0.410965815,0.7738385118,0.5073048188,0.06540982688,0.7666589182,0.5065162761,0.06528848941,0.7672222306,0.4449037568,0,0,0.4716096564,1,1.040834086e-17,3.469446952e-17,0,1.218087876e-18,0.4986835429,1.249000903e-16,1.387778781e-17,0.009875372492,1,1,0.004017245765,0.9996109875,0.9921808188,0.5,1,1,0.03479044531,0.01733241241,0.3986279039)
