mCurrentIter=50
mCounterStuck=0
mYPrev=-6.452729487e+24
mParameters.n_iterations=50
mParameters.n_inner_iterations=1000
mParameters.n_init_samples=50
mParameters.n_iter_relearn=1
mParameters.init_method=1
mParameters.surr_name=sGaussianProcessML
mParameters.sigma_s=1
mParameters.noise=1
mParameters.alpha=1
mParameters.beta=1
mParameters.sc_type=SC_MTL
mParameters.l_type=L_EMPIRICAL
mParameters.l_all=0
mParameters.epsilon=0
mParameters.force_jump=5
mParameters.kernel.name=kMaternARD5
mParameters.kernel.hp_mean=[1](1)
mParameters.kernel.hp_std=[1](10)
mParameters.mean.name=mConst
mParameters.mean.coef_mean=[1](1)
mParameters.mean.coef_std=[1](1000)
mParameters.crit_name=cEI
mParameters.crit_params=[0]()
mY=[100](-2.007633221e+26,-3.92942465e+25,-1.366652106e+22,-1.467104484e+26,-4.8519244e+26,-1.323610923e+27,-4.832129788e+25,-2.286250448e+23,-2.873427091e+24,-3.692946304e+26,-7.587657566e+25,-2.179520614e+26,-3.047396104e+23,-6.124525608e+26,-2.311124429e+25,-1.30244859e+25,-1.201263581e+28,-2.875087802e+27,-5.973182165e+23,-3.12913353e+25,-8.058537484e+24,-3.29143076e+27,-1.361243625e+25,-4.546205949e+25,-2.631720826e+25,-9.283955507e+24,-5.120828716e+26,-8.920864272e+21,-2.719874496e+27,-7.284912418e+25,-1.057257775e+27,-9.077288991e+23,-1.013505919e+26,-1.409752354e+26,-2.227193092e+27,-8.468744743e+26,-8.27014203e+26,-8.393628441e+25,-8.624833025e+26,-5.468288997e+25,-6.588212836e+23,-2.213041354e+24,-5.200129728e+27,-3.149636729e+25,-2.33061795e+26,-1.435765013e+27,-2.628050766e+26,-5.030161164e+26,-2.486586558e+26,-9.461074615e+25,-3.755306195e+26,-5.770703775e+26,-1.189758477e+27,-3.391822515e+27,-3.216576486e+23,-7.084892316e+23,-1.78125065e+27,-2.14897184e+26,-6.77439909e+27,-1.558724091e+25,-3.500940131e+27,-4.472939341e+18,-5.782233545e+24,-2.632593251e+23,-1.025349186e+27,-8.288641446e+24,-9.081341201e+26,-1.977966989e+23,-1.351579846e+24,-4.110044683e+27,-2.510533522e+24,-2.2029561e+25,-8.540117784e+26,-5.247753579e+25,-1.343797041e+24,-4.415039927e+17,-1.906053067e+21,-2.02396599e+27,-8.91511871e+26,-1.728544879e+22,-1.059229347e+26,-2.224193047e+25,-7.624208955e+24,-7.070810963e+23,-1.731183896e+24,-5.513210911e+25,-2.042870237e+27,-3.398457678e+25,-3.663265556e+26,-4.68367458e+27,-1.880629012e+26,-1.255333071e+27,-7.717414108e+23,-1.943000596e+27,-3.176712208e+24,-1.637559339e+25,-3.252865142e+26,-8.708598683e+24,-6.201065945e+24,-6.452729487e+24)
mX=[100,3](0.2491064437,0.2838141967,0.6084674567,0.8389571108,0.3246870576,0.6211961581,0.07818451633,0.3034473042,0.1111384965,0.6989083517,0.7812814502,0.0122099393,0.9144781021,0.6496406874,0.3257573014,0.434764615,0.8671272368,0.1703480051,0.009243047652,0.1634894022,0.3697734875,0.9917175629,0.2307256795,0.2714504011,0.1198934902,0.0793950025,0.5300761111,0.6174168676,0.7380429404,0.7150136929,0.8457896847,0.6797715827,0.7550288255,0.1340298184,0.4056472657,0.2870952656,0.3051787909,0.975336968,0.8377750945,0.8747000064,0.628735925,0.3946022118,0.7397173033,0.8485860359,0.2595768255,0.7887904194,0.2107772629,0.4031725347,0.3224816182,0.5684461808,0.4216668018,0.701227661,0.7077086619,0.1916799712,0.2288872572,0.2576865599,0.2161079007,0.5230319661,0.9254824727,0.5829884419,0.05079701712,0.9978826412,0.1578870956,0.154843867,0.3616082117,0.7233606958,0.66738946,0.8059842864,0.9051044895,0.4625829932,0.1047823592,0.05540211796,0.9672952988,0.4716252587,0.5535494054,0.4524226472,0.02225353009,0.4769442976,0.8824335319,0.5410852349,0.9442558704,0.1762204625,0.2609600589,0.0215549236,0.5020807739,0.4237518534,0.8599940063,0.5810483528,0.9423682636,0.6769570102,0.4999959704,0.1392573117,0.8094317609,0.08731913548,0.8369152893,0.1263923535,0.215941413,0.1461466451,0.08006509267,0.3947992797,0.7562678365,0.5709351103,0.8195369737,0.4483864639,0.8858801417,0.2861359141,0.6999772919,0.9829705838,0.3404190583,0.5174848785,0.9299616564,0.2682882818,0.9020047218,0.8650053735,0.5413186317,0.05860630274,0.6440982481,0.02731235054,0.08648797629,0.4599327237,0.6281902669,0.0087246675,0.34409677,0.9223991089,0.4873775165,0.4942565402,0.5795833113,0.3999689806,0.3092883175,0.3665375659,0.19607222,0.2269386272,0.1961004314,0.5843475661,0.7909640122,0.6513959167,0.520868647,0.7652385921,0.7661528918,0.7687486829,0.6858671571,0.9516501591,0.3558424491,0.5128743825,0.4151564645,0.8905047792,0.07953864823,0.7499322505,0.6103574832,0.9756376565,0.3633931684,0.5681052652,0.3102009594,0.3185943876,0.6440296261,0.4184322921,0.3154833324,0.5644101222,0.4280400457,0.3230285617,0.5687857609,0.4215880931,1.008115387e-34,1,4.531453098e-14,0,0.5687292032,0.4210761242,0,0.5690144024,0.4205391524,0,0.5698615081,0.4217313567,0.5,0.5,0.05555555556,1,6.124560824e-15,1,1,1,1.425153855e-20,1,3.087057594e-15,6.93890807e-16,1,1,1,0.5824732307,0.4365386911,9.986330168e-05,0,0.5690798121,0.1825610207,0.471198811,0.4391464496,0.02397523091,0.3204245109,0.5682809268,0.4227864497,0.9397830729,0.002232441421,1,1,0.1789267702,1,0.430276504,0.3261847883,1,1,0.3398330619,1,0.5452937582,0.2612131126,1,1,1,3.664845984e-15,1,1,0.04249405883,1,0.72418587,0.04058849467,1,7.632783294e-17,6.938893904e-18,1,0.4524601256,0.01661989878,0,0.5710494806,0.4229482043,0,0.5678624218,0.181628112,0.5,0.5,0.05555555556,6.938893904e-18,1,1,6.938893904e-18,1,1,0.9049932201,0.9849521536,1,1,1,0.9695138994,0.5414620739,1,1,0,1,1,0.02044639262,0.7003807392,0.944611356,3.885780586e-16,8.049116929e-16,0.8074345088,5.204170428e-18,0,1,0.1976637325,0.391456333,1,8.67361738e-19,0.3288048772,1,0.3340058961,9.571551049e-17,1,1,1.619657617e-17,1,0.4853100434,0,1,1,0.7329198152,1,1,7.166898746e-15,1,0.5111819284,0.3557729185,1,0.5414620739,1,1,0,0.7812623744,1,0.03002455958,0.9881303603,1)
