mCurrentIter=41
mCounterStuck=0
mYPrev=-53.3582162
mParameters.n_iterations=100
mParameters.n_inner_iterations=1000
mParameters.n_init_samples=100
mParameters.n_iter_relearn=1
mParameters.init_method=1
mParameters.surr_name=sGaussianProcessML
mParameters.sigma_s=1
mParameters.noise=1
mParameters.alpha=1
mParameters.beta=1
mParameters.sc_type=SC_MTL
mParameters.l_type=L_EMPIRICAL
mParameters.l_all=0
mParameters.epsilon=0
mParameters.force_jump=5
mParameters.kernel.name=kMaternARD5
mParameters.kernel.hp_mean=[1](1)
mParameters.kernel.hp_std=[1](10)
mParameters.mean.name=mConst
mParameters.mean.coef_mean=[1](1)
mParameters.mean.coef_std=[1](1000)
mParameters.crit_name=cEI
mParameters.crit_params=[0]()
mY=[141](18.96150402,2289.631927,2171.625095,-1.033247571,51.05778072,199.7937312,15.29961185,-23.84971338,-2.456906347,205.961469,-26.3003493,2798.705841,-22.1914508,14.01721338,2869.091587,-19.68621136,-35.51464141,-21.61627729,86.29886151,20.08768916,-53.18848035,28.39774883,-6.35741445,29.11031834,-30.94526696,872.3490103,1402.222667,-35.79208278,33.62749447,-13.059884,2630.318352,40.34295913,-25.11491049,-51.10495212,295.8300442,35.22483823,1075.961984,-24.52674273,-19.52142511,230.1861686,-19.84932572,-47.09125328,365.3314787,2159.555068,18.44614648,8.233826583,-9.990152565,20.09624872,-3.732743676,-6.032548201,-22.78521753,164.6685639,-21.97175854,22.92896102,-9.341539266,9.233517031,-46.49361697,-40.67410572,-11.59948587,37.09738327,16.19535595,45.08075296,26.87942621,20.35714278,36.6278472,-7.430104066,-23.18282485,32.04278897,-14.52937511,-3.00453435,57.64473818,10.25687193,13.13223472,-1.326849005,10.26712146,30.88470227,15.20217411,-53.99170467,99.63743171,419.6114899,79.30806704,7.520314584,371.0440339,-33.47303031,254.3633903,-51.43219966,0.1618783192,2409.146741,-43.01132698,3855.646912,-43.55757228,9.802425462,19.40564994,-53.1748659,12.36831588,-3.580459992,4.811957779,-2.936930127,30.72204149,1914.296157,-46.54964504,-24.23416591,-32.58608991,-38.46374139,-37.90751038,-34.77189857,-44.9242694,-20.56526791,-49.35026073,-50.19258598,-23.42106369,-39.58958933,-41.9878149,-35.27412166,-19.85914672,-30.75429596,-31.00001984,-39.7664094,-44.99114728,-48.71096203,-46.29273936,-37.27063954,-28.43617895,-27.00089564,-41.38575076,-36.50561414,-28.34139702,-28.04606786,-30.14527924,-32.07016293,-54.81218348,-38.97492911,-39.29847735,-36.96744105,-34.62704985,-44.23317025,-49.32935036,-35.27199615,-25.67006383,-45.57171419,-53.3582162)
mX=[141,3](0.2894491725,0.6110187938,0.9448509358,0.6355194994,0.0193321301,0.1430800617,0.06053601792,0.08256604186,0.1384035432,0.5744793973,0.09500588572,0.5951894765,0.4811530384,0.3513534523,0.280916751,0.3028064723,0.8749596488,0.08242808274,0.08004088548,0.6317183761,0.9087754839,0.7444637019,0.428710831,0.7462185404,0.5811480499,0.2969287694,0.8787387884,0.2723760474,0.2205805884,0.2555136254,0.5088861271,0.2595794709,0.4634842768,0.0700132966,0.1271844226,0.06884528398,0.3688183097,0.141738279,0.6389510994,0.8319997417,0.8457233793,0.2197464371,0.8750194504,0.2078978124,0.02832577319,0.3564538914,0.3476038791,0.7848748203,0.2233289706,0.1512600194,0.6299056903,0.8546989131,0.3073259837,0.7032041902,0.9118497358,0.3708476627,0.2716219232,0.6527693877,0.5859853809,0.9724263521,0.1286163024,0.4919443421,0.3486603096,0.7220275321,0.2626663722,0.3713007837,0.3151558642,0.6743821636,0.7797004299,0.1561624738,0.9135341829,0.2449158552,0.5144717331,0.7015239375,0.576619863,0.3879741682,0.555106572,0.03619607009,0.6945746469,0.1178732578,0.1852123602,0.6080972784,0.4127429557,0.3269867837,0.4574031766,0.9787945479,0.2605618014,0.0478049965,0.7908162057,0.4965710335,0.03051139375,0.1066671272,0.07623907758,0.8676065863,0.1658725322,0.5030825219,0.543900238,0.6654604632,0.6408623111,0.4064429345,0.5422485746,0.3655464574,0.9497271379,0.05704067221,0.3842026113,0.9939729953,0.5333378152,0.1577985431,0.4951411992,0.436061501,0.04554825558,0.2015572963,0.07564510085,0.6620542367,0.1976345204,0.6819845122,0.1765588116,0.9719048989,0.3885212401,0.227869352,0.7989092559,0.7644319256,0.5179177694,0.5223869571,0.5272202148,0.4105145275,0.7720124662,0.06494355184,0.3543092779,0.7054456153,0.1995767149,0.09898463198,0.1666574957,0.7753753574,0.8580864844,0.3748675563,0.9046512846,0.5845242055,0.0595132355,0.4098338054,0.8352599105,0.1478392587,0.9415384707,0.6913933861,0.184490394,0.3620392462,0.8643558706,0.9012170183,0.03350629891,0.8188193799,0.4222533221,0.6441996787,0.1666250019,0.6870210316,0.3128902944,0.2355572972,0.6468445149,0.2860252269,0.7327566653,0.8050631392,0.6997957594,0.9534555933,0.3321536478,0.6502235711,0.7680583598,0.02304739618,0.5011081438,0.9176781718,0.4170926242,0.5978075908,0.393357853,0.9692056204,0.6292630929,0.3157570083,0.5658037267,0.7148001344,0.7183805363,0.1725863145,0.9834522707,0.8092693674,0.8918525398,0.1775142293,0.9684691797,0.6770090793,0.8988462563,0.9986140847,0.8439582412,0.2421926423,0.4406878653,0.7547395849,0.8007242574,0.8899201599,0.00855967307,0.004478007308,0.546999739,0.3959575772,0.8512251217,0.525503137,0.2410781696,0.7394179541,0.3025797692,0.9867429771,0.8831677034,0.9250814927,0.8857256569,0.1886627617,0.6835112808,0.431849447,0.7504278963,0.751314558,0.5990978163,0.4541481928,0.2053810566,0.4632774933,0.9521638465,0.5616998672,0.2391324075,0.9249564583,0.4368316999,0.7153421288,0.8698107019,0.6547221619,0.8254198181,0.04434420195,0.9351715483,0.810165491,0.7834293925,0.9828095776,0.3459364566,0.9363847324,0.4229186318,0.4732259311,0.4793626513,0.4072915781,0.1361999289,0.2138264254,0.2988040794,0.01925753848,0.6098180968,0.0521089675,0.9337527556,0.7229583681,0.1204542016,0.2183827429,0.5769992794,0.8903020546,0.5345408938,0.4603799965,0.1143665413,0.4442962342,0.2374907051,0.4860041914,0.6171183893,0.328166864,0.1930270972,0.2930259108,0.4897254061,0.4502070426,0.0985338774,0.2721246775,0.3376171996,0.9524170686,0.1343332599,0.1004914617,0.3251034244,0.5125783528,0.6145134638,0.1164304623,0.8345587868,0.004589043583,0.666120044,0.5634162966,0.5389473508,0.7847481985,0.02659585516,0.6016471033,0.6205018118,0.9683999653,0.5596459127,0.1030130738,0.4421502042,0.4750156338,0.2667837379,0.8183320259,0.7977767237,0.925077609,0.3985186825,0.8490500686,0.7677866234,0.7486167673,0.8259408842,0.5595965641,0.8235078963,0.6750754806,0.7368889696,0.9961339255,0.7201773275,0.2552605067,0.3361712713,0.01901493133,9.704030413e-05,0.3722068173,0.5837103369,0.9999780718,0.384609131,0.5833583133,0.9612250233,0.6351965354,0.2520251224,9.085945746e-05,0.614596217,0.2624297954,9.706758764e-05,0.4222966284,0.6542217043,1,0.6966215095,0.292860768,9.697282571e-05,0.4604835807,0.5289177094,0.0001019757828,0.6111075866,0.2606785189,0.5273879243,0.6221394314,0.3035568032,0.5455105642,0.579144998,0.2576052584,0.5537051053,0.7293953937,0.2499667054,0.9999781022,0.5480671725,0.4862062045,9.980531868e-05,0.5372725149,0.3012509998,0.999975245,0.6420756584,0.2368541107,0.9999778163,0.3489022987,0.600077726,0.9999838067,0.6410937554,0.2366028106,0.9999837361,0.5147336719,0.3232004326,9.683814923e-05,0.6064198023,0.4798427154,8.964780583e-05,0.5054110765,0.3251926689,9.69800492e-05,0.3387423015,0.5515316985,9.689618079e-05,0.4278839124,0.4001414368,9.718017914e-05,0.5941206121,0.5798413816,0.9999780904,0.444910844,0.5099804498,0.9999779946,0.5179390489,0.6694663453,9.693384063e-05,0.3345275751,0.6409962029,0.9999848593,0.6708433307,0.424061132,0.9999880859,0.6470351188,0.2341747239,0.9999694837,0.478867569,0.3624931683,9.694123092e-05,0.5105886078,0.6933789032,9.077142406e-05,0.667985029,0.3975585332,9.684966011e-05,0.427334091,0.4976422064,9.700503744e-05,0.6001035211,0.5265702523,9.807935234e-05,0.6330716679,0.2446854947,0.0001046558969,0.5482332108,0.2925140618,0.999978066,0.5787841871,0.58644389,0.0001047850249,0.3001996791,0.5782708533,9.710320051e-05,0.4319887786,0.4129001795,0.9999780987,0.4746622163,0.4528412074,9.66349328e-05,0.6367828809,0.6284739009,9.696525261e-05,0.6137329505,0.4604080856,9.696173796e-05,0.3894943055,0.5304765115)
