mCurrentIter=50
mCounterStuck=0
mYPrev=-132846505.5
mParameters.n_iterations=50
mParameters.n_inner_iterations=1000
mParameters.n_init_samples=50
mParameters.n_iter_relearn=1
mParameters.init_method=1
mParameters.surr_name=sGaussianProcessML
mParameters.sigma_s=1
mParameters.noise=1
mParameters.alpha=1
mParameters.beta=1
mParameters.sc_type=SC_MTL
mParameters.l_type=L_EMPIRICAL
mParameters.l_all=0
mParameters.epsilon=0
mParameters.force_jump=5
mParameters.kernel.name=kMaternARD5
mParameters.kernel.hp_mean=[1](1)
mParameters.kernel.hp_std=[1](10)
mParameters.mean.name=mConst
mParameters.mean.coef_mean=[1](1)
mParameters.mean.coef_std=[1](1000)
mParameters.crit_name=cEI
mParameters.crit_params=[0]()
mY=[100](-53452822.95,-195006344.6,-480212.9916,-1527812331,-80728288.06,-620550335.4,-2243413.613,-28886605.26,-35429549.9,-19310859,-75054229.45,-50923870.63,-877885241.8,-7383971.668,-2191749.969,-13663734.45,-17517572.63,-1116387353,-3061289.908,-9517552.444,-410798153.4,-39055548.43,-81862350.71,-86935902.32,-417268760.9,-26578325.37,-41126693.38,-7055933.24,-216722689.7,-41527114.86,-57900048.85,-11870269.73,-34460429.44,-87667856.12,-19706139.41,-779441345.4,-36072529.45,-1013171.854,-115905483.4,-16358057.2,-224909987.1,-197632486.2,-137680574.1,-271065396.5,-159697005.2,-9050653.82,-27125130.95,-346954723.6,-436537243,-106368163.9,-353346728.3,-91496256.94,-4867681.582,-3303386.533,-10324546.5,-110907121,-66696110.78,-43249074.85,-828700514.9,-304542362.8,-476708869.4,-326793526.9,-43019416.05,-95954239.99,-58518259.16,-76657696.96,-94118438.01,-309301664.8,-7745194.616,-11383131.17,-100489381.6,-183791779.2,-234761534.9,-10592516.73,-16620433.63,-163090.4242,-33986200.2,-71597914.82,-91832070.88,-19160501.56,-73594181.85,-189015.079,-1726347.867,-6497485.988,-33348643.62,-1278618.329,-97720800.23,-30734256.55,-71371533.12,-10334600.58,-1301977.742,-13239573.11,-270212172.6,-190648.4761,-118022459.5,-476738582.7,-52658955.23,-12816958.26,-734642.5568,-132846505.5)
mX=[100,3](0.5791212646,0.2951383104,0.7171649628,0.3520558302,0.3684162639,0.8854583498,0.3375944934,0.2156685877,0.1070623694,0.8289645542,0.832768949,0.139985743,0.6197025543,0.6158062132,0.4972058952,0.4307843299,0.4257690736,0.7982294831,0.874154227,0.02496185241,0.2020687255,0.7907639543,0.9833167044,0.1916130399,0.6924749794,0.9082282627,0.4457329472,0.8111763144,0.5921766215,0.2304621001,0.3902034768,0.6618710977,0.9620720083,0.1398290252,0.7176231793,0.4360793757,0.7178423383,0.5575519492,0.5901474233,0.112631964,0.4745750036,0.2553266571,0.08580019192,0.043075704,0.1461318308,0.154128874,0.5368923103,0.01790975911,0.2812261184,0.9238673368,0.9471382165,0.2616267726,0.2467848977,0.9033606286,0.9659477802,0.01612164822,0.06086737718,0.9288366859,0.9651816369,0.4758299252,0.5054418952,0.1258866163,0.7275651918,0.7572705823,0.6489242451,0.6375801285,0.4858331584,0.1696979965,0.5356529951,0.6330143971,0.4959901694,0.3287855608,0.8431627891,0.7706298418,0.2718696481,0.5413853669,0.7912549343,0.6197817696,0.9524889771,0.7386982764,0.6730771086,0.8812648545,0.1134386931,0.02115857843,0.2364396975,0.0873919908,0.5700257259,0.9874721305,0.8195686151,0.3551304163,0.7388039545,0.8676735562,0.8228997426,0.5229104717,0.06580401709,0.08550557505,0.4021885491,0.2272889461,0.1732786149,0.01670526053,0.9535381702,0.7557508939,0.6475613754,0.3834646274,0.8671058891,0.2572206508,0.3102015971,0.690170786,0.6675019132,0.6838800801,0.5430233573,0.04967440451,0.1596469002,0.04621833747,0.9140328589,0.457041117,0.2986250486,0.2026547163,0.8828533872,0.8051954025,0.4799107446,0.6259967858,0.3944847506,0.3768719527,0.5123236968,0.7657765275,0.5960114647,0.3533513248,0.6559750449,0.1824832896,0.7525829338,0.5153051458,0.03315064829,0.4108793258,0.8497565624,0.07796392344,0.8564338199,0.9891967209,0.1746907622,0.5678586586,0.9306252548,0.7747109162,0.3302272289,0.3660562891,0.4526992144,0.2663211881,0.4115588739,0.3008239285,0.1981109456,0.3023805076,0.8294491274,0.999976107,9.832992578e-05,0.824830375,0.8131008294,0.009606826546,0.1237609502,0.8250019058,0.1557912473,0.8298736584,0.8020509896,0.1637316237,0.8241572036,0.9781438276,0.1388350154,0.8167329575,0.8347299629,0.09006795305,0.8295229567,0.8328576424,0.1401463754,1,1.387778781e-17,1,1,4.955899833e-16,1,1,4.955899833e-16,1,1,1.774835885e-18,1,3.881080549e-31,1.680195744e-15,1,1,0,1,0.1578253939,1.804112415e-16,1,1,0.5046497426,1,1,3.469446952e-18,0.5665829444,0.1491605442,1.292016129e-17,1,0.01354173769,1,0.01541709349,1.387778781e-17,1,9.436229658e-18,0.02978755352,0.4078725773,0.01572840524,0,4.138678787e-18,1,2.775557562e-17,6.938893904e-18,1,0.008438892802,0.00974841803,0.5378014665,0.01059491295,0.476842616,1,0.829591092,0.9512782537,0,0.000109921122,0,0,0,0,0.6351872297,3.469446952e-18,1,4.631415186e-28,0.8292532404,0.9510725554,0,0.003447499078,1,1.387778781e-16,0,0.004357476723,0.02861475011,0.02313733432,0.5168918208,1.040834086e-17,0.02514507512,1,1,0.0249893183,1,1,0.1819699106,0.3788049386,1,6.938893904e-18,1,5.81080454e-19,0.01273656094,0,0.6616482709,1,0.9681694991,1,1,0.4962820651,1,0.004064741599,1,0.5292422161,0,1.232595164e-32,0,0,0.6039442428,1.375339883e-18,2.892349333e-19,1.623042345e-18,1,0.0004536053366,0.0007840265931,9.611085455e-17,2.054499314e-17,9.855731423e-18,1,0.00165919726,6.938893904e-17,0.5364239734,0.003473747771,1,0.52829734,0.005915916748,2.428612866e-17,0.4963122345,1,1.040834086e-17,0.08925284307,1,1.387778781e-17,1)
