mCurrentIter=50
mCounterStuck=0
mYPrev=-4.518329156e+23
mParameters.n_iterations=50
mParameters.n_inner_iterations=1000
mParameters.n_init_samples=50
mParameters.n_iter_relearn=1
mParameters.init_method=1
mParameters.surr_name=sGaussianProcessML
mParameters.sigma_s=1
mParameters.noise=1
mParameters.alpha=1
mParameters.beta=1
mParameters.sc_type=SC_MTL
mParameters.l_type=L_EMPIRICAL
mParameters.l_all=0
mParameters.epsilon=0
mParameters.force_jump=5
mParameters.kernel.name=kMaternARD5
mParameters.kernel.hp_mean=[1](1)
mParameters.kernel.hp_std=[1](10)
mParameters.mean.name=mConst
mParameters.mean.coef_mean=[1](1)
mParameters.mean.coef_std=[1](1000)
mParameters.crit_name=cEI
mParameters.crit_params=[0]()
mY=[100](-2.086301592e+23,-6.27631887e+22,-3.007267454e+21,-9.043253189e+22,-1.012870911e+23,-3.469513138e+22,-2.010421863e+23,-2.383573257e+23,-2.784573002e+23,-3.151607345e+23,-3.838224417e+23,-9.259300877e+22,-3.313395587e+24,-2.180624616e+23,-5.78466942e+22,-1.325140388e+23,-2.170075341e+23,-4.358845859e+23,-9.879813508e+21,-2.027927896e+23,-1.311365351e+23,-2.363249675e+23,-1.60512247e+23,-6.169628095e+23,-3.594406608e+21,-2.938776087e+23,-6.806765124e+23,-8.413821828e+22,-1.261320031e+23,-6.612546098e+23,-3.294902775e+23,-1.099503026e+23,-9.282558794e+22,-5.465024687e+19,-1.299991624e+23,-2.225364333e+23,-6.434972207e+22,-4.469376931e+23,-4.991715881e+23,-8.28185857e+23,-5.301555955e+20,-6.737711861e+23,-4.553391804e+23,-1.006203101e+22,-8.576998367e+22,-3.198981348e+23,-2.236459957e+22,-4.103119311e+23,-9.214484404e+21,-1.383272057e+23,-5.444812675e+23,-1.236501276e+23,-3.386575222e+23,-3.547884075e+24,-1.25308509e+23,-2.271631037e+24,-2.744220061e+24,-3.043277227e+23,-1.323347015e+24,-2.74000384e+24,-6.078130882e+23,-6.949633979e+23,-3.050276428e+23,-4.560953688e+23,-7.69613744e+22,-1.490302979e+24,-1.673787105e+24,-1.541531553e+23,-6.169867352e+23,-6.528290915e+23,-7.857153022e+22,-1.498219894e+17,-1.46022123e+22,-7.422172867e+19,-2.163667455e+20,-2.110226639e+23,-2.613415551e+22,-5.343998538e+21,-2.090770283e+21,-6.807202193e+20,-2.022419697e+23,-4.150557424e+23,-3.310743965e+23,-1.928733928e+22,-6.511655865e+22,-5.50094326e+22,-5.564976673e+23,-2.821328245e+19,-7.041190269e+22,-5.682839679e+23,-3.399862636e+20,-1.230019351e+21,-1.94206377e+21,-3.435216045e+20,-8.638409841e+20,-1.218071501e+21,-7.677597788e+22,-4.242785544e+22,-4.964540241e+22,-4.518329156e+23)
mX=[100,3](0.8507998229,0.4315691543,0.6676625765,0.6880664829,0.2385396599,0.2514838124,0.9989649758,0.1602477001,0.9112841002,0.2827983272,0.03657311181,0.3219289498,0.4273239472,0.1313113354,0.273593473,0.2635201248,0.3389146539,0.1611630134,0.3705630085,0.5516541998,0.8214214911,0.7057133085,0.623056767,0.1153611937,0.3856583817,0.7155568337,0.7637078261,0.08184710054,0.576218988,0.6484618123,0.5866760542,0.641242818,0.4353383511,0.9530044916,0.2493481169,0.4701319453,0.6107623503,0.4816546622,0.4109139211,0.3018595434,0.5119919292,0.2909165443,0.2270164303,0.4457221531,0.9776788217,0.7968414845,0.1107698051,0.6953386779,0.7303908986,0.401888984,0.8983858045,0.6700469964,0.7978203776,0.06718901498,0.6399281314,0.9710108565,0.7861826745,0.4119058983,0.9897995554,0.04466043125,0.1558728107,0.08256450284,0.6113516085,0.5200955131,0.6131818408,0.8469658748,0.6506282803,0.9132402867,0.08667877774,0.2401428135,0.009773398857,0.5354541456,0.05223369321,0.7745905512,0.9848964741,0.8632778714,0.3486913259,0.5014018096,0.2047947203,0.1496914078,0.3658680156,0.06916773048,0.3677921472,0.1400254412,0.5732313525,0.922008376,0.3896193429,0.542169698,0.8026825869,0.1850526049,0.9301002021,0.5341341518,0.6362264139,0.1629017501,0.3097364568,0.932156674,0.1032754942,0.5968269591,0.8649140815,0.8106716209,0.07112195681,0.303770899,0.4593118707,0.7398852111,0.2037350389,0.7543108771,0.2865569193,0.544693966,0.7646956536,0.4606894708,0.2318210076,0.8357957609,0.7589921257,0.1254620434,0.8929611619,0.8465377179,0.3463457015,0.9009732066,0.3976623144,0.7340050165,0.1234199781,0.9597025645,0.9552873835,0.504807409,0.2032106574,0.5730905485,0.4634916331,0.05943607896,0.4442651118,0.3352349153,0.8956900933,0.741643781,0.3532741362,0.6806637437,0.8066198281,0.0339018012,0.8769378019,0.01523587317,0.9706492734,0.2741193744,0.5972673109,0.481324882,0.1928364599,0.4944775217,0.1987134772,0.8343609707,0.7186594028,0.0121050685,0.6702511544,0.03105330933,0.3552589559,0.4551762227,0.4029200775,0.6053953952,0.4490104128,0.1313283577,0.6555812503,0.4683611582,0.4100874016,0.6140140363,0.608068203,0.4150611207,0.6155343618,0.984456436,0.4032679441,0.6151506182,0.5208647807,0.4140825685,0.6091058961,0.6017005599,0.4295905909,0.6105984695,0.576612079,0.3735026405,0.6083159658,0.597755107,0.4163477065,0.6134761364,0.3597898161,0.4222271783,0.6140274464,0.343197174,0.4321414224,0.6136946348,0.366619135,0.4057660172,0.6149765494,0.6228440451,0.421544516,0.6113908231,0.3611431673,0.4168217727,0.6124339253,0.6222042604,0.4112711292,0.6193848083,0.6066546549,0.6630217561,0.6133898595,0.6071741114,0.3084606721,0.5987852776,0.6070665966,0.4806393723,0.6121447762,0.6054608603,0.6600562055,0.6160091018,0.6048586481,0.4273931015,0,1.101810793e-20,1,1,2.588746145e-15,4.808067806e-31,7.393551962e-05,0.9999877995,0.5056090775,1,7.479119216e-16,1,4.249432776e-23,7.479088269e-16,5.389413743e-28,1,1,1.734723476e-18,1,1,0.5923246505,0,1,0.2592536726,2.798950159e-14,1,0,0,1,0.6052509252,0.05555555556,0.5,0.5,0.5933384781,8.43804975e-05,0.9999772771,1,0.6985558595,0,0.6449027625,0,1,1,0.6091810007,0.4127878691,0.4186664364,0.3060865041,0.1263380157,0.4995371936,0.3286542526,0.990949876,0.6040300718,7.500674261e-27,0,1,0.6087817305,0.4152556534,0.5,0.5,0.05555555556,0.8146101801,1,1,1,1,1,0.75,0.9583333333,0.9583333333,0.2795207241,1,1,0.8454792759,1,1,0.4764803127,1,1,0.7521040207,0.5935118047,0.9998739033,0.2036763202,1,0,0.3402721335,1,0.3778980649,0.355440972,4.33680869e-19,0.9500480284)
