mCurrentIter=100
mCounterStuck=0
mYPrev=-42.93833415
mParameters.n_iterations=100
mParameters.n_inner_iterations=1000
mParameters.n_init_samples=100
mParameters.n_iter_relearn=1
mParameters.init_method=1
mParameters.surr_name=sGaussianProcessML
mParameters.sigma_s=1
mParameters.noise=1
mParameters.alpha=1
mParameters.beta=1
mParameters.sc_type=SC_MTL
mParameters.l_type=L_EMPIRICAL
mParameters.l_all=0
mParameters.epsilon=0
mParameters.force_jump=5
mParameters.kernel.name=kMaternARD5
mParameters.kernel.hp_mean=[1](1)
mParameters.kernel.hp_std=[1](10)
mParameters.mean.name=mConst
mParameters.mean.coef_mean=[1](1)
mParameters.mean.coef_std=[1](1000)
mParameters.crit_name=cEI
mParameters.crit_params=[0]()
mY=[200](283.9759353,-34.73638744,2308.346618,-21.94019029,21.69090654,-9.184149368,-45.04031626,418.6737069,-43.30382879,149.15977,6.522190463,-5.633042285,15.23271511,-42.54275294,-2.205123873,11.35233759,-11.12512836,38.12626065,-9.810441443,20.88697472,10.51611371,6.862897455,-1.784286667,60.84048404,-35.66467406,33.36850352,-18.52048867,16.81880106,1265.160804,-26.06317639,28.36205555,51.86755784,-18.03987866,-33.41218403,21.58230851,-47.94111792,5.767529902,-13.90799342,91.92599423,18.35221611,20.41966252,-31.23974404,-33.69016886,-40.00208702,2.226571713,-28.90952396,3.44097372,-22.12390232,22.37866329,760.4540889,39.75199442,11.38587154,805.002943,70.59072742,21.68242187,16.86418627,-19.51740782,15.30389544,-23.93982998,7.424652467,14.53013333,-45.53691933,-3.422322399,26.07389928,7.7759792,28.20328828,32.38559148,-37.29997979,13.75891045,-3.844173536,-1.056218139,-13.03875335,38.08668089,-9.689901325,48.32854088,-29.89016778,24.37158969,38.92515349,58.11517304,3.44825634,-19.38413576,1202.354615,-34.55555497,34.50236958,-27.38081495,43.68163181,4.760065432,34.42595379,-21.36792409,309.9641841,-26.45370333,1006.915047,-8.69294868,-8.285440135,-8.779385418,252.9540246,-19.52591994,538.0258772,91.21289777,28.95816807,-41.28553639,-34.88780101,-44.09033177,-47.13358567,-40.80224485,-36.70004155,-44.85379344,-33.71575084,-37.93352031,-48.28057996,-29.09134659,-36.06755275,-40.80220713,-25.60258184,-46.44669043,-43.22962169,-30.12597215,-43.01366194,-37.62534973,-44.50283468,-32.73858412,-44.78978992,-40.51740725,-32.056753,-31.33846622,-41.73641488,-43.59260508,-19.44447129,-45.74869732,-43.78769064,-33.9616266,-30.18903263,-37.83642297,-35.34134109,-46.01618842,-45.96763326,-41.78624972,-40.59213551,-38.06606549,-17.20419529,-29.83752729,-42.19688556,-31.39703352,-41.92208019,-40.91051116,-36.80552633,-27.23320217,-44.80688698,-43.15302128,-44.84419114,-28.64768021,-29.89721057,-40.09525038,-40.56303728,-45.13430616,-47.22060661,-38.92989597,-41.40606287,-44.50560863,-34.28773818,-42.29366523,-43.93201927,-46.04948381,-26.84342879,-44.29474907,-49.89898942,-28.7671104,-25.58048945,-37.78367709,-31.53739435,-44.45348806,-39.60923982,-41.64583458,-26.2354716,-48.43477504,-41.26930971,-37.03825727,-43.21914028,-42.67274118,-27.0674153,-35.95289618,-43.60487056,-42.68427087,-41.09289969,-40.61332301,-23.22268091,-37.36052277,-40.74687425,-38.71428684,-36.88964264,-32.89591906,-14.58379096,-43.29841346,-40.73712833,-45.06177151,-24.82825102,-42.30984689,-11.55073612,-47.24744551,-42.93833415)
mX=[200,3](0.6262207428,0.2458731586,0.1755701655,0.4243341257,0.6121283635,0.1357705728,0.1536170117,0.07316037195,0.0771945396,0.7743198833,0.6767912903,0.05903817523,0.2271083398,0.1571890405,0.9275140565,0.263266991,0.256383096,0.3301731339,0.3065976101,0.3870812216,0.4758784298,0.7583497861,0.4369184066,0.02145774888,0.2890398708,0.400242605,0.5261861865,0.5764385829,0.3333904598,0.1462284136,0.02485644479,0.8059245206,0.5758653913,0.6630512157,0.0918470413,0.737991855,0.440186456,0.8922766375,0.2086997059,0.530036359,0.3006639104,0.4200211778,0.5890780404,0.4548546468,0.7935669011,0.06339702123,0.8848399516,0.4065916648,0.04674318918,0.395871171,0.2418646111,0.488772114,0.3703101347,0.9984086914,0.4160276077,0.7488653499,0.1276834986,0.01335632546,0.8734745447,0.6454663049,0.2180422577,0.8403863507,0.6051453007,0.3400733511,0.5481981969,0.812475407,0.9314541119,0.2161311482,0.7791502716,0.328298101,0.5174817135,0.06220687459,0.9253654821,0.5976000344,0.4345089044,0.8316107582,0.06737195433,0.9792619344,0.5294647027,0.1444570171,0.6549609587,0.4658689247,0.4604348975,0.888319363,0.5023479665,0.3401186445,0.0125226612,0.4375815033,0.7074609339,0.2764075802,0.005546155868,0.9674410102,0.4892293428,0.4585646158,0.0487598494,0.4673002889,0.1112555751,0.1692252179,0.7268540248,0.612653613,0.621773356,0.4103667534,0.9404125307,0.9282713192,0.5035861352,0.5425650625,0.415848853,0.3759931435,0.4099204973,0.2229040721,0.8484103037,0.3184077018,0.5525720494,0.6877396858,0.1674984559,0.2736674706,0.2165506926,0.8094375985,0.02147963515,0.9025363965,0.3697980608,0.9147053421,0.4511724541,0.2393797335,0.6039482318,0.1834000678,0.6581475161,0.6636657371,0.2323391572,0.4724769222,0.4432299752,0.3063789982,0.9611181232,0.0009554066323,0.8028938605,0.05366528964,0.5263726307,0.5834580647,0.125140877,0.8345535672,0.4428520851,0.1387276735,0.7233441779,0.08514909589,0.8280591099,0.6833851447,0.8693305107,0.1418472272,0.8166117975,0.009816799648,0.8170190674,0.7582306175,0.9386576361,0.1850444528,0.4242692404,0.8588029179,0.732083277,0.1293872767,0.1926717353,0.6384339858,0.5797459128,0.0329332964,0.2006607662,0.1716735065,0.3583982033,0.3301769844,0.8589613704,0.6207869107,0.7172523861,0.7399144104,0.3876750821,0.7992399357,0.8213629802,0.6995850131,0.9946209487,0.3522003136,0.5129900831,0.8715869336,0.714919342,0.7571216778,0.3749196468,0.9095795691,0.3138581869,0.7604063629,0.5651237238,0.251619814,0.9559012725,0.4776601593,0.768959148,0.8640296433,0.1868067927,0.9437259819,0.2726484572,0.867494824,0.1645514163,0.8857238077,0.9385108691,0.6164695483,0.6704659484,0.4809710787,0.9641599829,0.8994202129,0.5894617728,0.1519421125,0.9741832485,0.2619841876,0.8782165601,0.2463662254,0.7677965822,0.549867077,0.6809009121,0.5345764366,0.7827223552,0.6909658254,0.137635423,0.6304276415,0.2594031404,0.9902967811,0.2237691185,0.1717757006,0.7834684771,0.3956022438,0.5565629515,0.9456350555,0.8378405843,0.6450915891,0.6578230501,0.3210302324,0.8499050435,0.6471549986,0.8937357534,0.3839149578,0.2066687264,0.2999423596,0.9132601419,0.9847836415,0.9106858433,0.9055570957,0.2949160596,0.820086135,0.03297415863,0.5008124265,0.6631609509,0.5684214688,0.1931622425,0.110944895,0.1913478659,0.4998458217,0.5503180644,0.3994007387,0.3288209499,0.9841339561,0.9865284418,0.3656167375,0.531634484,0.74210678,0.9729045473,0.7438364348,0.0918413603,0.6967009039,0.70535829,0.7257111596,0.6322533853,0.9502868783,0.1065418807,0.2336071044,0.7117839248,0.5181927239,0.1113932963,0.2672299096,0.7817359342,0.2850618687,0.5934669097,0.5966178157,0.3164807439,0.04183789324,0.6097936193,0.7772333161,0.09383901768,0.4992583674,0.05858113283,0.671433227,0.7029817779,0.7936532688,0.1037069752,0.07974448403,0.03487144421,0.3407135402,0.3567275114,0.1009977322,0.5681327459,0.08969726656,0.01555242013,0.2877924931,0.2955569413,0.08815932337,0.3629505196,0.8519406575,0.9562332182,0.4923001717,0.08811479584,0.4953798274,0.327028782,0.9999480217,0.6276029186,0.2285817399,0.7727372882,0.468137149,0.3346533027,9.708766371e-05,0.4393647263,0.3745848084,0.9999830664,0.556085534,0.2714196792,9.120550387e-05,0.5981196441,0.2552132811,9.702773455e-05,0.415770185,0.3910483985,0.9999780036,0.4268606757,0.3632533315,8.926807749e-05,0.5509499285,0.2838703171,9.691121895e-05,0.3873336461,0.4166232782,0.9999785257,0.6616075621,0.205061456,0.9999860196,0.4868955676,0.3147510718,9.080110587e-05,0.4888063821,0.3264985615,0.9999779314,0.3820049396,0.4049503803,9.69718353e-05,0.319184832,0.4678115328,9.722570714e-05,0.4968610472,0.4353934534,9.177757602e-05,0.6510824062,0.2208937303,9.699950542e-05,0.4392506135,0.3503624496,9.674071638e-05,0.3169425169,0.5883867253,9.691617095e-05,0.3583939625,0.4268572298,0.8547481981,0.6654287821,0.2010201345,0.7293412331,0.5343339774,0.2745937235,0.8070799373,0.4100753825,0.3635816447,0.9999846168,0.5642375198,0.5194424846,9.103986018e-05,0.6441903559,0.2222958949,9.152866405e-05,0.5100768214,0.4541106009,8.647418618e-05,0.5066446467,0.311479245,0.9999780104,0.3698971975,0.6460487706,9.687606092e-05,0.2959023705,0.5011968268,9.687488501e-05,0.3923385089,0.3822871353,0.9999780789,0.4253219163,0.438576229,0.9999781038,0.6691058923,0.1943613256,9.688110314e-05,0.5284596128,0.4810390197,8.792347288e-05,0.5232616681,0.2923365849,0.8786621432,0.52153527,0.2799443739,9.561523764e-05,0.3380048554,0.4527598301,0.3697087689,0.4179652978,0.3507209974,9.806634403e-05,0.3228600564,0.5634193253,9.699690022e-05,0.5408929057,0.3822733443,0.999977346,0.3322174226,0.4443851778,9.704038547e-05,0.3395834142,0.6424458159,9.719133597e-05,0.4345403801,0.4933898889,0.999991305,0.6667026846,0.1949980529,9.730770457e-05,0.4143433306,0.3546945171,0.9999767973,0.5788907505,0.2374543234,0.9999683469,0.4917540655,0.3135138536,0.9999850225,0.5613677698,0.5808034888,4.376284158e-05,0.3796364223,0.4077096677,9.703878935e-05,0.2845813091,0.5190938554,0.7808241417,0.5064423005,0.3872524267,9.708135979e-05,0.5998874699,0.4928909908,0.0001040339794,0.6480079563,0.2158274332,0.3436120063,0.5411197022,0.2689949564,9.687939613e-05,0.4147596829,0.536707356,0.3861500299,0.4475142404,0.3228545986,9.698198092e-05,0.4230343023,0.4427859312,9.091691708e-05,0.5607027763,0.3586396358,0.8804112653,0.4730144278,0.4584625927,9.690709137e-05,0.3836641765,0.3901846712,0.5660358197,0.6621405627,0.1920050226,0.544598054,0.5387816191,0.2623008907,0.5636684549,0.4281316577,0.339381251,9.688413203e-05,0.3959287089,0.471942369,0.9999693197,0.4128336959,0.596186744,9.696646444e-05,0.2801596222,0.5395626976,0.4917923158,0.3781478521,0.3993729247,9.892473593e-05,0.3289234991,0.6534020938,0.7952279912,0.2685028596,0.4898356957,9.701914198e-05,0.4029149045,0.3433320617,0.9999774541,0.6722876842,0.1841675427,0.0001046370798,0.3196854624,0.4301162809,0.795843285,0.4319591909,0.318189706,9.707310759e-05,0.4255557137,0.5354993589,0.9999781162,0.643446845,0.503087817,0.5731562039,0.4774937079,0.4276790697,0.612384666,0.3603236882,0.381129539,0.9999780867,0.582857043,0.3418064801,9.706950303e-05,0.5107081445,0.4099755267,9.697565282e-05,0.4142517996,0.4764359633,0.9999731197,0.6671474398,0.1856365713,0.0001018871784,0.525332546,0.2725515193,9.716035703e-05,0.3109694684,0.4499169316,8.976396996e-05,0.3735987851,0.3816662146,9.156847522e-05,0.2520138472,0.5619392958,0.6661337111,0.368081635,0.3856986217,0.9999780151,0.7160308631,0.2558128822,9.133289354e-05,0.6122382115,0.3181047153,0.06913558828,0.4524623547,0.3277908728,0.8713437083,0.4630605385,0.4912243709,9.703542495e-05,0.4134093676,0.5748703997,9.701429773e-05,0.6135164614,0.4523708471,0.9999781044,0.2870818035,0.6621743344,9.678687234e-05,0.4350635774,0.4677821972,0.9424233346,0.5190205536,0.3941034281,9.689628175e-05,0.3408690558,0.5044853278,7.715888823e-05,0.587489655,0.5524791888,9.698287241e-05,0.4679613191,0.4154814677,0.9999779858,0.2631716763,0.5474455986,0.6719760511,0.4562321824,0.4799178071,9.656604461e-05,0.4059512946,0.504898343)
