mCurrentIter=50
mCounterStuck=0
mYPrev=-6.682017559e+19
mParameters.n_iterations=50
mParameters.n_inner_iterations=1000
mParameters.n_init_samples=50
mParameters.n_iter_relearn=1
mParameters.init_method=1
mParameters.surr_name=sGaussianProcessML
mParameters.sigma_s=1
mParameters.noise=1
mParameters.alpha=1
mParameters.beta=1
mParameters.sc_type=SC_MTL
mParameters.l_type=L_EMPIRICAL
mParameters.l_all=0
mParameters.epsilon=0
mParameters.force_jump=5
mParameters.kernel.name=kMaternARD5
mParameters.kernel.hp_mean=[1](1)
mParameters.kernel.hp_std=[1](10)
mParameters.mean.name=mConst
mParameters.mean.coef_mean=[1](1)
mParameters.mean.coef_std=[1](1000)
mParameters.crit_name=cEI
mParameters.crit_params=[0]()
mY=[100](-9.140608378e+21,-3.578295104e+13,-2.617966492e+22,-7.938455542e+12,-3.075619855e+21,-4.512246882e+20,-3.798656867e+20,-1.386804222e+22,-3.846031172e+21,-5.720870195e+21,-2.215989443e+22,-1.345741861e+21,-6.235497968e+21,-1.002667449e+22,-2.120880267e+22,-4.710348956e+22,-3.081018469e+22,-1.968587618e+22,-3.529467363e+20,-1.81805407e+22,-2.057682763e+15,-5.662670068e+19,-7.184107585e+21,-2.171584857e+19,-7.8432714e+22,-1.222511026e+21,-1.39727663e+22,-3.491554825e+21,-1.995546972e+22,-2.642112405e+22,-1.641434916e+22,-6.457317454e+13,-9.622050291e+22,-7.963160756e+11,-7.651288731e+20,-6.160846502e+22,-3.334294132e+15,-7.489065713e+19,-5.422363669e+21,-1.560100944e+23,-2.116522018e+22,-1.394532477e+21,-4.190423259e+21,-6.876133124e+21,-1.797141979e+19,-7.760580217e+20,-1.393630221e+20,-1.15976408e+20,-1.84314017e+21,-2.016972504e+11,-2.835204514e+13,-2.688818316e+20,-3.906118712e+16,-6.797293266e+21,-1.040906361e+20,-1.486902615e+20,-1.521711131e+22,-2.890694212e+22,-1.266715504e+21,-6.643129248e+20,-2.057590703e+20,-2.832272338e+21,-1.684992163e+21,-7.277641775e+21,-1.714230174e+23,-4.099883747e+19,-3.688391277e+21,-4.416284548e+21,-159040.5152,-4.645642308e+21,-1.355764291e+20,-2.131590036e+20,-2789979.432,-2.413307582e+20,-5.838791057e+22,-8.617737474e+21,-3.087027544e+19,-811069026.1,-1.153466843e+22,-2.393438825e+22,-3.626814822e+19,-6.038313769e+21,-7.476513597e+20,-2.565594397e+21,-2.678604023e+16,-1.803028661e+21,-8.657627475e+19,-5.875334844e+22,-1.954082474e+21,-4.711605428e+19,-3.328101777e+19,-3.730498469e+19,-7.966547897e+15,-1.011210232e+19,-1.013169383e+22,-9.73451213e+21,-2.231775528e+19,-2.860879883e+20,-4.577058924e+22,-6.682017559e+19)
mX=[100,3](0.3422030364,0.677445972,0.548875736,0.6573640815,0.1289150854,0.155797737,0.7810398368,0.8085291937,0.6158078224,0.1303531136,0.2088285077,0.01720062136,0.2977724018,0.9369114785,0.02424988911,0.921530666,0.3805775599,0.9212518765,0.3118485356,0.781893026,0.1660771612,0.8667897864,0.4594009336,0.2392043951,0.4030639066,0.1702976119,0.5660203059,0.7428153952,0.3487143113,0.5384924191,0.5969563114,0.3321768634,0.6527775644,0.3846042626,0.6451629676,0.285291608,0.513680838,0.7334394409,0.9572561043,0.1797950422,0.2839232935,0.7361219297,0.1516574529,0.3614683413,0.3598187192,0.2695611523,0.6014227194,0.8590876374,0.7083896482,0.2479984502,0.8663852987,1.147256233e-05,0.481486874,0.7846746656,0.4669139543,0.7013624459,0.3088000012,0.3771187198,0.08837994709,0.9150131702,0.3379960612,0.02193926405,0.117052337,0.8054943602,0.01247929132,0.8051448534,0.4464420373,0.9536121184,0.5017377264,0.8967243864,0.2716357369,0.4022526166,0.6354406557,0.7559253812,0.7561819411,0.5244986817,0.7683410336,0.2009127966,0.5403797461,0.8695725253,0.6748432483,0.4289500182,0.9902914975,0.3210759599,0.6752081606,0.5923489939,0.4829890851,0.7604271886,0.4220616706,0.7668210326,0.6928633144,0.5146134518,0.4784355968,0.9004674447,0.5468888846,0.1202078566,0.03620167534,0.1428096411,0.9778440175,0.2423144864,0.05073788492,0.09123684672,0.06008186041,0.6828408402,0.9990827265,0.08697523438,0.6317685525,0.3729905369,0.5659538094,0.4093413379,0.06564122561,0.1943933435,0.4787246161,0.1870724684,0.214810645,0.8822867791,0.8874546015,0.840097717,0.5322580298,0.2538912767,0.6027881465,0.3100442914,0.7149908225,0.8280595023,0.8573743338,0.8345044124,0.2249189494,0.1813658637,0.587734538,0.7377052756,0.9042142472,0.2662729296,0.05937887579,0.06052672055,0.4408659794,0.4961627556,0.9776789953,0.4352681023,0.1067451681,0.2388485828,0.3952473927,0.948254093,0.8350760173,0.6814888602,0.9950890702,0.5729962151,0.634057035,0.9669741043,0.1106383336,0.05586466667,0.8705664266,0.07712095536,0.2525883979,0.8414397991,0.4913169129,0.1841528438,0.989408281,0.5377261795,0.2617155466,0.8375536489,0.5367894156,0.2545986066,0.8403064965,0.5318578428,0.2536290724,0.01434524661,1,1,0.6217468403,0.06321523304,1,0.6241788556,0.06283238814,1,2.081668171e-17,1,1,0.01369157401,1,0.02548738577,1,0.9681694991,1,0.02638900577,0,1,9.714451465e-16,1,0,0.3390100192,1.387778781e-17,1,0.3389103397,2.081668171e-17,1,1,0.9681694991,1,0,3.340015538e-05,0.9996882159,0,0.00104538084,0.9990491116,1,0.03299472944,0,0,0.001282133957,0.9993948953,1.322476754e-17,1,5.551115123e-17,1.110223025e-16,1,1.973247954e-17,1,0.03341856509,6.938893904e-18,1,0.9681694991,1,0,0.0008245703174,0.9998997349,0,0.0001354991911,0.9994894666,0.01354261898,1,0.01541689475,0.9611944494,0.0590927119,0.03466482481,0,0.0009193479247,0.9987976367,0,0.0002527490646,0.9999145539,0.8394070191,0.001064237826,0.9982540929,0,0.0002752735236,0.9992735574,0.9983225776,0.9774794118,0.9962826348,0,8.944139241e-05,0.9997603588,0.7462015715,0.1559406122,0.1559422367,0.9983320743,0.9774506786,0.9962826348,0.8391015191,0.0002028305823,0.9997702374,0,0.001305948395,0.9989498741,0,0.0006137384967,0.9988998537,0,1,1,0.8400017432,0.0008976846785,0.998710031,0.1284351582,0.7473223277,0.168246608,0.7462015715,0.1559406122,0.1559422367,0.9983798677,0.9773047912,0.9962826348,0,0.001227814181,0.9995209461,0.06281312801,0.0007986819826,0.9993635664,0.1284351582,0.7473223277,0.168246608,0.1284351582,0.7473223277,0.168246608,0.6158218007,0.0005442437152,0.9994319116,0.3774827638,0.9707281591,1)
