mCurrentIter=50
mCounterStuck=0
mYPrev=-1.511983452e+23
mParameters.n_iterations=50
mParameters.n_inner_iterations=1000
mParameters.n_init_samples=50
mParameters.n_iter_relearn=1
mParameters.init_method=1
mParameters.surr_name=sGaussianProcessML
mParameters.sigma_s=1
mParameters.noise=1
mParameters.alpha=1
mParameters.beta=1
mParameters.sc_type=SC_MTL
mParameters.l_type=L_EMPIRICAL
mParameters.l_all=0
mParameters.epsilon=0
mParameters.force_jump=5
mParameters.kernel.name=kMaternARD5
mParameters.kernel.hp_mean=[1](1)
mParameters.kernel.hp_std=[1](10)
mParameters.mean.name=mConst
mParameters.mean.coef_mean=[1](1)
mParameters.mean.coef_std=[1](1000)
mParameters.crit_name=cEI
mParameters.crit_params=[0]()
mY=[100](-1.005971322e+24,-2.253469623e+24,-7.799926931e+23,-4.919429675e+23,-2.03796655e+23,-3.150700549e+24,-1.627828748e+24,-4.851442528e+23,-2.246054327e+25,-1.771548909e+24,-2.107984473e+24,-4.751311796e+22,-5.644489904e+24,-2.33635535e+23,-3.342983237e+24,-4.764588943e+23,-1.264482349e+24,-4.495733756e+24,-4.117781299e+24,-1.307173764e+24,-1.961820715e+24,-4.299259947e+23,-6.84606649e+22,-1.019668361e+23,-2.075507552e+24,-2.698014167e+22,-5.113801677e+24,-8.168880316e+23,-2.134917982e+24,-6.894374256e+23,-2.8690928e+24,-5.830123009e+23,-3.071434239e+24,-1.225692122e+25,-1.046113173e+23,-7.734297406e+24,-2.135584146e+24,-8.143542078e+24,-2.627061159e+23,-4.146627268e+24,-1.481460422e+24,-2.955644921e+24,-3.863841744e+23,-1.056310334e+24,-3.045282315e+25,-1.255378473e+25,-1.502013219e+24,-1.550506439e+24,-1.842481105e+24,-2.579453122e+24,-1.840963263e+24,-4.98956759e+24,-9.698006553e+23,-3.941213144e+24,-9.724805951e+21,-1.962683232e+22,-2.513740624e+24,-3.105291834e+23,-5.742702258e+24,-5.47724724e+23,-1.991857626e+24,-4.634380578e+24,-3.9622843e+24,-3.850609818e+24,-8.35002418e+23,-1.939138335e+24,-9.53082628e+23,-1.05032573e+23,-2.10853731e+23,-4.791242637e+23,-3.140260744e+22,-3.239254269e+23,-2.421870647e+24,-1.097029285e+24,-5.557252664e+23,-6.763301028e+22,-1.595905849e+24,-2.71627041e+22,-7.15273942e+22,-7.81502216e+22,-2.404918274e+23,-3.014853532e+22,-1.209029642e+25,-9.617548514e+22,-5.058564544e+23,-1.144474765e+24,-5.044326662e+23,-3.601028616e+24,-7.449827895e+22,-9.925328447e+22,-4.628412847e+24,-4.172961603e+23,-4.38280204e+23,-4.166039004e+23,-1.306432571e+22,-5.255312724e+23,-1.326525879e+24,-1.192395554e+24,-9.861364824e+22,-1.511983452e+23)
mX=[100,3](0.7724722661,0.0534994036,0.84657893,0.7138113455,0.3184707419,0.7171191309,0.1667300393,0.7929184869,0.1518586012,0.8039645533,0.2727812972,0.1162142557,0.08081469412,0.8936222602,0.7962859496,0.3275082569,0.9292709268,0.2371698045,0.4010333281,0.7511990027,0.9348974619,0.2181392511,0.1178158233,0.673866412,0.8993423199,0.2411921441,0.6207537938,0.1073431159,0.36805784,0.698137039,0.6627754419,0.06183381383,0.4942852355,0.01149066779,0.1449450274,0.2531011602,0.6995090881,0.6391974189,0.04938205965,0.9799862589,0.8330434467,0.9960441775,0.7981679696,0.2844748413,0.6417437383,0.06666895621,0.8685693313,0.348603043,0.8533703513,0.4079263209,0.1788297694,0.5324356488,0.480100226,0.2704770248,0.9259638637,0.5742157322,0.5547051919,0.05342420613,0.8503054628,0.2959137436,0.6027137893,0.2105624959,0.06343117471,0.3108070465,0.1905871313,0.3388247226,0.2835203698,0.3503917974,0.02642013123,0.1308724782,0.09927414115,0.1223526997,0.4398497661,0.4260892549,0.3089175175,0.2351299352,0.02127948475,0.007448532344,0.4687688634,0.455184662,0.4483531687,0.9831512944,0.1210993296,0.8282511778,0.3608663767,0.4682623039,0.885196462,0.7491334403,0.1697975424,0.8134024686,0.5052103287,0.9489902322,0.3692095482,0.8295522063,0.6672365075,0.5003872728,0.7297032362,0.3892129826,0.9025721127,0.5619002963,0.2349304088,0.5397232296,0.0362936903,0.9883055562,0.4125333387,0.592029032,0.01196380288,0.7396204664,0.1854125884,0.7736886949,0.5992552849,0.4452537512,0.5182706822,0.3973840176,0.9082256279,0.7043104784,0.9637891637,0.8773294923,0.7290966974,0.6023869133,0.6285754438,0.972286415,0.7513643456,0.1520098593,0.6057116882,0.7695090755,0.4842269626,0.8112325608,0.1978359246,0.550567594,0.9034192496,0.9449079182,0.9427055919,0.5209944703,0.4790234267,0.659066838,0.3371600115,0.09575841506,0.273718919,0.6899054604,0.4209393304,0.3446354075,0.6493610151,0.2198372966,0.3821725607,0.5935601157,0.8644126886,0.2495348147,0.5512758209,0.5766588063,1,1,0,1,0.5238622047,0.9967760138,1,1,0.3547879156,1,0.5232240019,0.4100298221,1,0,0,0.9983621645,0.01759325744,0.3695642631,0.9598227192,0.9978353513,0.475316675,0.9396043688,0.3678578373,0.1786903148,0.9999779929,0.5140483756,0.4960452553,0.9426873723,0.5122712507,0.6642063813,0.993984693,0.4846028033,0.476291622,0.8424668642,0.5216078627,0.495739436,0.9538813723,0.5227156319,0.4773502822,0.9416713449,0.520967881,0.4764954131,0,0,1,2.081668171e-17,0.03751452707,1,1.231174821e-17,0.05494836156,1,0.944217538,0.5219078745,0,6.938893904e-18,2.775557562e-17,0.4005763943,0.06055812513,1.734723476e-17,1,0.02551445575,0.05963949451,1.110223025e-16,0.9443649236,0.5205505313,0,0.9431596603,0.5206838214,0.9806706664,1.734670536e-18,0.003206525657,0.6285107879,5.252317894e-18,0,0.6272395431,1,0,1,0.9423195962,0.5175078967,0,3.469446952e-18,3.654465967e-18,0.02980553386,0.9416349158,0.01993922524,0.4765294367,0,1,1,1.387778781e-17,1,1,0,1,1,0.9426226639,1,0.4819280304,0,1,5.81080454e-19,0.006968502216,1,0.6449207056,0.9442274545,0.5223186611,0.980665815,0.9435240597,0.5217542698,0,2.081668171e-17,0,0.4986835412,0,1,0,0,1,1,0.9437334601,0.9725993289,0.4794030511,0.04146865373,4.440892099e-16,1,0.94273686,0.5200105919,0.9807996339,0.9439058331,0.5205859999,0,0.02632352143,0.04597766137,0.05737109356,0.9444658307,0.5219188468,0.9810566908,1.040834086e-17,8.454132316e-18,0.3737051333,2.775557562e-17,1,0.5493105287,1,0,1,1,0.01213767009,1)
