mCurrentIter=100
mCounterStuck=0
mYPrev=-48.90741654
mParameters.n_iterations=100
mParameters.n_inner_iterations=1000
mParameters.n_init_samples=100
mParameters.n_iter_relearn=1
mParameters.init_method=1
mParameters.surr_name=sGaussianProcessML
mParameters.sigma_s=1
mParameters.noise=1
mParameters.alpha=1
mParameters.beta=1
mParameters.sc_type=SC_MTL
mParameters.l_type=L_EMPIRICAL
mParameters.l_all=0
mParameters.epsilon=0
mParameters.force_jump=5
mParameters.kernel.name=kMaternARD5
mParameters.kernel.hp_mean=[1](1)
mParameters.kernel.hp_std=[1](10)
mParameters.mean.name=mConst
mParameters.mean.coef_mean=[1](1)
mParameters.mean.coef_std=[1](1000)
mParameters.crit_name=cEI
mParameters.crit_params=[0]()
mY=[200](731.68971,-36.67644323,58.73022958,5.752503844,5.556603685,19.20429559,7.193611156,-13.83968591,-42.67465976,23.73832455,244.4794817,-2.40606166,23.01394058,42.40804534,-14.37317979,736.9985876,-38.27369455,4.055696744,1.465185701,3.309746845,-23.60226579,-12.01720185,-44.05444289,384.2003574,-2.783272902,13.16952719,2712.428507,-40.26141272,45.39475155,395.9002163,-34.66284823,-39.84161797,-48.09676027,9.241122578,-10.9658458,-13.38867836,22.33158283,-19.32535471,-41.31326988,-3.828703608,-44.2700638,-16.21275989,268.579516,-2.492900356,-13.67400678,14.15003269,10.79755588,10.8944207,-26.79569151,-17.41498922,2844.081353,47.2040211,15.23410928,-12.24034553,17.11400957,-15.91964148,12.96784573,7.548549436,-5.211213825,-41.42261648,-7.768994756,22.68404893,5.167550204,-16.44424188,-27.9430944,42.1035616,-32.54265266,1.28336238,-16.805394,-15.45579394,38.53594115,7.954804234,1.479217253,-44.83150481,774.2887652,-23.50660248,28.9460147,-44.07682254,-39.22318614,-19.96149525,2549.673344,29.90109947,42.69496945,35.20529895,1.63124838,28.84776181,-0.7820481371,-30.8467591,32.70992732,26.40953835,-30.01540405,-17.55868378,24.46827707,-9.960806085,-24.64441957,-37.85933116,-46.39480935,144.2369313,16.26976253,27.72355613,-38.03720165,-38.76850024,-39.5855149,-35.56049838,-31.60805076,-41.79457689,-48.28751637,-31.32817431,-43.77342832,-31.41376761,-52.42343534,-34.42458983,-33.78793406,-44.37840261,-48.86544779,-50.69840022,-27.91779595,-22.2571141,-33.04364669,-39.83597186,-40.14438666,-32.67945174,-50.17188597,-44.77478823,-40.74578796,-27.43200842,-36.53760829,-50.56288276,-25.96805528,-40.41260593,-25.90464104,-41.50442381,-47.85795898,-37.29533522,-46.71757698,-46.3163817,-39.12241525,-34.08732118,-32.58286681,-27.46261132,-34.26643417,-41.67885517,-50.60940146,-40.85423799,-25.50499039,-37.45636414,-41.65794092,-39.60259952,-50.13078205,-48.1334639,-44.38134494,-47.48529266,-24.55487516,-49.00946738,-24.74335667,-40.63907973,-36.58901295,-44.31466264,-23.71506629,-41.94449087,-28.10088367,-50.0039114,-34.27958168,-42.32957023,-51.55253313,-47.00024301,-15.23278076,-42.93871802,-41.74507056,-35.68922846,-44.70061413,-42.22397769,-53.09103128,-40.48609323,-25.70708148,-44.38046337,-44.76282674,-41.56786242,-32.38718041,-35.64634842,-47.02306144,-48.30799927,-49.58564952,-41.74000761,-48.46670274,-33.26451308,-38.89486614,-39.83267043,-39.96078815,-51.86849136,-47.67257841,-23.02238774,-35.90866395,-45.65652525,-38.94384865,-50.60743255,-20.88539896,-50.58162358,-34.69733203,-48.90741654)
mX=[200,3](0.8502397797,0.3907705619,0.02580192873,0.004169364446,0.4051712658,0.3382375301,0.652670095,0.4866648961,0.05980948073,0.621900207,0.8603588196,0.08028534245,0.06435543376,0.6457238272,0.7992315521,0.4783330107,0.9615319443,0.3262069896,0.4666887894,0.9151279685,0.291075832,0.2112829569,0.8020750106,0.3736345469,0.8780294333,0.411243628,0.4441031667,0.7245120525,0.4258607693,0.96675677,0.1901488245,0.1626403541,0.2318105023,0.4295454992,0.5926025117,0.1059574073,0.9120952224,0.6280164437,0.9367245945,0.2908092999,0.9901391138,0.7549349407,0.5866329642,0.8113344294,0.2096523911,0.3180359227,0.05875774491,0.2266096197,0.6928954832,0.4594696757,0.2761727464,0.8941419894,0.8348115179,0.06829768116,0.4007533009,0.1477084054,0.8657924175,0.2610925044,0.1347348332,0.4171723358,0.2789555253,0.4456415964,0.2536053417,0.9943496786,0.699974022,0.6744378553,0.3033735188,0.5400826439,0.4654362357,0.9423832647,0.2602143772,0.1844845278,0.8489684628,0.04342472841,0.5686521721,0.2411763378,0.8838773545,0.6263541171,0.4377843048,0.2985048937,0.002078181671,0.3665269009,0.5836175116,0.4929901668,0.9307037426,0.3321714999,0.2642027287,0.4449358267,0.2806213865,0.1400271557,0.5911548419,0.3734599541,0.6661014025,0.416039297,0.2227596561,0.6040214907,0.7732725254,0.5173244644,0.4273319927,0.3454822178,0.3818265283,0.9008862181,0.5198115301,0.5335817416,0.7690507815,0.5698757091,0.03094973311,0.7478768078,0.4866932672,0.6522464188,0.0392042495,0.1311508501,0.7700360096,0.3435880243,0.9005858243,0.5525140456,0.5056520832,0.1839312345,0.3201234096,0.8385369688,0.4901864416,0.5058809047,0.5304279713,0.5098674133,0.6824520992,0.6376132337,0.1752986822,0.4327381737,0.07901490813,0.5369935703,0.3038967734,0.8453949824,0.3782314489,0.3131457227,0.3040297815,0.03517586941,0.8442498345,0.6855734747,0.7638722556,0.3655740647,0.2455702051,0.1554626829,0.4937899132,0.883439085,0.3925010713,0.6109378832,0.6149323184,0.5516611899,0.08024927201,0.7157320595,0.7024558261,0.1715553585,0.01160721371,0.5261167779,0.931780921,0.9119242274,0.3309236975,0.06276766611,0.4892871196,0.1093421027,0.8254486882,0.2876292722,0.05245145306,0.02425766867,0.9435728821,0.6109745186,0.09033196715,0.7276326067,0.8613672529,0.1855534684,0.9212690259,0.6062548712,0.7418786248,0.7856395607,0.9762402368,0.6791236302,0.04738956921,0.6499639676,0.3433658508,0.4029473043,0.8107146021,0.2017797659,0.803243464,0.1402044977,0.8797186263,0.7346997622,0.3503195864,0.01978246112,0.8796939744,0.12398624,0.7540362785,0.1329596824,0.8814469735,0.7219875898,0.1116472785,0.5480474381,0.7941574385,0.9745906182,0.6345461801,0.2195050419,0.4767714242,0.6741547479,0.1572327565,0.8579129542,0.8287042135,0.7631378209,0.4396780946,0.3859746986,0.7823593817,0.2142743968,0.9578128163,0.2355242178,0.3839923874,0.7437675917,0.8553608182,0.6457329224,0.7388993596,0.0794029888,0.5407345304,0.7134757709,0.4700550131,0.5598028102,0.5738238368,0.1095296236,0.1992718031,0.9628637164,0.7140109653,0.5299218503,0.684466296,0.9507314444,0.1245998121,0.239452377,0.4673275442,0.3957123194,0.8080452453,0.5201305165,0.5784496352,0.07690799458,0.6683907691,0.5907033164,0.224239244,0.0007714296086,0.0991393216,0.3291009462,0.9780963474,0.5835958101,0.2014218174,0.9001025231,0.8909831822,0.02083867539,0.8964716391,0.8259264012,0.1650175419,0.5654749443,0.8178563417,0.9884980706,0.9275831157,0.7716347272,0.1195159811,0.7304432913,0.7008006319,0.754867335,0.6325059425,0.1796981129,0.08879412046,0.9843612838,0.162212943,0.7866317373,0.1963123981,0.9885526377,0.4500623589,0.7074575034,0.3613662303,0.9273707799,0.1156088844,0.6574159227,0.7906043212,0.5725151809,0.9543281173,0.0129895336,0.2728611416,0.3146294474,0.2838069584,0.120137391,0.6928961597,0.6650117392,0.6056023438,0.5168449287,0.04791047888,0.2543595567,0.4561165079,0.09522980506,0.3589554711,0.1598110459,0.8399742805,0.9481623288,0.3574265755,0.250438557,0.2463994465,0.99169039,0.4924124407,0.5906204896,0.2445404541,0.02523324117,0.5872076916,0.2449128526,0.9999827476,0.5923015157,0.2543085488,8.963770319e-05,0.532351659,0.3040111833,0.9763217592,0.6441210626,0.1985748177,0.9966469527,0.508079581,0.3301734536,9.697314063e-05,0.3368212849,0.5493175269,0.0001020939533,0.6340459042,0.1992955858,9.77079333e-05,0.4955076087,0.3383931955,0.9999701507,0.3247077263,0.559454902,9.687636889e-05,0.3822597699,0.4725339461,9.769087332e-05,0.3453779247,0.6642276509,0.9999718678,0.6559855693,0.190313037,0.9999854521,0.5245954493,0.3251660698,9.79464714e-05,0.4313267639,0.3941053691,9.707567642e-05,0.3434140177,0.5335763378,0.0001052542215,0.6211042741,0.2071832266,0.9999853269,0.3511086396,0.6965723249,0.9999781033,0.3551095792,0.4986193412,8.83889497e-05,0.5306395619,0.283183655,0.9999781001,0.4656491,0.3615195926,0.9999779862,0.6819591812,0.1708442824,9.686924975e-05,0.4008629904,0.441678541,9.840062037e-05,0.304845702,0.595818578,9.01622843e-05,0.4882817772,0.3225428916,9.702247314e-05,0.6759561571,0.1704922289,9.698068296e-05,0.4501630178,0.6185993958,9.768447875e-05,0.3903461173,0.4893504894,0.9999680303,0.3065603495,0.5913683302,9.69663029e-05,0.5735903617,0.4096282492,9.703814222e-05,0.2896807746,0.7216428645,0.9999812298,0.5637123489,0.2629493538,9.69783983e-05,0.3968133583,0.3921377171,0.9999782044,0.4414288423,0.3881528472,9.704922848e-05,0.4309236221,0.521869995,9.713075607e-05,0.249621149,0.5564363844,0.9999846264,0.6140014259,0.3034805353,0.9999781012,0.368901757,0.4883762684,0.9999780016,0.686682714,0.1625949611,0.9999780665,0.4833092218,0.6718559933,9.385084986e-05,0.5501764381,0.250188893,9.728018318e-05,0.4493899359,0.3396964676,9.688011881e-05,0.3547109384,0.4556075508,9.692181487e-05,0.4505441961,0.5776260774,9.709480966e-05,0.679250443,0.1652507761,9.694973511e-05,0.6053652274,0.4423553308,0.9999779899,0.5877044698,0.3894891467,9.687131406e-05,0.2373365765,0.6299187464,0.0001052139693,0.2916269241,0.5155124061,9.686528448e-05,0.460750712,0.4703648427,0.7468472374,0.5544066986,0.2420075661,0.6891560432,0.4615629793,0.3247909408,0.9999787587,0.2764241324,0.637336027,9.685793426e-05,0.386401699,0.400730575,9.563713612e-05,0.4847070123,0.6791450322,0.9999780942,0.4330611174,0.4665964659,9.912602428e-05,0.5284598329,0.2710745193,9.675497771e-05,0.4555575382,0.5382043555,9.691652803e-05,0.7022984928,0.4950494354,9.705854744e-05,0.5716132867,0.3646968665,0.9999778046,0.6892171909,0.1573708535,9.685078287e-05,0.2787323555,0.5278072162,0.9999779695,0.3943383574,0.5636955408,0.7131567279,0.4365141076,0.3491872157,9.685584828e-05,0.3626210138,0.4385427932,9.696604677e-05,0.4783428426,0.4639445528,0.9999780448,0.3166777844,0.745933673,9.648350333e-05,0.2323713802,0.6050362467,0.9999779751,0.5907880277,0.4149669681,0.801113079,0.2990739134,0.515412922,9.708859584e-05,0.4305271903,0.3546240338,9.710368477e-05,0.3995528147,0.5870890629,9.909208314e-05,0.3318486953,0.4809803238,0.9999655502,0.5670412425,0.2324826792,0.00145924086,0.25670899,0.7169730795,0.8527404056,0.4153030027,0.4154334264,9.685755846e-05,0.4967838246,0.5094667319,0.9999755942,0.6606097571,0.3006675994,0.06721596899,0.5837854303,0.2180495096,9.701164907e-05,0.5965593861,0.3321979939,9.727290641e-05,0.4821080627,0.4229201041,9.695778464e-05,0.2611422407,0.541656595,9.686951233e-05,0.3492569071,0.4283241328,0.9999844058,0.4782291963,0.480513125,9.693791328e-05,0.3901494812,0.5200739245,0.9999780415,0.4761923906,0.6085520806,0.6977838929,0.4951673242,0.2918792374,0.637612861,0.48972612,0.2950086522,0,0.353556448,0.6080479509,0.5488915985,0.3508250838,0.4854042541,0.5813108644,0.4175271731,0.3740347987,0.2337572008,0.6847937218,0.1512978441,9.677204376e-05,0.5576879567,0.5551637374,9.686956851e-05,0.507720986,0.4223610965,0.9999783311,0.6272887409,0.4213827388,9.928303144e-05,0.3195228496,0.4836500949,0.9999779913,0.2567677489,0.5676941345,0.4734681164,0.4379244003,0.4774643493,9.699214188e-05,0.4717737642,0.3011050474,9.690056392e-05,0.3739259848,0.4030762413)
