mCurrentIter=100
mCounterStuck=0
mYPrev=-47.79740728
mParameters.n_iterations=100
mParameters.n_inner_iterations=1000
mParameters.n_init_samples=100
mParameters.n_iter_relearn=1
mParameters.init_method=1
mParameters.surr_name=sGaussianProcessML
mParameters.sigma_s=1
mParameters.noise=1
mParameters.alpha=1
mParameters.beta=1
mParameters.sc_type=SC_MTL
mParameters.l_type=L_EMPIRICAL
mParameters.l_all=0
mParameters.epsilon=0
mParameters.force_jump=5
mParameters.kernel.name=kMaternARD5
mParameters.kernel.hp_mean=[1](1)
mParameters.kernel.hp_std=[1](10)
mParameters.mean.name=mConst
mParameters.mean.coef_mean=[1](1)
mParameters.mean.coef_std=[1](1000)
mParameters.crit_name=cEI
mParameters.crit_params=[0]()
mY=[200](14.26285096,18.49365826,-16.47041689,32.09357025,62.20519802,-53.47006645,-29.76470576,-14.95208829,-50.22648422,58.80667972,9.501530078,-3.815619773,-44.85653184,51.02894643,-26.75136151,3.122487048,-40.98187377,-7.887163746,5.415935529,84.35398029,32.52594256,-29.59902951,35.82670116,62.16965979,41.21115117,-18.96534522,-23.96949587,3.577450096,18.17624804,-18.70434025,18.59726064,-49.37233078,9.738681601,-30.12558843,-14.83022077,55.31905297,-23.94010889,-42.44613038,33.54435402,-4.876138689,-25.28215342,-18.3352624,-3.658258086,-9.366669389,-49.57599154,19.71531605,-38.09013478,-49.03865612,-53.93042246,-26.09839024,-7.757699167,35.48328129,3.357430911,-31.13734698,-21.14200468,-38.9557395,-45.15931482,17.51593707,4.252141264,-36.51338614,970.5814882,-44.48061021,828.3412967,24.22798768,15.93845555,9.503475585,12.40713663,-18.57318105,-24.25043962,157.8126331,11.9917442,2.739784659,35.63130444,22.47650252,11.08125909,-6.263938262,40.01599968,-1.123348187,21.6253273,1.059797468,1151.004532,-44.3993743,3.020869432,249.7861326,-13.67325611,153.9593918,-34.99152196,-27.72745515,-5.766221219,11.4472286,2.431010049,-10.51148657,-29.23090954,632.6283447,285.787325,-14.44199991,11.26005942,12.83364204,-10.13293144,-43.60492588,-44.29022681,-50.73758501,-49.61665882,-39.1871151,-53.1680905,-50.1587128,-53.88864263,-46.27710107,-56.19545839,-52.60305211,-56.04523386,-56.65609574,-33.40204279,-55.22501307,-42.04435597,-52.91421881,-47.61429356,-54.73558067,-56.24213556,-53.73445932,-47.31087528,-38.48005567,-44.25429968,-46.77819606,-55.53488151,-52.49341912,-53.11211904,-52.73913915,-48.54293568,-49.07576041,-54.999856,-41.37573134,-50.70982804,-51.95399483,-55.08651412,-54.53037587,-50.67622685,-55.98135774,-38.42937816,-54.57121286,-39.99424254,-52.73823349,-47.96011267,-50.13932149,-51.17442735,-54.09778902,-56.0465806,-38.09746969,-49.17967905,-52.65032328,-47.19943101,-46.13219103,-56.83957526,-48.97236218,-36.08020738,-52.38326174,-43.00514047,-55.72218517,-53.04722761,-51.75142869,-54.64534545,-52.03358221,-53.30978109,-47.18671616,-39.59707292,-42.99938794,-48.07246314,-55.16335146,-48.08945875,-54.77753902,-48.31979668,-54.27414794,-49.48284995,-56.93249519,-55.24849793,-44.75212867,-47.05891958,-55.76263341,-53.96199406,-55.3023496,-54.89166735,-56.41016646,-54.35363446,-54.17222312,-51.94228061,-57.48769324,-51.70108327,-51.02432831,-43.80003854,-36.54066324,-51.00650683,-56.00486994,-53.43517768,-46.3219539,-49.69456871,-52.74480175,-49.72501175,-55.44557314,-52.41240281,-47.79740728)
mX=[200,3](0.5456683,0.1877850027,0.945403501,0.6759534641,0.9781583669,0.2834481617,0.4850590049,0.825814844,0.1914743341,0.9073301489,0.9334933973,0.08566001855,0.2756140146,0.3129248055,0.2373396811,0.391730157,0.5574543001,0.3730729694,0.9320971692,0.4115548378,0.662304264,0.1929392305,0.3406732274,0.7953112198,0.6896960783,0.455572343,0.5455587561,0.3366181446,0.8085371833,0.03099475264,0.1536197016,0.1490061477,0.927810008,0.2383677677,0.4073854576,0.2431938261,0.4514603319,0.2703423323,0.5558538358,0.5656754248,0.9953937564,0.07445597573,0.6617903703,0.2831335473,0.7211390116,0.3181528334,0.004882692043,0.8781593835,0.1893179005,0.3236633781,0.6441895,0.834746561,0.4625894323,0.1797654268,0.07665917917,0.6362721635,0.8366507775,0.2002638374,0.4234020358,0.1536903768,0.3215315117,0.392934755,0.2155034595,0.4140309199,0.7341107998,0.3996407761,0.253572737,0.01484931622,0.5203763179,0.617420961,0.208398842,0.3043664795,0.580259933,0.926206131,0.04440718159,0.1736911297,0.7690688801,0.1372750543,0.9107992235,0.4735766165,0.7195566386,0.4060754879,0.3337323369,0.2735994499,0.4417500683,0.05372261626,0.9625548106,0.9823627582,0.7263987796,0.6264517452,0.2607182905,0.6886775154,0.8975010378,0.04818774265,0.3795794187,0.419010465,0.4711579356,0.8576406923,0.7029322447,0.5777916308,0.2216174255,0.5363707733,0.2212597868,0.4807256595,0.7824627547,0.02475160818,0.0987845537,0.4015167101,0.8878105963,0.3846527328,0.3167452878,0.7660817192,0.6660912169,0.3822585313,0.426188856,0.5182010276,0.1012934775,0.1228594305,0.5665242482,0.8126504665,0.3878281669,0.7901187784,0.1418408708,0.9741315354,0.4978873695,0.7475739201,0.6902155671,0.2624702048,0.8466331448,0.0968649723,0.6176513008,0.7532847872,0.7193874125,0.6411150569,0.3431094824,0.3484292321,0.08524077004,0.9714286355,0.2955176344,0.6565993953,0.4860361782,0.8589074482,0.6076642495,0.2621552366,0.5182434968,0.5012353777,0.490262113,0.8058742734,0.3050829052,0.6912554977,0.8761065275,0.1197068853,0.8035243481,0.3551311232,0.9835872492,0.7640329457,0.2108302578,0.2543338619,0.9028533305,0.1432220779,0.7436907883,0.2067762445,0.651965033,0.2301014407,0.4656055445,0.1171008438,0.6278701353,0.5024515287,0.1699609773,0.5792203165,0.5126805328,0.8940525045,0.06621457305,0.9593987211,0.8415910594,0.04080991917,0.5850976487,0.9633281976,0.5967926206,0.5681244637,0.7860319146,0.1507109448,0.1651727087,0.1303754487,0.4337536066,0.5991426516,0.7497981975,0.5893179373,0.006212371513,0.9241889242,0.3512782164,0.9905278473,0.3729139413,0.131086008,0.4392118631,0.0113919649,0.8734111662,0.6531070159,0.4631467406,0.8894344643,0.6858391143,0.2813004261,0.5339233866,0.7385851436,0.3045042882,0.7757762013,0.2512517665,0.08017750532,0.1633816633,0.2916746788,0.7701187854,0.2194670055,0.4254607947,0.03665781824,0.8391964734,0.06651574907,0.6330206467,0.7571471232,0.9840716785,0.827774891,0.946720547,0.6792439422,0.5015660995,0.5400108037,0.9120454934,0.1006462573,0.248119349,0.3348865637,0.2458661003,0.8660704373,0.9304911615,0.9590068135,0.02744781182,0.850345166,0.9453536885,0.9132944892,0.7791299726,0.6239244065,0.03733039288,0.8653936556,0.723239696,0.1935440642,0.1133590589,0.6029622529,0.4457709999,0.6034789626,0.7955768193,0.1770658259,0.8803505166,0.7574577888,0.8998290716,0.01902670454,0.435999681,0.07823023004,0.6341861613,0.4956124691,0.1044707719,0.3618740165,0.8619489302,0.7059999048,0.12790997,0.06958857466,0.6790066098,0.09165671603,0.05151586263,0.8490342298,0.4597107575,0.8196275135,0.9550485153,0.3535564376,0.9910065381,0.9019846713,0.3250118383,0.6452532115,0.3620629688,0.8209217755,0.3691342679,0.7159230696,0.4742795306,0.5219994867,0.1292128431,0.2278342651,0.7018719862,0.5210817092,0.02171999681,0.532229643,0.810174353,0.4449267366,0.003915571726,0.6990598104,0.05330845736,0.5964270216,0.9675356384,0.1897028225,0.7349528143,0.7847402616,0.6106329534,0.5583657175,0.2940381444,0.5791555272,9.333161524e-05,0.54497219,0.2900787612,9.051570726e-05,0.5100921409,0.3181966356,9.701349339e-05,0.4721708666,0.3545837693,0.0001044519746,0.5963740414,0.2481572354,0.2770124568,0.4546177965,0.3815243491,9.719227013e-05,0.5889668559,0.2531537105,9.571850806e-05,0.4978967574,0.3239367383,0.9530660104,0.4616662346,0.4090894333,9.686075909e-05,0.4260066894,0.4364101984,0.8693488443,0.5387038113,0.304771172,9.720401849e-05,0.4682536871,0.348871835,9.700498025e-05,0.4089566297,0.4774085702,9.618738999e-05,0.6169289372,0.2324787783,9.692504005e-05,0.441188759,0.3751521378,0.9999771104,0.4490563925,0.4473256996,0.818579759,0.5198005767,0.3179969723,9.570392722e-05,0.5289978564,0.292427048,9.696266144e-05,0.4305147344,0.3800570757,4.65887747e-08,0.399491261,0.5031404933,9.706894562e-05,0.5086399873,0.4221504466,0.9999780608,0.4929832975,0.3574747019,0.9999779878,0.4113023214,0.500132508,9.246333071e-05,0.5905046808,0.2447421298,9.687965878e-05,0.4723070092,0.3327514683,9.686897592e-05,0.3960424326,0.4087931278,8.972462961e-05,0.408369523,0.517289524,9.698489746e-05,0.5159819192,0.429391055,9.698000682e-05,0.416059203,0.3780271982,0.987642774,0.5979264013,0.2629237433,0.9999780045,0.5302427572,0.4226710496,9.693303357e-05,0.3833682935,0.4601479864,9.572726388e-05,0.5116880838,0.299401898,9.687816166e-05,0.4738445077,0.5307345537,0.843180784,0.4544679,0.3690434349,9.892661172e-05,0.4917762022,0.4508693138,9.718800069e-05,0.3929232625,0.4048363381,9.701626214e-05,0.5502566996,0.3830649289,9.683094423e-05,0.3666583106,0.5226961796,0.9999779787,0.4116134132,0.468613892,9.703029444e-05,0.4560706325,0.3396309109,9.680604148e-05,0.5239572242,0.5886242534,9.692040439e-05,0.4850552123,0.4687811862,0.9640557098,0.5463304841,0.291393011,9.697400503e-05,0.4110614862,0.3794787628,9.693535273e-05,0.3732734562,0.5504519316,9.688046539e-05,0.3709847318,0.4575674252,0.6815660262,0.4977202052,0.3240036754,0.000119886519,0.6515981608,0.2097932728,9.690847855e-05,0.5402712356,0.4048266041,9.68309482e-05,0.4766682202,0.4919011288,9.78564733e-05,0.5226152984,0.2828386038,0.9999781419,0.5417807466,0.4650054781,0.712484048,0.4455283179,0.3729782853,9.709066628e-05,0.4460332958,0.3454075206,0.9999780858,0.4003609187,0.5500939798,9.678483266e-05,0.3898224679,0.4321148344,0.9999780118,0.5320824025,0.348040931,9.683445107e-05,0.4644954897,0.438466663,9.691540735e-05,0.3546994881,0.4919426414,9.682838796e-05,0.4813153924,0.5102970962,9.697753525e-05,0.4014983299,0.3846762049,0.7401281527,0.4137383362,0.4056080561,9.70693839e-05,0.4795248274,0.4233512708,9.463403929e-05,0.6161628659,0.3257544745,9.777932869e-05,0.5405334471,0.2606666963,9.700073663e-05,0.4536108555,0.336785874,9.029729977e-05,0.367805754,0.5722526092,9.68231395e-05,0.439742445,0.4695392375,8.990899605e-05,0.5625123275,0.4226790299,9.699226915e-05,0.3625494219,0.4719057471,9.686534527e-05,0.4788717247,0.5291041647,9.693575133e-05,0.3848760444,0.4120751992,0.9999845501,0.5621238081,0.4152022711,0.7078464205,0.4278446519,0.4080403507,9.714556479e-05,0.454873991,0.4407265655,0.9999780015,0.5054024298,0.5082964049,0.7769479331,0.6440644153,0.2273491396,0.7978603778,0.5414140175,0.2767551811,0.7331336651,0.4840155792,0.3295537657,9.768212281e-05,0.4807803289,0.3952240025,9.694161827e-05,0.3553102755,0.5084560571,9.695780474e-05,0.4420796639,0.4661966154,0.6950866399,0.405047278,0.426724945,0.6529985815,0.4562695336,0.3593445189,9.777364537e-05,0.3941979034,0.3816623857,9.687301957e-05,0.4435340738,0.4670765441,9.926516044e-05,0.5643711225,0.3586050727,8.92117081e-05,0.3697106082,0.5712556746,0.8590293578,0.3777628634,0.5069399521,9.713400634e-05,0.5387848365,0.6159041754,8.751567254e-06,0.5222521531,0.4678632862,0.5688181477,0.489023506,0.3958980449,9.688213586e-05,0.457121317,0.4147146745,0.9999542337,0.6396264899,0.2372789811,0.9999763166,0.6124366829,0.3114929336,9.711031609e-05,0.431346478,0.5191589986,0.711513872,0.5239794171,0.2812687196,9.706831587e-05,0.3609367517,0.4473593768,0.5885861614,0.4872684615,0.3159513741,0.9999844346,0.5562033057,0.3749467864)
