mCurrentIter=100
mCounterStuck=0
mYPrev=-33.19446291
mParameters.n_iterations=100
mParameters.n_inner_iterations=1000
mParameters.n_init_samples=100
mParameters.n_iter_relearn=1
mParameters.init_method=1
mParameters.surr_name=sGaussianProcessML
mParameters.sigma_s=1
mParameters.noise=1
mParameters.alpha=1
mParameters.beta=1
mParameters.sc_type=SC_MTL
mParameters.l_type=L_EMPIRICAL
mParameters.l_all=0
mParameters.epsilon=0
mParameters.force_jump=5
mParameters.kernel.name=kMaternARD5
mParameters.kernel.hp_mean=[1](1)
mParameters.kernel.hp_std=[1](10)
mParameters.mean.name=mConst
mParameters.mean.coef_mean=[1](1)
mParameters.mean.coef_std=[1](1000)
mParameters.crit_name=cEI
mParameters.crit_params=[0]()
mY=[200](925.1628664,1.342968371,24.36535517,289.8322102,-23.54380021,-16.54776211,5.897040223,45.39473813,1638.981081,1361.445054,-26.72481204,36.00899916,-32.53707629,22.60992323,-16.17949347,94.30212401,31.70754387,12.40585607,22.52275178,904.7482474,3501.457162,-19.43114073,16.45629302,-2.929285828,47.00572755,31.52000218,95.31729666,-18.03629458,-0.646211288,22.30837442,-27.75631342,26.0799542,90.90661462,17.72028633,-25.2857817,-22.80466792,-4.263613239,-25.92906089,24.69732366,13.18131548,-6.722746709,18.1603822,-0.5004367469,43.71158856,36.53625294,6.971588467,-4.780029349,14.37372603,75.80042142,177.2855389,-6.088208226,1081.132628,15.23548363,-19.65929344,1.224135062,35.75157321,11.78112527,89.31897253,21.69573644,-18.54448847,28.3699385,41.33492744,-6.538150994,-25.91856904,-34.42270423,1.518486982,2.506035873,42.13895674,15.8033762,9.198424255,56.8254879,-14.37540761,68.78505077,-27.55149222,21.89384071,-11.79483613,46.08229924,-31.31015604,-13.85207381,37.01398339,-27.22656243,27.63006702,3318.496586,-6.377155586,-31.36433937,-21.96357204,-8.770246194,32.18897758,38.72256901,237.2856578,46.36776421,67.98806873,517.5651295,6.814274894,549.4983838,-22.04810919,-1.456530471,56.71141246,-2.373850518,-29.98268639,-35.01242058,-26.27336991,-30.15008285,-25.90670922,-30.19859975,-26.84888946,-24.08882408,-27.66999834,-17.5005511,-22.86560496,-31.44786191,-36.48797146,-7.31431783,-27.05173461,-16.9288465,-25.5254532,-33.67679912,-28.39368095,-31.32176829,-23.02579008,-27.46898726,-24.46239778,-22.590994,-30.78854586,-33.72289955,-14.0942591,-30.94728032,-4.529951629,-24.44513438,-24.140849,-30.60703498,-25.79279878,-20.99409086,3.320618637,-32.76166605,-32.97973664,-22.8269882,-37.47901491,-15.40066615,-29.02068265,-29.83548886,-29.17266537,-37.78757284,-23.62164368,-8.461965838,-20.41388091,-33.59618986,-18.82782355,-29.33619281,-23.81709776,-27.08295552,-21.71342471,-30.70589172,-35.7469086,-33.09726613,-8.580824161,-34.70724577,-22.98168178,-25.22318471,-37.784555,-35.58397474,-14.25801148,-16.65782204,-34.00727078,-16.1399211,-30.20445244,-33.27632434,-12.58413636,-26.57571974,-34.6486274,-19.65049736,-25.12334973,-25.14459869,-12.53091617,-12.28951788,-29.34577973,-31.03026378,-32.9448329,-34.11511342,-36.86551276,-36.64699656,-18.35645819,-20.24604625,-30.94755813,-31.311873,-33.49509874,-21.2589471,-33.81994338,-23.04256496,-21.84468721,-30.36884976,-10.83281518,-32.27097217,-33.74324923,-31.11337892,-23.34030121,2.316425448,-32.37757784,-14.12985685,-33.19446291)
mX=[200,3](0.5734814956,0.1238822948,0.1847430761,0.9829169806,0.8295637379,0.4519345538,0.2048534065,0.9370106519,0.2916507354,0.9671491404,0.06309882222,0.3690188373,0.335907359,0.5906649279,0.5425010086,0.6227950317,0.4011153526,0.6890687583,0.3666770366,0.4321654167,0.8217466507,0.6026156968,0.584480482,0.04347694437,0.2459726949,0.2009468991,0.1073002713,0.659956312,0.1424652436,0.1340093888,0.5355641171,0.3322355787,0.467099813,0.1443770968,0.1164687279,0.4758493795,0.08457747605,0.549751097,0.3715632603,0.9232401455,0.5113354733,0.9097167492,0.6314476295,0.2609699463,0.6497734636,0.4514992644,0.09779112625,0.4343828675,0.460053695,0.5258005985,0.9479143189,0.5812932647,0.3688128608,0.8661716694,0.2815891855,0.6240526985,0.09175412836,0.19797473,0.05962946749,0.2294556311,0.0320340926,0.109080346,0.0006068550143,0.1818633757,0.7279241896,0.2439083906,0.3471822093,0.9099407018,0.3335517014,0.07703039763,0.193669413,0.7551338272,0.4417058723,0.7460310999,0.970836634,0.1309179406,0.6771517902,0.0620955543,0.3132372517,0.61204038,0.05482980612,0.5119575488,0.5632926314,0.6347552177,0.35552049,0.7816675131,0.1999893801,0.4118748535,0.3012561112,0.9187396121,0.9336590098,0.6007642853,0.5019008743,0.8862200588,0.9220632855,0.6145905543,0.01461902167,0.8497713342,0.02557749453,0.7935742445,0.08980800841,0.8928077941,0.473877063,0.4678517323,0.6078118411,0.04950070611,0.2975490512,0.5370104618,0.8331008605,0.2787093398,0.7425732886,0.3920236436,0.5018831301,0.5838079538,0.1241272225,0.00549063145,0.9327500677,0.3207794239,0.7632246119,0.7331423959,0.402183127,0.733514278,0.1141677202,0.1005644595,0.9139461418,0.3232029054,0.4872170738,0.1732656021,0.7767936436,0.000536054899,0.1521153351,0.4415752331,0.9175889224,0.8716487344,0.8541617301,0.667639224,0.3988637752,0.8366620104,0.591806933,0.1376293245,0.6638579898,0.618377781,0.8982925228,0.1753225461,0.4974283819,0.162538312,0.3893442764,0.7064767881,0.7084974193,0.01990204089,0.2363142912,0.5368860413,0.7203764219,0.05215521971,0.235175422,0.1575526245,0.3880923828,0.774749245,0.07085127715,0.2740988189,0.6944505645,0.418326342,0.8660783463,0.01617290572,0.7605958471,0.09833523432,0.9743701271,0.1633068128,0.4255269715,0.882916166,0.2660757692,0.7687417234,0.1838177202,0.3944315738,0.296874537,0.8676225209,0.6566867871,0.8456221156,0.7571915592,0.2551745994,0.6469987357,0.8501782128,0.7847083837,0.8190326553,0.3407835903,0.2751900349,0.7757869934,0.2214993889,0.7175898706,0.9999408728,0.6875110931,0.3453643882,0.4359252533,0.3828247065,0.495058646,0.2248929443,0.4222871414,0.7932588778,0.5012618071,0.3202223241,0.8133646098,0.7876656761,0.8334208093,0.9235181968,0.7286012759,0.2475288426,0.4229437806,0.5661417359,0.2181113985,0.8464787944,0.8236170715,0.02197333664,0.512660341,0.5439191759,0.6606249256,0.5737806583,0.2650283288,0.9930867513,0.9504717394,0.3712250974,0.6509543861,0.2323306219,0.8958886272,0.4547306662,0.2142290438,0.8586166017,0.7916125979,0.2022741646,0.3041865345,0.6400537961,0.9877546006,0.02563935832,0.4819518814,0.5293950569,0.5296898213,0.4489828589,0.7010766487,0.9586698557,0.3740921974,0.9929091211,0.9761510513,0.4752661403,0.5523646201,0.9486745066,0.944016881,0.599376131,0.1100944732,0.03352205317,0.03370098141,0.9050546528,0.2579375021,0.6989508056,0.1519498095,0.5588245227,0.4095093893,0.7571551917,0.4190200448,0.3506623043,0.7113690935,0.6342811771,0.6766882852,0.8779281756,0.9619017486,0.6247660953,0.2122767334,0.8034216398,0.8799670193,0.6800684356,0.3567975394,0.1444429331,0.7343924431,0.283449552,0.3061461287,0.1644341026,0.9500738273,0.9635989057,0.7460955023,0.04024285737,0.3114946534,0.0674191437,0.4999175332,0.8082403717,0.6731273666,0.07056212131,0.2872347209,0.6962462116,0.3165160725,0.5618238727,0.554873964,0.8119549945,0.126821061,0.8061047447,0.9893678098,0.8847789438,0.178377509,0.7148301184,0.0888763295,0.2568186986,0.5799286673,0.4899607391,0.9999846093,0.5542136376,0.3316659333,0.9999781316,0.4943438856,0.3858825505,0.9999738143,0.6076428546,0.2813325332,0.9999781139,0.4537242724,0.4195578602,0.9999784731,0.6172559634,0.2732052332,0.9999781327,0.4472267264,0.4254400486,0.9999852548,0.6262452759,0.2649272524,0.9999781223,0.5419678779,0.3518120959,0.9999781408,0.3845278344,0.4780397615,9.222976014e-05,0.6307667846,0.3036297925,0.04921157654,0.4595437744,0.4242356643,0.9999780217,0.5563522292,0.338216273,0.9999712054,0.3147523247,0.5371673848,0.9999780141,0.4942084202,0.3944739508,0.9999463915,0.6331808621,0.2299770539,8.927212306e-05,0.6486162958,0.2942828507,9.703011303e-05,0.4364153548,0.4482949936,0.9999780582,0.6186198805,0.4086898393,0.3561465942,0.5707282544,0.331713564,0.9999781342,0.4191492799,0.4413482783,0.9999781008,0.6824773499,0.2104876828,0.000105022265,0.3175010601,0.5930857132,0.04345354659,0.6918372785,0.2317355984,0.9995406763,0.547799938,0.3316654063,9.701305299e-05,0.4362139037,0.4602752617,9.697479406e-05,0.7064253416,0.4823818966,0.3162671846,0.5141918893,0.3764188737,0.9999827572,0.2975202076,0.5447679843,0.9999909822,0.6833959242,0.2115058895,0.2182585132,0.6709661147,0.3430397395,0.9999781221,0.5282080384,0.4657376119,9.609247808e-05,0.3658042811,0.5969582611,0.999968699,0.42645385,0.4131261438,0.9999781261,0.6294925151,0.7669203894,0.9999250034,0.5563466458,0.3161142893,9.691361464e-05,0.4047204353,0.4885692423,0.9999783926,0.6841446197,0.3241445187,0.2889688478,0.5050170856,0.3842443554,0.9999781334,0.6894100745,0.5527753852,0.9999781542,0.456328091,0.5190045184,8.175230092e-05,0.5702200412,0.4494686276,0.9999780163,0.6294606814,0.4228425674,0.5122712231,0.4256638268,0.4298161992,0.05739168667,0.6940272467,0.2192523743,9.664409371e-05,0.6850255207,0.6009772864,9.693102676e-05,0.3387027729,0.6435677762,0.443652068,0.5773949481,0.3011459473,0.9999788148,0.4320684658,0.6182557114,9.692172895e-05,0.4549108991,0.5251265449,0.9999779967,0.6823955133,0.2028637902,0.9999779972,0.4946847242,0.3529830289,9.710733839e-05,0.6904396489,0.3674878022,9.762538767e-05,0.3435264032,0.5053188767,0.5400624534,0.5226750292,0.4586781734,0.4554321893,0.6314104263,0.2620724295,0.9999780027,0.3654034582,0.4644402462,0.3484955214,0.5205826087,0.358225172,0.9999697636,0.6564516247,0.4462817772,9.115801824e-05,0.5083697775,0.5604649482,0.3405661919,0.4736914437,0.401166945,0.6693690113,0.6085810347,0.2821262606,9.718539239e-05,0.2221323412,0.6000451665,0.9999779861,0.6949167248,0.1971981771,0.4333866067,0.5309400507,0.4521900936,8.161117691e-05,0.7180647429,0.2090791512,1,0.5651970015,0.3113817104,0.4053676881,0.5982356205,0.368687697,0.9999781334,0.6497256399,0.6262876358,0.9999779415,0.5066330888,0.5160613142,0.2837766392,0.4141563101,0.4391652643,9.686610387e-05,0.4350392592,0.6396982836,0.9999779847,0.7002109112,0.3122022929,0.9999779951,0.4919507912,0.360879367,0.999978126,0.3495367255,0.607430427,9.697236969e-05,0.726400967,0.5051048933,0.09290421905,0.3707115854,0.5098722407,0.3027266374,0.5400705241,0.4600461729,0.3863141692,0.5810201456,0.3095450018,0.4872875855,0.5891365,0.3982697673,0.4601233486,0.4731573461,0.5027089803,0.4300290148,0.4590569292,0.3956459952,0.000104983935,0.5614466207,0.6202886688,0.9999779184,0.6878139685,0.1977576284,0.3325435134,0.3514377835,0.5027710423,0.5105642108,0.6313884805,0.2673470241,0.4846646855,0.5288875615,0.3462690157,0.3130859558,0.7053973675,0.3196423967,0.550935384,0.519548707,0.482986782,0.9999779823,0.4531880712,0.3895121752,0.9999781339,0.6785489091,0.5057086395,9.07137238e-05,0.5573076177,0.4972973266,0.9999838923,0.4785586313,0.6850133028,0.7046061613,0.5934385277,0.3997201459,0.5104416383,0.4306999831,0.541006401,0.2964789203,0.4167351301,0.4333583395,1,0.5461152663,0.5576183134,0.9999779875,0.233079937,0.5765700928,0.9999779857,0.587647423,0.2804375738,9.108313291e-05,0.328393072,0.6907821662,0.5474435012,0.5535915826,0.4199585755)
