mCurrentIter=100
mCounterStuck=0
mYPrev=-24.94162794
mParameters.n_iterations=100
mParameters.n_inner_iterations=1000
mParameters.n_init_samples=100
mParameters.n_iter_relearn=1
mParameters.init_method=1
mParameters.surr_name=sGaussianProcessML
mParameters.sigma_s=1
mParameters.noise=1
mParameters.alpha=1
mParameters.beta=1
mParameters.sc_type=SC_MTL
mParameters.l_type=L_EMPIRICAL
mParameters.l_all=0
mParameters.epsilon=0
mParameters.force_jump=20
mParameters.kernel.name=kMaternARD5
mParameters.kernel.hp_mean=[1](1)
mParameters.kernel.hp_std=[1](10)
mParameters.mean.name=mConst
mParameters.mean.coef_mean=[1](1)
mParameters.mean.coef_std=[1](1000)
mParameters.crit_name=cEI
mParameters.crit_params=[0]()
mY=[200](740.6468366,-4.821151533,23.58738256,6.399660703,16.60320046,2120.200022,-3.653542864,202.161102,-13.90917132,75.36233554,36.3277914,-19.24616135,-10.55664974,59.87835152,1.628070433,27.98783853,-13.97834931,367.7497032,-20.88773049,97.41838737,4.792694299,-1.671956443,2883.045453,64.1417733,9.829417072,-19.84033792,-22.17330076,58.66988555,-3.235394939,448.2388751,784.9653009,-27.31481904,-16.09967939,-15.86195488,-13.67677492,18.82588449,-11.49091992,4.526351091,32.11360241,599.0593891,4.097039982,-4.243903472,45.93903545,-28.45380193,-8.264902745,45.22275951,16.32163376,41.8623096,3.362244521,21.87768561,12.48193951,-5.645253063,-5.911504917,-26.70936512,453.6365372,32.45233908,19.99768671,-1.99097359,-19.06226358,-4.601824079,21.36073943,-21.54819381,15.64329375,-9.139176458,37.77797188,1422.034005,-10.09267799,-1.274847673,2355.221541,89.30236786,0.3733097057,24.02814279,-8.309879608,26.73016351,44.68715995,39.41742606,25.70456145,-9.314523546,437.0133207,-4.227169662,18.84845597,-7.870697033,10.01741877,-3.364985592,1639.591565,24.53961654,37.65231624,2927.562441,661.6155946,0.7250773898,381.446608,1.886629062,-17.96070027,25.93519689,-4.741130868,1060.550792,49.0372503,2140.171362,12.46212965,247.1777591,-26.89206281,-24.19135151,-19.0124872,-26.59051386,-22.20932593,-23.92626779,-25.15608296,-19.90313815,-25.21013062,-22.51099623,-16.32557396,-9.038193443,-24.74852414,-12.89847899,-24.20836628,-22.76543588,-23.27151446,-9.621482294,-24.15699026,-19.52288873,-23.92262325,-23.41185735,-11.43755937,-12.28647083,-18.91385709,-22.37577976,-7.965477815,-11.31744649,1.667118763,-17.31954938,-20.99054174,-23.1197201,-24.10692485,-19.72282919,-24.53674607,-23.50481562,-19.31796913,-20.78134266,-16.87303788,-26.56685518,-12.94113816,-18.55219193,-24.90252308,-16.31213181,-15.56129915,-23.64392244,-15.57484044,-16.21851866,-16.88487697,-17.82412815,-26.73059216,-24.06581647,-14.15430154,-20.26025452,-23.18050622,-9.62265843,-22.47584464,-23.57724865,-2.533393871,-0.944004205,-17.47380595,-20.59594889,-10.85413827,-25.00498839,-23.7139086,-18.52081074,-29.33485907,-16.57114827,-20.96107099,-19.7067359,-17.69063078,-15.89635509,-2.28791666,-25.68733388,-19.86360683,-24.49729746,-16.90103595,-21.49669662,-27.57453436,-12.74182768,-15.7136751,-27.66449376,-17.04555266,-8.908467937,-25.21510982,-11.081917,-18.92785402,-23.0638141,-19.98641652,10.47873224,-16.22895535,-26.6055528,-27.15655123,-2.06195651,-19.2974261,-19.1167703,-9.739061091,-23.38299069,-23.78131207,-24.94162794)
mX=[200,3](0.812267053,0.3576789343,0.09277970113,0.8738561742,0.7852672441,0.5451855253,0.5951194583,0.903433573,0.6849774676,0.8541237463,0.3673957416,0.3922440928,0.4961826487,0.8949787551,0.1747932469,0.4252379359,0.1828005242,0.05852674745,0.5010735571,0.5411759274,0.2427935525,0.9657400303,0.4192785741,0.1618345924,0.354972537,0.6928068925,0.4448607891,0.1635698949,0.1394120919,0.4341316764,0.106380881,0.2136177515,0.4141165514,0.6541083855,0.2783529596,0.5897064091,0.2066196085,0.6894819279,0.5604922161,0.0816035217,0.9868237478,0.9126608319,0.1120510228,0.6605375078,0.2164678844,0.3853109067,0.5231002864,0.9559084852,0.466339552,0.6252216339,0.2857622946,0.3143573568,0.5981433168,0.02115165686,0.8366008657,0.6583944976,0.1865123597,0.2615096529,0.6046070326,0.07609770547,0.4766102475,0.8325929341,0.4806479687,0.2371189441,0.8040123167,0.4098256907,0.5198258531,0.1282847336,0.0365179694,0.3458889404,0.9699323451,0.9867626234,0.3751696807,0.1582310901,0.8886070214,0.9492779576,0.4767591571,0.6512407355,0.9170900418,0.6192777071,0.2741675806,0.6144189534,0.492858689,0.2332678911,0.1288767997,0.7614556852,0.476041244,0.5260110181,0.5843212829,0.01978947707,0.4543536689,0.3371831271,0.1002562127,0.1924665864,0.3746482525,0.5531117294,0.9800778172,0.3162582701,0.6439201722,0.06109839871,0.3964901736,0.6938922381,0.9350634892,0.4324646786,0.7159976486,0.6258463346,0.9275014812,0.4912782419,0.2806792824,0.1095226853,0.7270660525,0.2785797365,0.7165176392,0.1252908689,0.4042175059,0.8848584123,0.7930114868,0.6381726052,0.196358696,0.2057700848,0.5873840312,0.8625893487,0.4251047489,0.8895095862,0.1434571477,0.78727102,0.2552081347,0.8505613508,0.9366982664,0.56495235,0.4215162785,0.5098446725,0.6473431358,0.792423993,0.3433974168,0.8680012631,0.1761326187,0.464123889,0.2141969936,0.4572059449,0.892510376,0.7346155281,0.9958350663,0.7036653874,0.02014665292,0.8133081457,0.3647069736,0.5503693932,0.3887784259,0.9452088959,0.9563290662,0.911816672,0.3311566892,0.7651554596,0.08134734986,0.6344239668,0.6677889093,0.2207382516,0.5358650307,0.3919891739,0.3211824311,0.5970449227,0.2288843883,0.004681386079,0.3278132488,0.435903009,0.8245814289,0.8625339543,0.7571275882,0.731859407,0.859766268,0.3064336946,0.7721489547,0.5294928559,0.7056198983,0.539719481,0.6643238368,0.01471779274,0.5515741936,0.7322665169,0.1300244583,0.4467435148,0.3107628698,0.4809394318,0.5681387465,0.6088472936,0.1585095636,0.2885103311,0.9090620421,0.8051477038,0.07424207927,0.6793395167,0.009769588131,0.02174728252,0.5194766455,0.4496590852,0.113180079,0.1561595219,0.686404543,0.2491582592,0.7571955717,0.09524219985,0.2505101993,0.8121989722,0.0366822219,0.04148569481,0.1169241533,0.3359164279,0.2332231055,0.3521159767,0.04869865892,0.2941897293,0.4544384351,0.8488171893,0.9427836087,0.6173802932,0.05436796917,0.2026853556,0.7417953082,0.7956820586,0.8473586726,0.8332093042,0.9991155322,0.9793679132,0.8402232354,0.7872998576,0.6715729507,0.9991604952,0.5468942364,0.7536707119,0.8713361914,0.2450722052,0.7422978164,0.37177616,0.6707194095,0.4681343666,0.06650542677,0.1403669024,0.2628966376,0.8017741962,0.8931525249,0.5039036742,0.9243135693,0.07033182042,0.7268312856,0.2938849126,0.4120924713,0.7095032833,0.146444647,0.2942609581,0.5142119523,0.77113607,0.3641302884,0.9315974981,0.005379833926,0.1818242142,0.1676732592,0.9639857036,0.1747963575,0.6345006348,0.9732650852,0.5307397364,0.03287774642,0.08143976103,0.9742844273,0.0957222041,0.26904326,0.7271649119,0.6443802999,0.7672044947,0.8280138631,0.302554647,0.1955225543,0.3232712806,0.4061087728,0.8260340223,0.9282357613,0.573751031,0.2580045489,0.6999046437,0.9516367976,0.3034346409,0.7426396911,0.06508613358,0.6285961049,0.5752766708,0.3485309012,0.04894943517,0.7190237621,0.4889217389,0.2264499378,0.779176886,0.05029831091,0.1345297906,0.6031473835,0.8708496754,0.5706976217,0.9055818895,0.01337195879,0.3820435746,0.99997589,0.5534429393,0.4051397124,0.9999780919,0.6204485912,0.3416545335,0.3008494916,0.5143626832,0.4387772496,0.9999781235,0.5197475409,0.49389622,0.9999782463,0.6789543542,0.28533232,0.251112108,0.5764599673,0.3604130969,9.779283578e-05,0.4998489999,0.5215740103,9.700430469e-05,0.2622927397,0.6412825258,0.9999738415,0.6769550523,0.2821004129,0.9999781075,0.5304506116,0.3855471882,0.9999781259,0.3919884115,0.5019542396,0.06653819811,0.6503393794,0.2883638017,0.9999780521,0.5972744805,0.525280931,0.9999779966,0.2844086382,0.6845147955,9.699473338e-05,0.4920992918,0.4359898798,0.9999781459,0.6477786171,0.3927424757,9.699356863e-05,0.436917788,0.5900374679,0.9999827645,0.6890358241,0.6556078145,0.9999792537,0.4422625583,0.5616565998,9.72453103e-05,0.2457821044,0.6141770923,0.9999780048,0.6209308245,0.4742811709,0.9798587627,0.6778087565,0.2670520436,0.3409661503,0.5912190255,0.3432222494,0.9844402573,0.4208247603,0.4527466427,9.709248148e-05,0.5602851874,0.5636617682,9.704088029e-05,0.3473182032,0.5263712822,0.9999780475,0.3625895822,0.7678184318,0.9999779955,0.3043282501,0.5768727692,9.718154784e-05,0.7052418135,0.6734498008,9.709113942e-05,0.3144683599,0.6867020834,0.03036378532,0.5779866689,0.4648621865,0.9999790281,0.6794637746,0.2693036677,0.9999780902,0.5914722871,0.5697522768,0.9999779849,0.5229611471,0.3576281785,0.2154396768,0.4387583324,0.6187590452,0.2339252453,0.4233768244,0.4655482309,0.9999901248,0.6969204307,0.3555986192,0.999978112,0.6517309237,0.4656873175,0.7189091774,0.2333982483,0.6572623123,0.8841685962,0.4765786563,0.5637351701,0.09947088955,0.6661901995,0.2700457768,0.7827974585,0.3392469555,0.5137628105,0.3327075736,0.5541848778,0.509226154,0.632081986,0.4758634042,0.4084146575,0.9999780027,0.6635914126,0.607515876,0.3175519742,0.3979193891,0.644008531,9.083203848e-05,0.2189254859,0.5883382917,0.5154397516,0.6718473384,0.2645019173,0.1800562316,0.61440327,0.3771500154,0.6459062139,0.2794118178,0.6985903909,0.4529479142,0.4802946002,0.5561824846,0.9999799669,0.5969640797,0.3111622897,9.702081761e-05,0.5688095263,0.6222755594,0.9999779802,0.4127165251,0.6122063775,0.593925309,0.593244527,0.4959095261,9.677893758e-05,0.3688012269,0.7426252614,9.700641553e-05,0.3856615331,0.5138643623,0.9999779832,0.4865367666,0.4763113785,0.9999838815,0.7120647512,0.7080275197,0.9999842384,0.5202916748,0.8009621945,0.9999764585,0.7376472203,0.2935635162,0.9999781215,0.6948687656,0.4144650076,0.8905116199,0.2178298445,0.615688323,9.710460827e-05,0.3608643254,0.5947170385,0.9999779338,0.5303570509,0.5903988248,0.323298548,0.6267147447,0.5321423641,0.378853669,0.4659665978,0.5044207814,0.213165751,0.6015444802,0.4167802246,0.7755447937,0.4085749402,0.6651257446,0.7579253901,0.3236795099,0.5303344357,9.695699658e-05,0.219848928,0.6704105911,0.999984289,0.5695739022,0.3236294581,0.9999832305,0.3296028391,0.8031306216,0.3749584532,0.4562437942,0.5722705753,0.999977503,0.6730476773,0.5313758363,0.9999744813,0.6601716885,0.2456059327,0.9999779495,0.7233373228,0.332318383,0.432197629,0.438565266,0.4343471114,0.9999779963,0.542860449,0.462653323,0.9107439932,0.2422629584,0.6932115685,0.9773526098,0.5582745366,0.6745119202,0.7193513936,0.5034665711,0.5353656222,9.730977324e-05,0.4751661417,0.6589120348,0.2041110209,0.6800776644,0.6122129653,0.5562527516,0.3655764375,0.5969109175,0.4094062253,0.5186939788,0.3721262045,0.1201156289,0.2588635696,0.5561800217,0.2671078174,0.3955315339,0.4857712448,0.9999780722,0.689893278,0.4363521639,9.047565023e-05,0.5983364368,0.8170553589,0.1145879833,0.3168506937,0.7039047023,0.421522014,0.5380747153,0.53140137,0.7642532609,0.4034128681,0.5719998797,0.3530415739,0.6649698488,0.2542931608,0.3440739614,0.6067026999,0.4600126785,0.1918420793,0.2080714487,0.6305739102,0.5699296245,0.7248997549,0.2752004229,0.8360750993,0.5561625065,0.585127861,0.4448666858,0.3546880246,0.6348884589,0.9999780644,0.4853952424,0.4519232279)
