mCurrentIter=100
mCounterStuck=0
mYPrev=-22.83929111
mParameters.n_iterations=100
mParameters.n_inner_iterations=1000
mParameters.n_init_samples=100
mParameters.n_iter_relearn=1
mParameters.init_method=1
mParameters.surr_name=sGaussianProcessML
mParameters.sigma_s=1
mParameters.noise=1
mParameters.alpha=1
mParameters.beta=1
mParameters.sc_type=SC_MTL
mParameters.l_type=L_EMPIRICAL
mParameters.l_all=0
mParameters.epsilon=0
mParameters.force_jump=20
mParameters.kernel.name=kMaternARD5
mParameters.kernel.hp_mean=[1](1)
mParameters.kernel.hp_std=[1](10)
mParameters.mean.name=mConst
mParameters.mean.coef_mean=[1](1)
mParameters.mean.coef_std=[1](1000)
mParameters.crit_name=cEI
mParameters.crit_params=[0]()
mY=[200](22.60720137,35.22015679,-5.192537033,7.670404736,53.06134758,42.12071069,25.06850725,21.79003562,553.5816818,6.182376998,10.98226612,-14.00987104,21.32386084,1158.538374,-3.768940061,3.382225178,-22.16953368,268.4296847,89.38702419,1661.023956,0.8515082274,50.06772272,21.41560563,223.8705484,28.13439449,2287.350047,-17.75185433,35.01748004,-16.18316567,50.30549578,16.26985494,1142.02798,46.90181684,448.8834352,69.56404495,53.62773902,45.63358812,-6.109946272,-15.00696252,-8.93595242,23.42293417,30.30818494,48.92885195,0.006693016598,-2.430206075,-16.44444854,47.25253261,8.909938038,33.54251928,420.1215702,33.45404225,691.5366297,88.42471377,27.56444442,5.669354596,19.3737461,-2.361964491,14.88743657,2.578919557,37.21913192,3428.246719,12.12533833,741.9964138,462.4111336,154.3051928,21.15811535,43.19386742,157.3222924,54.77643548,14.70017455,-5.193109559,729.7978708,-19.21405815,70.33557342,43.35024997,5.882108204,43.83405057,74.05668554,123.330991,10.06159573,14.55126139,1969.407868,47.72654342,65.82018125,23.13647103,40.61193909,-10.0619228,71.44105001,567.9238335,50.23782358,1001.394425,50.53305623,1.541489636,23.45338638,1007.287408,31.35835784,113.7820463,718.0571852,-3.089192915,-15.99038652,-14.91225692,-15.85250524,-18.72020892,-22.06915559,-15.7486979,-16.34288649,-23.8401273,-16.86923279,-25.10040949,-17.9295222,-21.13908098,-20.65833621,-14.67085061,-13.0700978,-20.5586078,-16.08767364,-14.95893557,-16.3000364,-20.33785978,-22.27937895,-21.94496165,-18.11379807,-16.59616838,-13.00687776,-22.44722061,18.75651234,-21.84960496,-10.05591099,-14.27020157,-19.60477291,-20.5399539,-23.02750443,-19.53231028,-15.78076121,-11.28967926,-3.384646676,-23.40515907,-14.21357594,-13.20752886,-18.07102432,-18.56093332,-26.08091687,-15.12237269,-20.29048969,-17.44553153,-12.890337,-3.256821405,-2.758775788,-16.42117143,-17.77066831,-19.64017935,-23.39366352,-16.10499189,1.073090309,-22.46571292,-17.14694565,-20.20000413,19.32757069,-21.82501209,-3.180747058,-3.812861035,-10.29057651,-17.24603432,-18.57515949,-23.78123789,-10.44808347,-22.82822016,-13.92448899,-21.27800622,-20.17794475,-21.34771248,-13.72625922,-13.4922539,6.68051401,-19.05017636,-23.68276265,-1.917705558,-20.7807239,-19.79788734,-17.77995037,-14.82410346,-22.0478432,-19.72869458,-15.38936459,-20.87714505,-24.87863195,-18.33619719,-12.215463,5.155093919,-0.9782368484,-20.58771962,-22.88694954,-18.00728256,-19.49418511,-2.324126375,-15.73895475,-12.26449385,-16.91961019,-21.80527967,-22.83929111)
mX=[200,3](0.4423220736,0.3023286236,0.8388942742,0.1060599332,0.2058679735,0.9161643151,0.0941067658,0.2283536753,0.6165736513,0.8306529123,0.4979646395,0.2998181882,0.5974009083,0.7577823089,0.9371456902,0.2498962894,0.873469434,0.07506304671,0.6749630813,0.6907717672,0.79450809,0.4734236431,0.1683529509,0.7297065798,0.1774017977,0.1139850074,0.2545804176,0.3027989037,0.8083922137,0.148999775,0.1857713436,0.5104450282,0.1572551586,0.2919486829,0.3322904293,0.4098314319,0.646932913,0.5488451304,0.8105717416,0.7536164383,0.2964039648,0.09059171542,0.768429638,0.6421481512,0.5894107496,0.3578858116,0.2419675256,0.5202647503,0.5344208122,0.6305565111,0.1352380681,0.9839420203,0.5247280432,0.08506768084,0.257858547,0.1468538375,0.4410956941,0.2045657516,0.7821913105,0.005765152259,0.3721708226,0.2747287918,0.6741817707,0.3269580261,0.9837154948,0.2179084988,0.8891216781,0.7656988633,0.7109724737,0.9047235432,0.3507353883,0.2463039269,0.05614832628,0.910697547,0.3595626103,0.03062964007,0.03130178414,0.1259692927,0.3915952607,0.5872853843,0.4772244273,0.4953779044,0.1289409439,0.6662642179,0.7912610314,0.5653990676,0.5033462755,0.7462242067,0.360526493,0.975889383,0.7347035452,0.6684310831,0.7444358212,0.9572956899,0.1759835134,0.1848221601,0.6174556651,0.8137944105,0.8677855115,0.8019085677,0.1503554197,0.3369190864,0.8436371625,0.9548872107,0.9260706726,0.6679786658,0.6286651371,0.9801993964,0.9342616355,0.9734746292,0.1939460397,0.08460363314,0.4497120371,0.2806648046,0.6389982532,0.6061423854,0.2060920196,0.1400583053,0.4045435502,0.64815481,0.01772113202,0.8689899746,0.4964827531,0.9646874002,0.2823634012,0.7622110851,0.2206241331,0.7210350757,0.9089445823,0.422124104,0.5956512638,0.6512074062,0.8190143285,0.7438135407,0.4173891957,0.4101599362,0.5017067831,0.5587620826,0.2683030739,0.9421484207,0.6835547191,0.3690285611,0.320120197,0.7594448278,0.485652336,0.3154282962,0.8935221651,0.3393690553,0.4104734736,0.06121395003,0.576598238,0.9218811219,0.5324719669,0.999191477,0.3891565897,0.1084410254,0.009254117431,0.4751465112,0.1171648487,0.1946399924,0.08817306746,0.622067512,0.3156923408,0.1858969115,0.5926240779,0.7859844304,0.3496628073,0.4624622288,0.1171344518,0.6554534611,0.5631876638,0.5099600548,0.841397356,0.3121708411,0.2756519121,0.7319178965,0.5422487575,0.6002956235,0.09926192926,0.8531568217,0.4507790687,0.02030170777,0.04267984482,0.5531781965,0.6774423116,0.7037081657,0.6276556745,0.1039716649,0.2658167588,0.719600848,0.1349301606,0.3253635454,0.7727264922,0.2329909993,0.3968858855,0.1256116006,0.06623103895,0.6925777262,0.02452138559,0.8519616297,0.771821585,0.6978195884,0.07047651592,0.5136306208,0.2832237432,0.4876699346,0.164520643,0.06332502472,0.8248978059,0.458080096,0.3471206972,0.5566147002,0.6334078008,0.2136556638,0.05323264322,0.2711841613,0.6547926309,0.6161666612,0.3072410038,0.2371619232,0.9984603347,0.8429059097,0.6870061477,0.9678083438,0.4304343953,0.1521117614,0.4261360953,0.7388633273,0.3820966046,0.4531337949,0.949768399,0.4027248501,0.9379836491,0.05092095578,0.9201651412,0.2644868154,0.4255603394,0.862839721,0.831085951,0.3734367316,0.5821144287,0.3799605102,0.784767304,0.8764201833,0.01641884481,0.1754954369,0.9135921898,0.468903778,0.9528207359,0.4682318699,0.7156841802,0.03298933605,0.7052957914,0.8906596275,0.3821261793,0.8558934015,0.6837992046,0.888465805,0.5200874511,0.5355426825,0.6067560408,0.9757607389,0.9015660401,0.9967527976,0.7251911193,0.007247254546,0.3694121505,0.1612595622,0.7977547833,0.8717679095,0.5192254788,0.3976539749,0.02545090995,0.8280184643,0.2149903623,0.9647571212,0.9466337665,0.7716986405,0.2354125536,0.5614715318,0.5748341353,0.826093398,0.1392798412,0.04375243927,0.2278541937,0.8902941369,0.252361219,0.8033984966,0.07247537184,0.1968187359,0.3429900266,0.5450294192,0.8838496375,0.01568858711,0.04920354267,0.7022060456,0.485832229,0.4353813417,0.4339773441,0.574928684,8.315258719e-05,0.636168321,0.2939891103,9.150727201e-05,0.629621084,0.3006837019,8.820582262e-05,0.638127509,0.2931566097,9.699022078e-05,0.544448838,0.3814914233,0.3110239872,0.6618166095,0.2690010141,0.5223886815,0.6521513471,0.2853932308,9.699185417e-05,0.5202147631,0.404769226,9.045943679e-05,0.6557835318,0.2750041943,0.0001055040003,0.4767704991,0.4451548175,0.68137099,0.6645025823,0.2728612438,9.692192297e-05,0.5689341273,0.3614183222,9.687550588e-05,0.4262696783,0.4949297345,0.8260263182,0.5974077671,0.3643074733,8.717626045e-05,0.6607671014,0.2616294203,9.76808484e-05,0.5176529047,0.4003909928,9.684268077e-05,0.3982767232,0.5289310497,0.8634997974,0.6735096293,0.2718208533,8.766651148e-05,0.6481127254,0.2650470438,0.7745858767,0.5751909296,0.3887140751,9.03546604e-05,0.5739122166,0.3307309963,9.681394154e-05,0.4542987702,0.470446249,9.899948035e-05,0.6631732279,0.2617809363,9.053410293e-05,0.3706729012,0.5683581559,0.8873367236,0.6701119097,0.2766296646,9.697796625e-05,0.5467171236,0.3606391527,0.9999781072,0.3881670754,0.6026533822,3.781021604e-05,0.4749051815,0.4465395621,0.9451464961,0.568039857,0.4215670386,9.706691468e-05,0.6646380099,0.3650361305,8.80715365e-05,0.59908493,0.2803318026,9.125729232e-05,0.4194948222,0.4989163578,0.7012216856,0.6650351296,0.2670564749,8.971465034e-05,0.562580973,0.4652259842,9.793669562e-05,0.5644087047,0.3198397623,9.667459129e-05,0.3728729801,0.6192139974,0.9999779859,0.5089509263,0.4752189966,9.710415412e-05,0.4730145469,0.404516408,0.7539646787,0.6915495365,0.2478879894,9.709208637e-05,0.6495051093,0.4000738325,0.6200412412,0.6230231133,0.2634008112,9.679265359e-05,0.3806697159,0.5276166692,0.6278297291,0.5800481208,0.3325467076,9.027026345e-05,0.5326362297,0.5197974203,0.3339957346,0.6138478484,0.252023252,9.698296434e-05,0.4721642996,0.4046599259,0.8799898592,0.6684319498,0.3588832797,9.665329842e-05,0.445559365,0.6768878018,0.0001059032782,0.7532567733,0.2679043308,0.0001026973567,0.6199358391,0.2541733024,9.717189797e-05,0.3497915513,0.5572026865,9.688755216e-05,0.5544447409,0.3227321343,0.0001054718116,0.4407823,0.4571743533,9.696222825e-05,0.6146820023,0.4486424159,0.9874113411,0.4706352708,0.5259905806,0.5771308349,0.5402811821,0.3747786845,9.694909336e-05,0.5283045774,0.538196757,0.326803805,0.6021251725,0.2722094294,0.9999780801,0.4017322565,0.6592549753,9.685567579e-05,0.4538043248,0.4327304816,0.2994442781,0.7469478477,0.2629724741,0.9999779935,0.6615509599,0.4737112907,9.662520887e-05,0.682247083,0.3675714978,9.692827648e-05,0.5424842874,0.5095278992,0.3686017318,0.6510705997,0.2361917166,0.5807976673,0.5192249777,0.4117415631,9.622955901e-05,0.3297549858,0.6174008764,9.621137868e-05,0.5613412867,0.308702916,0.66576141,0.6735628291,0.2475057257,9.686305185e-05,0.3951067905,0.5004556817,0.604967934,0.5963902259,0.3308298889,9.692500891e-05,0.5074974256,0.3872748641,9.697703772e-05,0.6079152997,0.442494088,9.678084372e-05,0.5017352983,0.5784865512,9.671091226e-05,0.5276775839,0.7199042854,0.002035852511,0.6424645384,0.2452569189,0.5698663388,0.4950393881,0.4557728775,0.8938578914,0.7341352835,0.2692032199,0.4372484174,0.5879258669,0.3143121399,9.679344675e-05,0.4129644068,0.4875010568,9.689814519e-05,0.5227935429,0.3688400754,0.5109081936,0.6453805044,0.4055172311,0.4398021717,0.6160318163,0.2640848916,9.679786937e-05,0.5263129635,0.4906957067,9.685252862e-05,0.3508132308,0.5626590778,0.434619829,0.6240078636,0.2684867445,0.5185745155,0.5000407191,0.4399718953,9.0784557e-05,0.6522300925,0.2447236721,0.2460164938,0.697060504,0.3356009281,9.723552862e-05,0.6965361783,0.6141983962,0.9999780354,0.68303906,0.5319898324,9.686040337e-05,0.4450570456,0.4238619071,9.786958322e-05,0.5764201901,0.2779520288,0.6534913407,0.4495563117,0.5179835789,9.69934833e-05,0.5319183492,0.3408263523,9.695235851e-05,0.3082230323,0.6767143824,9.122625171e-05,0.4968054374,0.5598091036,9.697497554e-05,0.3547429259,0.5186655656,9.685425178e-05,0.5871335975,0.464591479,0.6108093093,0.583293605,0.3060231566,0.5717846211,0.5150223136,0.407303261)
