mCurrentIter=100
mCounterStuck=0
mYPrev=-47.07478016
mParameters.n_iterations=100
mParameters.n_inner_iterations=1000
mParameters.n_init_samples=100
mParameters.n_iter_relearn=1
mParameters.init_method=1
mParameters.surr_name=sGaussianProcessML
mParameters.sigma_s=1
mParameters.noise=1
mParameters.alpha=1
mParameters.beta=1
mParameters.sc_type=SC_MTL
mParameters.l_type=L_EMPIRICAL
mParameters.l_all=0
mParameters.epsilon=0
mParameters.force_jump=20
mParameters.kernel.name=kMaternARD5
mParameters.kernel.hp_mean=[1](1)
mParameters.kernel.hp_std=[1](10)
mParameters.mean.name=mConst
mParameters.mean.coef_mean=[1](1)
mParameters.mean.coef_std=[1](1000)
mParameters.crit_name=cEI
mParameters.crit_params=[0]()
mY=[200](294.1091473,15.13049873,-6.263199221,-41.91738474,1160.862035,18.71688257,548.7128307,7.499700494,-14.45119535,111.722129,-45.25803278,19.46956704,16.67601382,-9.594500198,648.6771354,28.4638219,1240.042349,47.81610731,14.6031906,-30.36446508,10.39058297,-28.96941124,-22.17133299,-5.472934664,-44.48378251,11.41376707,273.5803385,-34.27389449,-44.84746414,-16.05912756,-20.60309444,-37.29982165,-55.6160361,-55.10210227,-22.22905686,-28.36377049,15.45468182,1421.055249,-42.58188352,1674.234121,-26.32192402,-17.32933537,9.171409237,-10.18235865,3.040143063,20.78516305,23.2899717,2029.868707,-39.21127205,3755.725214,-50.6620969,-24.09475688,967.2985111,1.554143319,-38.84988717,-32.13598295,46.05081199,-21.76770976,-47.53034745,-14.85095856,21.38888251,-7.364687827,10.95705551,-39.49175206,-9.945300099,-10.09901622,-31.37968154,8.238029344,-23.67210135,-18.11460548,-52.70450976,-14.11642517,13.62782125,289.2440855,39.77952616,810.9185661,39.12467289,4.731326635,-52.43822525,-26.42597816,-0.6168768915,28.62967933,-42.89535169,10.79758879,2328.937647,42.15217477,-18.12032748,180.4988011,-22.50821429,57.69687358,-4.966304847,-37.86060534,-1.985111035,15.03540257,-23.00106775,15.48242293,-15.94952624,378.2441178,24.76447239,-14.11557255,-20.76927388,-54.89431417,-49.52066547,-44.39914578,-34.12208011,-52.13230369,-43.19254697,-48.40541594,-42.42787854,-50.00072836,-10.3273016,-55.52112234,-51.8770961,-44.3400906,-33.46609717,-44.43465999,-35.3819505,-55.18354981,-43.8861267,-49.2930478,-26.6837591,-27.65721218,-24.7854856,-50.60250937,-52.63412837,-50.95329907,-40.2592031,-39.28574468,-44.28772946,-20.51526574,-51.70564416,-49.25809759,-50.27900512,-42.37141168,-43.74850099,-40.456102,-30.96803266,-53.46381971,-0.6462158405,-45.47946258,-45.80578864,-34.32288273,-44.48579175,-20.13926937,-51.62049099,-41.80136632,-44.54992205,-32.79739571,-51.33638366,-53.85396369,-49.36818196,-44.673024,-42.45472246,-47.63074206,-44.6125976,-46.39452696,-52.31477908,-36.53714305,-38.40498044,-35.815291,-46.73850143,-35.81388535,-40.46940685,-53.98940466,-31.17558311,-35.80830819,-32.97649044,-46.51313639,-53.99830477,-35.86486004,-46.63174407,-28.3368755,-47.87235812,-11.59721835,-53.65983151,-46.52581689,-20.62838844,-36.7275914,-51.61847616,-44.69478149,-22.84604768,-40.71933981,-47.43381494,-53.91660742,-23.13128008,-48.89349368,-46.39045513,-35.7203327,-11.93854321,-47.89452842,-42.57548503,-54.48236698,-47.82860967,-39.80128376,-26.30433301,-55.30725397,-49.86527727,-42.08632585,-48.38023256,-47.07478016)
mX=[200,3](0.1109402043,0.1186914572,0.2499861363,0.9587979857,0.7066770541,0.8976219996,0.186627926,0.0379308827,0.5187380083,0.07612152164,0.6102287246,0.3003023316,0.2921389481,0.2673916002,0.06391220478,0.8474341445,0.5392903408,0.9570072251,0.5704578548,0.3848477875,0.05082918414,0.3948946933,0.8543234081,0.08521263488,0.2788776789,0.02190612908,0.577193423,0.2089847922,0.598067404,0.02776777304,0.1783764125,0.2121448868,0.6339313793,0.4934040484,0.9458571693,0.615592228,0.06995095513,0.9722817922,0.1300038291,0.6112601639,0.0591138821,0.5503034126,0.7949733442,0.1669399043,0.1858327493,0.7204996166,0.9270114474,0.8074844236,0.1260218169,0.332357337,0.0164271818,0.1949590729,0.8455166395,0.994780443,0.5127823561,0.3026182855,0.2730188947,0.1035273751,0.1419403284,0.4442513599,0.9408494601,0.9132450665,0.5846477679,0.8743621464,0.7243032004,0.450315371,0.2666917439,0.5751281628,0.6944125712,0.5051177228,0.8309076309,0.1115751802,0.4570714376,0.5478557973,0.2383925314,0.1343701684,0.7950274708,0.7626138566,0.9084116034,0.1006038775,0.3175494152,0.6094373221,0.695314173,0.3866274358,0.3394485268,0.3243792545,0.3754066785,0.3117696096,0.2308940605,0.3541272704,0.7326237758,0.6305234915,0.7020145006,0.7822508487,0.6704514034,0.4103967624,0.3039327692,0.4502642067,0.4293329891,0.4496449705,0.4687500869,0.390189887,0.0576637735,0.5838030067,0.6866876218,0.2244855222,0.7114522199,0.4795576361,0.1544380474,0.8752656159,0.7173824092,0.807094955,0.07524551838,0.169988998,0.98932681,0.6462097263,0.1960782292,0.2114146205,0.2281775467,0.0403223688,0.1659730026,0.6031796261,0.6475726308,0.08819304459,0.3936894754,0.2632721305,0.4689592788,0.4996130926,0.9072138333,0.3600845238,0.8119534658,0.5286188441,0.03801606614,0.5296036181,0.8578585059,0.6536730131,0.9665025265,0.2873864187,0.9111814769,0.4871129947,0.9874457144,0.01009366449,0.1353869295,0.09227510164,0.831918722,0.5034424759,0.6224085724,0.4713070959,0.7845271191,0.0005934275663,0.7695867513,0.4376411115,0.539487353,0.9998059492,0.2599893379,0.5056922034,0.5250051909,0.3130662525,0.03565386584,0.8920392486,0.297191003,0.8873114797,0.5890530539,0.4296878186,0.6601691343,0.6890987923,0.278205628,0.6797172244,0.3706297707,0.9810317591,0.8741634796,0.8669139926,0.1255703044,0.6022908258,0.6308627512,0.6226813391,0.408457995,0.2436180201,0.2071682367,0.8122444734,0.2328348684,0.4488551139,0.9692360218,0.7021526133,0.1559466014,0.8401443796,0.663351605,0.09063041176,0.9378243477,0.6728225322,0.3644040209,0.3397724891,0.6950385226,0.08933632002,0.82129808,0.02841696384,0.06424015584,0.8312942234,0.04716435634,0.6812870495,0.4682452271,0.4025492396,0.8059537123,0.75361951,0.0995385159,0.7379764498,0.4354772371,0.4190287746,0.3479725731,0.7925056393,0.8291458971,0.470057204,0.4819528006,0.2591324364,0.2849883384,0.3204281531,0.1463244951,0.3741651074,0.2286065179,0.8884544477,0.01286840219,0.3434755651,0.7524715444,0.8294654079,0.9773907356,0.5586086989,0.001367862672,0.2548332113,0.3890058895,0.886110159,0.9178622214,0.4262784572,0.9032465109,0.2906139449,0.5645762893,0.4004876984,0.5487302162,0.5472856495,0.1842832784,0.7207777673,0.9325761653,0.893252965,0.3689553624,0.4388303579,0.7523613468,0.9277972443,0.6437176801,0.5587388358,0.2080054036,0.3270183002,0.1783127402,0.9405403952,0.280388038,0.04855775292,0.1077529877,0.6210122216,0.9994779577,0.1433473231,0.8195203945,0.1904122286,0.7711193585,0.5964911781,0.3546698803,0.1269851056,0.4846123553,0.7406702741,0.4990278911,0.9248608109,0.5199424497,0.07092619169,0.717702667,0.6595401197,0.7867393575,0.7733886908,0.5605787872,0.5994505432,0.5309516372,0.4188225604,0.8675742476,0.3549017023,0.8640354396,0.7464430106,0.8533936362,0.7696888061,0.2155030506,0.3433098921,0.9304876797,0.1537834744,0.966079052,0.7782424554,0.5615775563,0.7498742296,0.2437675217,0.1726181174,0.002601258191,0.9542269846,0.651642317,0.9794060372,0.6694051391,0.7324260957,9.123840614e-05,0.7569994108,0.2108013279,9.687660212e-05,0.3433733254,0.4795943435,0.9999780805,0.5310323804,0.3021932805,9.691206341e-05,0.504138707,0.3336315334,9.08944571e-05,0.6766865318,0.2114559466,9.727425617e-05,0.3033373888,0.5707916895,9.696228595e-05,0.5417238082,0.5309814649,0.9999759418,0.5954177175,0.2602036548,0.9999780575,0.3937666289,0.4283653909,9.713048693e-05,0.4837977236,0.3616527806,0.9999773345,0.8384386426,0.209589543,9.692131605e-05,0.2740077668,0.5283589627,9.785672212e-05,0.4761692493,0.4643841828,0.9999854635,0.4856707484,0.3117481937,0.999977998,0.3177073452,0.5962798161,0.9999850869,0.5657298392,0.5165409791,9.705397304e-05,0.6922145962,0.2756397876,0.005309155123,0.3591481704,0.4468914451,9.695671123e-05,0.3827365139,0.6072793644,0.999978199,0.4908491422,0.3737210943,9.701972959e-05,0.3911509281,0.7305359008,8.496070749e-05,0.6426757935,0.580336593,0.9999781195,0.3128199695,0.4642527017,9.682394732e-05,0.5172538944,0.4264778246,0,0.4252653897,0.5245695437,0.9999873264,0.5917590266,0.2017167132,0.9999781031,0.5202557945,0.2562734506,0.9999782693,0.6860425561,0.304735613,9.20804413e-05,0.5083632694,0.2907297948,0.9999774997,0.4290670262,0.7502869761,9.714139407e-05,0.2389292983,0.550409333,0.9999779758,0.5350935421,0.4622231423,9.687691765e-05,0.3995612545,0.3901155813,9.83112633e-05,0.3317773933,0.6444208113,0.9999781222,0.4585091531,0.3397603236,0.9999839913,0.7028138844,0.2063803243,0.9999781506,0.2839676866,0.561854348,9.71709864e-05,0.2814721097,0.4767981841,9.160787417e-05,0.8684452742,0.2091900414,9.836969804e-05,0.4751143239,0.5685322597,9.716800206e-05,0.5242742817,0.48501204,0,0.5924228271,0.2400344219,9.698441413e-05,0.593031236,0.3593982176,0.9999761931,0.7109717482,0.6280803194,0.9999781672,0.5046373329,0.4135770905,0.9999846078,0.5752960529,0.544919341,9.798810658e-05,0.4460582341,0.3290812659,0.9999783364,0.3726499684,0.6579238339,9.694931439e-05,0.3479152362,0.4208713664,9.696426669e-05,0.3748267585,0.5094266093,9.69177456e-05,0.2302177307,0.5908809422,0.9999781463,0.4069172407,0.4998221778,0.9999787452,0.5559434525,0.2083691767,9.680707637e-05,0.5329601534,0.4203949377,9.725511733e-05,0.4336828475,0.5953302187,0.999975546,0.6075870568,0.3423799076,9.92568982e-05,0.2173347175,0.5153731916,9.950242693e-05,0.6261646799,0.1843098155,0.9999780101,0.4734491098,0.272404527,0.9999780982,0.3819100318,0.3940389956,0.9999780201,0.58047442,0.4709300422,9.702709314e-05,0.6133478171,0.5360786645,0.9999781292,0.4160019623,0.5807595554,9.692968336e-05,0.4209432303,0.4814981503,8.98574832e-05,0.7215231379,0.3358899085,0.999978016,0.7108160476,0.2607537493,9.699865961e-05,0.2886096189,0.7082647557,9.71449409e-05,0.4225372495,0.3551783738,9.702203341e-05,0.3346186194,0.5445157405,9.115480171e-05,0.1156808159,0.6712761713,9.697237394e-05,0.2352615636,0.6104301021,0.9999780429,0.2343658084,0.6384345163,0.9999787554,0.5595770639,0.3761132427,9.707076181e-05,0.7347630653,0.6285399799,9.570062894e-05,0.2967096389,0.4389430096,9.015708095e-05,0.5511483631,0.4521914709,0.9999759567,0.2174232308,0.5370529869,9.015362619e-05,0.4175646647,0.6641043583,0,0.415794848,0.4152581925,0.9999781138,0.4289157615,0.4609494143,0.09747574313,0.7808100434,0.1899020441,9.856974037e-05,0.5284337001,0.2727819558,9.6896509e-05,0.5560392473,0.3785713044,9.05235086e-05,0.3763188856,0.5129780223,0.999976431,0.3272569733,0.7276080573,9.693053548e-05,0.3279439434,0.592778443,0.9999859142,0.595813263,0.1837457015,0.9999846848,0.6281324769,0.5609938062,9.925165601e-05,0.5115014424,0.7759510585,9.703638836e-05,0.5049245647,0.5097425855,0.9999726095,0.4632545178,0.311730527,9.052785358e-05,0.2406507078,0.4922123411,0.9999787314,0.5562653724,0.4298250988,9.695258842e-05,0.5113618395,0.5990211381,0.08783269377,0.5834743232,0.1918092154,0,0.4032552008,0.4546337962,9.692406005e-05,0.4141858341,0.3724339214,0.9999780378,0.3984658653,0.5252713169,0.0001061502828,0.196695977,0.5648165528,0.9999782932,0.6112035928,0.2520040669)
