mCurrentIter=100
mCounterStuck=0
mYPrev=-12.80157447
mParameters.n_iterations=100
mParameters.n_inner_iterations=1000
mParameters.n_init_samples=100
mParameters.n_iter_relearn=1
mParameters.init_method=1
mParameters.surr_name=sGaussianProcessML
mParameters.sigma_s=1
mParameters.noise=1
mParameters.alpha=1
mParameters.beta=1
mParameters.sc_type=SC_MTL
mParameters.l_type=L_EMPIRICAL
mParameters.l_all=0
mParameters.epsilon=0
mParameters.force_jump=20
mParameters.kernel.name=kMaternARD5
mParameters.kernel.hp_mean=[1](1)
mParameters.kernel.hp_std=[1](10)
mParameters.mean.name=mConst
mParameters.mean.coef_mean=[1](1)
mParameters.mean.coef_std=[1](1000)
mParameters.crit_name=cEI
mParameters.crit_params=[0]()
mY=[200](2321.835706,6.39799445,53.76666657,-10.8587013,56.32431669,1188.612525,-16.83301831,167.4478227,12.67928102,1374.581805,178.5481002,10.82304845,65.34046759,24.99978004,1.368862718,616.4565052,191.2775046,890.8955314,54.60323067,389.6998634,-22.12262475,-10.88522746,232.0199606,-11.01192,23.59836924,12.78504758,10.98055151,-9.649095994,2.070184259,7.228628029,36.79814575,-11.3373004,-23.19270214,1240.49089,-17.77868647,2512.819092,7.73157602,46.9168926,-19.41649815,45.84092544,77.31463456,-25.19257978,17.22613018,26.98703526,125.7662091,9.043790036,2.182919614,34.88928856,37.86679542,35.74838629,9.352035583,-26.14929438,12.20976458,1714.751441,6.661053225,17.93577364,-12.09042746,-18.73100388,14.9750721,-20.60118259,-9.477029441,-4.664419657,105.1992822,13.56908469,34.83035902,-0.3036612312,1670.047464,41.1044327,9.81671228,50.47267575,30.68951197,17.03526282,-23.49356587,-17.08541189,59.59918873,45.27068845,39.86507393,48.28501716,-10.35269474,23.944297,31.81399912,295.1256223,44.28081264,32.71719089,-15.37054866,-1.975298292,1620.973917,296.1007327,-3.391188549,3.522862499,-16.03093067,40.10582241,-25.16800988,40.64736822,1096.111278,2682.327488,-7.870170496,452.6087318,-5.457879721,37.48880535,-19.57289115,-27.10642558,-25.46224605,-11.80825584,-17.37314679,-13.06203201,-18.11515833,-17.66235159,-23.48122319,-21.88817809,-28.98133993,-15.84713413,-17.57979657,-23.14541823,-26.98113669,-13.22431363,-21.54171298,-18.03520478,-25.25670069,-19.18183922,0.01382081473,-22.19776165,-23.42522614,-16.30430563,-11.92558612,-22.01902874,-26.75581129,-20.49416704,-16.15886145,-20.52384247,-17.70018229,-27.54498742,-12.97665261,-0.8156593724,-19.68883791,-17.80915385,-22.28752651,-19.61160972,-25.03039492,-24.5090548,-23.31814548,-5.97888874,-23.41867124,-23.7269345,-19.27103969,-22.33769292,-12.40164832,-22.01487283,-13.20233088,-17.2765967,-14.60532348,-26.19982861,-23.0526137,-25.93213943,-24.94536051,-19.41438407,-11.83373131,-21.44128367,-27.10084719,-1.725063226,-21.82199562,-21.11769316,-18.04500887,-24.06743848,-28.30110127,-4.240568192,-26.65735857,-7.541477015,-24.32714206,-22.09978047,-23.0538282,-12.76244397,-27.00757727,-19.5723172,-28.03562108,-13.95274671,-16.02620836,-25.44403566,-28.23216981,-26.01994036,-5.23227102,-11.59884042,-25.09070062,-20.43726062,-24.57810251,-29.2015126,-24.37609375,-25.01591671,-18.48402471,-28.24154844,-10.94840218,-25.30702335,-14.79557059,-26.25021813,-22.58654243,-18.4526388,-17.13971292,-24.87466453,-26.23083204,-12.80157447)
mX=[200,3](0.29333037,0.3826371363,0.002949670358,0.08743595041,0.7263044681,0.639575653,0.7791187874,0.8484722343,0.9504553323,0.8966778093,0.6529580916,0.5780249374,0.3135788522,0.9897973567,0.8043739721,0.4597007519,0.2612394507,0.07931970435,0.1163946232,0.3087310159,0.4653735999,0.9016178455,0.05249210027,0.4551500875,0.8662056322,0.1510640034,0.7735107193,0.7930286196,0.007200308826,0.2306370019,0.2124530015,0.3251423594,0.2204322088,0.4144917886,0.3612844133,0.831249424,0.3428390274,0.08431243264,0.4864735524,0.5642747953,0.8016410615,0.7599500663,0.6603031366,0.7668718174,0.5654762462,0.5895568716,0.3184766202,0.1004554787,0.802909428,0.359111149,0.1999595947,0.236420545,0.01318148253,0.2822149261,0.02491962512,0.9363862799,0.05613337232,0.9390759435,0.20608516,0.2756398968,0.4633075511,0.460493281,0.4149460441,0.5730594852,0.5232704012,0.244886326,0.3685351946,0.4268030557,0.1363526291,0.8163648462,0.3437634481,0.5869990947,0.485287473,0.9143995164,0.3144822892,0.6861266065,0.1154122134,0.7842144336,0.7251421787,0.3976099789,0.8212158512,0.8586130032,0.7304684154,0.2009379624,0.9830925881,0.7850499091,0.4933785373,0.270847946,0.6183012362,0.7417503012,0.6490406403,0.9641749758,0.5538267067,0.1090317327,0.7099527786,0.3883691821,0.6323702299,0.6668168421,0.3350967003,0.4206963752,0.1315564326,0.1518283815,0.6038837809,0.5407639265,0.6020635483,0.3970098039,0.1237640948,0.04976050417,0.3512305639,0.7453604893,0.6476231015,0.01908645682,0.4704143727,0.9990146782,0.3894089616,0.5942858461,0.5180751849,0.3038024384,0.8292327341,0.8850157825,0.6246511579,0.8751758127,0.03649788518,0.7187101959,0.579896812,0.4723103909,0.5164402177,0.8842188592,0.4326807118,0.5500101323,0.5015345773,0.9074836977,0.1418028978,0.2948939625,0.2619419509,0.8874634155,0.1957140438,0.7212111428,0.2012185659,0.142449324,0.7670424482,0.9167690746,0.1625164027,0.9495405382,0.6783714491,0.5359512915,0.1438205096,0.7585772131,0.6891506204,0.9161143395,0.9783967096,0.2313723513,0.7141865657,0.4716141853,0.5523767323,0.3231107256,0.8484688615,0.4832121064,0.8187330567,0.03198539051,0.2513481635,0.06588155248,0.191669158,0.06421138473,0.7046301784,0.76430797,0.855826398,0.1692032971,0.2514946357,0.7159618363,0.422320001,0.00064757935,0.490851613,0.5934193348,0.3732499542,0.2738839368,0.857306848,0.9628635325,0.5192724318,0.5075267676,0.179587792,0.5835522013,0.6277576366,0.09987251726,0.2870266092,0.7386231439,0.5977020195,0.7714324937,0.02798225724,0.6105163597,0.8308679068,0.1170105615,0.07146420161,0.6965525605,0.8739998452,0.6958189811,0.811208904,0.3737602335,0.7469400129,0.1809864576,0.09886381059,0.704204907,0.2428419456,0.9848460133,0.6514284025,0.5658906619,0.79498089,0.5379823245,0.8674468437,0.8922559739,0.8325079041,0.2172260035,0.9254165489,0.5265309121,0.8929969063,0.3597810249,0.2661224668,0.4425544946,0.4065818008,0.8251577862,0.4136252305,0.5284214989,0.7808988326,0.0938237581,0.5366388743,0.9478647435,0.6419852654,0.9793843154,0.1227034267,0.6224347024,0.9314110327,0.9289999994,0.9201594874,0.8678999075,0.8709298657,0.4598768058,0.6555002472,0.447753521,0.6330170464,0.8459741783,0.7383878392,0.9067988012,0.6820472795,0.5422459099,0.4328381229,0.1223679877,0.06891707988,0.9917197317,0.2112195019,0.9900680125,0.9410706515,0.6168832999,0.2270457108,0.6752268022,0.3685112167,0.05721066574,0.1030367379,0.6923855814,0.5022524297,0.03810644166,0.1861862078,0.2859745042,0.07332995692,0.3437163302,0.1836814652,0.6056619258,0.6664163556,0.3262028226,0.798646896,0.2914473434,0.1367255539,0.2210580079,0.5453459446,0.1587786341,0.9784353043,0.3080143021,0.2444631331,0.3767203788,0.445098343,0.4074655922,0.950967037,0.6712245839,0.9597412428,0.04517798715,0.2570250133,0.4326505513,0.1714028642,0.01562175497,0.1614803561,0.334560557,0.3950518767,0.4934361914,0.4012299247,0.08228848265,0.3326880606,0.7528129017,0.1764782342,0.0416545848,0.02609423111,0.9641829207,0.6727171987,0.5849150075,0.2832222002,0.5802975244,0.5839515775,0.2828782181,0.5558305972,0.5807647922,0.2841456873,0.06535794466,0.5670161994,0.3000258332,0.9999874839,0.6090147633,0.2739706537,0.9999779909,0.5247120452,0.3455817577,0.3130665568,0.6419438086,0.2545070167,9.70059732e-05,0.5185416219,0.3512256077,0.8367568231,0.6332979241,0.2596585496,9.687577018e-05,0.336798444,0.5990936687,9.843987433e-05,0.4864340792,0.4600227888,0.9999772169,0.5175217945,0.358018081,9.008274193e-05,0.6292566839,0.2654886704,9.690152297e-05,0.5187890755,0.3464112433,9.062500838e-05,0.4038689378,0.5272903637,0.999977997,0.499299776,0.4098270001,0.9999707676,0.6542387092,0.2489974468,9.833880888e-05,0.3284861669,0.6395482345,9.073603646e-05,0.4763239891,0.4831662975,8.922050425e-05,0.552223141,0.3040453917,0.9999779962,0.3707662789,0.5383809419,0.9999707971,0.6370566506,0.2547141284,9.715444564e-05,0.5130855473,0.3970663958,9.712284656e-05,0.6748778761,0.2477929197,9.724189748e-05,0.3683951015,0.6766384951,0.7809401011,0.5384926806,0.3024443664,9.685205432e-05,0.3973064676,0.5276543738,9.716469078e-05,0.5688083569,0.4786812431,0.4698621843,0.5316288872,0.306826804,9.882030138e-05,0.2937373028,0.5965640047,0.9999780085,0.6869804639,0.2419762081,9.687797213e-05,0.4273225798,0.5022917791,0.9999698241,0.4709881213,0.4509669459,0.9999780892,0.3682424767,0.6488760048,9.703380129e-05,0.5088144818,0.3567018715,9.690602326e-05,0.6146660935,0.5046111372,0.1063801169,0.6539153352,0.2495776517,0.9999710594,0.5701073922,0.2801626928,9.692738263e-05,0.377540735,0.5378119103,0.9999779914,0.6006970457,0.4119276257,9.686961167e-05,0.4938823837,0.4151925095,0.0003877859389,0.4115682841,0.7130904355,0.0002997040199,0.4809623983,0.5497771732,0.3840407946,0.5806521396,0.2679059522,0.5524310394,0.5246116364,0.3128085819,0.7475941343,0.4175170737,0.4864705885,0.9999779934,0.7098780539,0.2373685778,9.719475481e-05,0.5535132671,0.4245435275,9.701827218e-05,0.6981757672,0.2452482469,0.0001065315487,0.2607945995,0.6194396947,0.9999780047,0.5121508176,0.561970683,9.69200241e-05,0.3587252526,0.5249619811,0.5075995657,0.5708036212,0.2684318224,0.5518104802,0.4950747677,0.3578932172,0.0001052658994,0.4393641173,0.4627931138,0.9999780923,0.6187003979,0.4456565925,9.694606885e-05,0.6589416625,0.5160465836,9.706333658e-05,0.439365781,0.5915075407,0.6247402838,0.4402521504,0.4728456712,0.8155462914,0.2897974561,0.6031943155,0.3495281713,0.5826362851,0.2631308848,0.9999780096,0.6316991791,0.3444912288,0.326078629,0.5205038417,0.3188741219,9.709068989e-05,0.5072633702,0.5283828917,0.3210854406,0.5519875686,0.4266156215,0.9999781551,0.5393410122,0.6835539989,0.6636079603,0.4955486021,0.5221254985,9.696473271e-05,0.3342226249,0.7166541598,9.699334394e-05,0.341059214,0.5350066747,0.884164664,0.6123410776,0.2439941771,9.728665347e-05,0.4532254579,0.4373939045,0.0001021124849,0.5826231276,0.2796205887,0.6557261458,0.4854250699,0.3848582931,0.003442558085,0.432332398,0.6061661176,0.6295727609,0.4044075751,0.4924078828,0.9999780829,0.7226414898,0.2339396887,0.9999779925,0.6193960632,0.514894423,0.3230260347,0.5895689501,0.4028203553,0.3744185238,0.4919769304,0.4856972179,0.7418220467,0.560187361,0.2720997614,0.1228231423,0.7265389992,0.2357592686,0.7072027219,0.5280052403,0.3046464946,0.5953508953,0.4292820661,0.5682400273,9.705712882e-05,0.5447370533,0.5435622469,9.700785463e-05,0.4238985413,0.4698323359,0.5752555715,0.5214715115,0.4465723429,0.5101019967,0.3400274164,0.5424479662,9.704218257e-05,0.606631808,0.3693405332,0.9999840907,0.6663225659,0.3311293526,0.4922808411,0.4781390941,0.3904577806,9.70972599e-05,0.6832419916,0.4848305119,0.4855137025,0.4963103582,0.4858853685,9.861644677e-05,0.2541640288,0.6376487478,9.715846385e-05,0.3391624197,0.5424429978,0.53875576,0.4370419922,0.5959239202,0.2782010033,0.5971173156,0.2550202811,0.07137332347,0.4889788418,0.3671565558,0.6873572946,0.602867826,0.4288551547,9.691678108e-05,0.4718661399,0.5089455376,0.9999781777,0.6121264987,0.5820716703)
