mCurrentIter=100
mCounterStuck=1
mYPrev=-47.54281536
mParameters.n_iterations=100
mParameters.n_inner_iterations=1000
mParameters.n_init_samples=100
mParameters.n_iter_relearn=1
mParameters.init_method=1
mParameters.surr_name=sGaussianProcessML
mParameters.sigma_s=1
mParameters.noise=1
mParameters.alpha=1
mParameters.beta=1
mParameters.sc_type=SC_MTL
mParameters.l_type=L_EMPIRICAL
mParameters.l_all=0
mParameters.epsilon=0
mParameters.force_jump=20
mParameters.kernel.name=kMaternARD5
mParameters.kernel.hp_mean=[1](1)
mParameters.kernel.hp_std=[1](10)
mParameters.mean.name=mConst
mParameters.mean.coef_mean=[1](1)
mParameters.mean.coef_std=[1](1000)
mParameters.crit_name=cEI
mParameters.crit_params=[0]()
mY=[200](-35.95466508,-6.514164646,-36.894391,-26.11893119,0.6112376882,-26.48453721,62.46938217,12.63960798,49.67253845,2577.153696,44.14473895,11.40254383,-24.61301483,-10.42516167,501.7316937,25.23645168,21.43375805,-32.07728023,-33.80483314,25.49838816,253.1268557,140.3714675,-8.004818819,-29.88297231,-14.13329977,20.37504676,4.397000123,-49.23270397,169.271596,-31.44314778,3191.760835,29.69853963,-22.64963277,6.608502911,23.00517627,3.116753755,-52.63080751,-32.0939207,-36.08123047,-14.92462389,-44.89477708,6.689124397,23.61191346,4.207817448,-28.70692997,-12.89805441,-10.48638696,101.942144,-35.20758044,-25.75257003,-22.53191412,1280.72189,-8.034568343,-5.747245773,-27.27209773,130.9702825,-19.59318876,145.5976338,-30.38339722,3.842033039,11.40273836,-43.94676102,-13.88483604,18.85069137,28.11311698,719.9942056,13.17370618,27.29113896,1524.755305,2470.226551,-45.63208758,143.4099713,-14.62880256,-39.49516357,30.34567726,27.67149673,58.86070164,0.6605724443,1117.276736,-31.8071301,1386.131105,9.712344226,-24.55595212,-34.05006363,23.73066543,5.656079833,-32.23333149,-18.60000593,25.41959064,1.441245854,45.6305799,3.877120156,3148.764172,39.89048646,34.21669019,-36.06210394,222.2483405,35.68835586,21.07536622,9.39990711,-43.28334298,-42.66667143,-42.46044665,-38.58237522,-39.67222087,-47.68118651,-40.32605132,-46.07912725,-52.60188053,-40.86119508,-39.23242098,-50.42072854,-37.58988031,-43.36477665,-49.76590672,-49.404647,-39.74173856,-41.35776862,-36.21728257,-48.15205342,-47.07226094,-23.30776518,-49.21023501,-37.99332457,-41.22952643,-43.7315067,-47.55565258,-30.93675266,-39.64167364,-33.33446505,-44.57108402,-45.22460972,-16.48667422,-34.22128235,-17.26234055,-41.20748147,-49.62328446,-41.15105273,-39.7692406,-48.93446126,-42.67631984,-40.08868429,-4.173395184,-41.71881476,-48.34468159,-50.017081,-34.58303119,-42.75251431,-43.24675827,-38.3041203,-41.77544137,-51.51771932,-37.39702528,-6.533427735,-40.96456672,-34.00970726,-44.76898321,-30.26068145,-48.68818025,-37.33713103,-43.34493283,-37.5545397,-45.50616512,-31.15224639,-48.37163637,-51.56836274,-23.93149704,-40.71177122,-47.81785486,-45.8856158,-46.91471894,-34.48114099,-45.18878876,-29.70116462,-44.22940723,-35.38917654,-40.85581175,-49.27458322,-47.5624997,-43.99078367,-52.12446042,-49.98223112,-9.047669408,-38.95622523,-48.2865744,-37.10252986,-47.61079672,-47.38524924,-27.84900165,-13.9789668,-34.60845929,-41.05492545,-43.24942644,-34.11361986,-49.07750357,-48.42510956,-14.09752699,-31.92887912,-46.94536596,-47.54281536)
mX=[200,3](0.2403894356,0.2800848549,0.6578329551,0.1615964028,0.8284190883,0.4877018179,0.9526475663,0.571638942,0.4485940901,0.0892177459,0.2354559546,0.7247334155,0.8578370224,0.4509811988,0.8327146792,0.6739196632,0.7276884091,0.1114913458,0.4127702441,0.3435656812,0.2029572192,0.3751072522,0.3213709582,0.2706274544,0.4277995954,0.9328714069,0.9311695984,0.621491744,0.1466570352,0.04564789931,0.5332479828,0.9197843186,0.06240064415,0.1779675775,0.3033371776,0.2871574746,0.007428538015,0.3979175025,0.7194087244,0.3948581043,0.1153056732,0.6714403022,0.7215014927,0.2499507391,0.1748314101,0.7311754943,0.8890291175,0.805602726,0.5934548309,0.5557445883,0.9419970771,0.6390235284,0.6572548284,0.4967990638,0.335608707,0.2021412135,0.5638964302,0.1239002038,0.5465298723,0.950600298,0.1419435171,0.4066827951,0.087471851,0.3199681737,0.1222932962,0.3234022761,0.3247102455,0.8487311616,0.297268541,0.6088787502,0.6221586871,0.5826714797,0.3800729048,0.5374625291,0.7400389048,0.4767323563,0.6710584188,0.9013947398,0.9458721172,0.8775714562,0.5266852384,0.3659847643,0.5683978824,0.3746144747,0.9352774979,0.01650986385,0.4577387836,0.7768208968,0.3614599468,0.5403044426,0.4855522274,0.08019096356,0.01099906611,0.8818176304,0.9200786699,0.8102602805,0.3405385772,0.7145161325,0.5521205483,0.2036623745,0.2574490526,0.8943827192,0.8019401566,0.9728646723,0.1573055055,0.9887594115,0.04771656646,0.7097154894,0.2656773151,0.4373691053,0.43523033,0.6906194566,0.6961512802,0.2697264353,0.2164854026,0.662160704,0.3588151559,0.5415602493,0.7657074219,0.5085735768,0.7132491344,0.5086383297,0.3417155769,0.9079567365,0.8923098805,0.3806550613,0.1551667865,0.8003715154,0.05299306462,0.6638971904,0.8556106833,0.6144299997,0.5652352321,0.6418102424,0.09116377122,0.4006715478,0.4211196676,0.7864469707,0.8306763882,0.4698299948,0.7597024478,0.1153080952,0.03811228567,0.4660805119,0.7526991418,0.4900633872,0.6092184182,0.7072278571,0.5915090924,0.6323604638,0.2588193646,0.3863457762,0.7390988992,0.9161960666,0.02823949632,0.250610578,0.4342892242,0.8387384965,0.362018612,0.04447306972,0.1099871321,0.7987634831,0.2343771512,0.1633455487,0.6485888615,0.6533808147,0.7794695488,0.02036806813,0.7669145054,0.2982078931,0.62308894,0.2920111592,0.07202820276,0.3938179417,0.06883170907,0.2245450866,0.6977205993,0.9934139866,0.6143279949,0.8257966828,0.2798038445,0.7908971915,0.7637130959,0.2288445344,0.3519546174,0.4037036264,0.440145991,0.8138712255,0.1804085836,0.9673152798,0.9692512977,0.4288011724,0.5091282914,0.5891536562,0.9652776208,0.02373568895,0.3155203918,0.07550994098,0.64988353,0.6324513293,0.8766409634,0.1009350452,0.9978384007,0.5180150327,0.8641808958,0.002332777476,0.2326194657,0.5111474608,0.3313351258,0.003003244959,0.5288914682,0.4887479468,0.3159931728,0.8915820122,0.1566209332,0.4145951601,0.8495533126,0.787300713,0.4776165606,0.4913850665,0.4437804939,0.5921363095,0.3538238334,0.9892134932,0.6606985513,0.9255768146,0.2106064456,0.9800257323,0.03424545103,0.4101948923,0.1653648876,0.1811875887,0.1936955499,0.8612820361,0.6822637523,0.05294969764,0.2471430867,0.2835609216,0.2741723983,0.6848347337,0.5812947176,0.1856272799,0.1093330211,0.6128754511,0.5202212834,0.8861865834,0.7879076943,0.7488865763,0.1332475997,0.05919809128,0.688813778,0.330300439,0.872065229,0.7300097264,0.9120732242,0.09853312779,0.9017254849,0.2132993094,0.4655572799,0.7061829714,0.3001775148,0.1356113323,0.7548742705,0.1477421985,0.451708989,0.1309978215,0.9712535218,0.3064041537,0.1752885806,0.8466092701,0.8278345617,0.9414669063,0.9238005111,0.8162306932,0.5140605136,0.8503271862,0.7928099247,0.06548095521,0.03521791195,0.9749529946,0.9556269611,0.1210714759,0.5591526458,0.09889775055,0.5312732976,0.7496677477,0.4798693792,0.5798794892,0.07870755915,0.2680324567,0.1951870687,0.1914374392,0.6000022837,0.9936895755,0.571139412,0.8686890958,0.7703857211,0.01477187383,0.3762531836,0.2299744603,7.739362542e-05,0.5356355444,0.2678382973,9.049380359e-05,0.5290058629,0.2722221072,8.246402452e-05,0.5192231043,0.2789257456,9.088715112e-05,0.4828278975,0.3069700913,9.079198648e-05,0.5928424348,0.2379313708,9.694853159e-05,0.442555009,0.349340845,9.595246936e-05,0.588803532,0.2400464442,9.692528006e-05,0.4426020041,0.348038556,0,0.3770262776,0.4652102271,8.61119172e-05,0.5287177293,0.2693470758,9.613965964e-05,0.4604835507,0.3236874144,9.758386175e-05,0.372910837,0.4812932014,9.935655516e-05,0.6359502974,0.2218657069,9.583732577e-05,0.4863339681,0.2961202006,9.686399554e-05,0.4150116327,0.3936856001,9.687167654e-05,0.3442351191,0.518019773,9.530936179e-05,0.639419108,0.2216503737,9.606596997e-05,0.4833275176,0.2969315209,0.9999699832,0.6067613766,0.2617524724,9.702900867e-05,0.4991600207,0.4757763728,9.699010482e-05,0.4222737925,0.370291366,0.999969515,0.4426908428,0.4309826916,9.811523316e-05,0.3310894709,0.5412573785,9.087153764e-05,0.5664391386,0.245532619,9.249557706e-05,0.4735644579,0.3021732455,0,0.5121600495,0.5102625066,9.683710639e-05,0.3756486922,0.4214021433,0.9999900432,0.6813981919,0.2321235618,0.8681407879,0.5300776659,0.3013450846,9.635508134e-05,0.5202630234,0.26788925,9.944237941e-05,0.355152824,0.5746713226,9.714071847e-05,0.4285517478,0.3590346893,0.9999779747,0.3960739468,0.4923675017,9.701026506e-05,0.6895704308,0.2069747783,9.702057172e-05,0.6362334579,0.6646787445,9.686332222e-05,0.5665505822,0.4426409629,0.000106013569,0.3155890477,0.4912602806,8.835333509e-05,0.473550145,0.2989019136,9.674429831e-05,0.4154042389,0.6045017303,9.768689731e-05,0.4063253001,0.3896092491,0,0.5190953273,0.5237696382,0.775814963,0.6147195763,0.2458887154,0.9999780607,0.2871369085,0.7413419874,0.8406712743,0.4932727505,0.3609708022,8.823297713e-05,0.2957606304,0.5423172967,9.697784481e-05,0.3634529636,0.4464161384,0.000100139943,0.6310494098,0.2187978972,0.0001066091554,0.4921552619,0.2809574956,9.776960717e-05,0.5517830963,0.4198210208,9.62969978e-05,0.4483587129,0.3236506479,9.66156902e-05,0.3800881427,0.6135337927,9.695480883e-05,0.3413648632,0.4702372158,0.8986252343,0.4855997183,0.4932526255,0.9999673914,0.3205725741,0.5938381864,0,0.5152518853,0.5403972119,0.9999780107,0.634797322,0.3919573211,9.700553566e-05,0.4189257777,0.3869818095,9.690424074e-05,0.7028257806,0.2021352982,0,0.4445550797,0.4788007323,9.701522482e-05,0.6349756496,0.4407636936,0.5393574616,0.5425937279,0.2641683134,0.000101350518,0.5287508492,0.2552415207,0.6392186671,0.4574958453,0.3858951399,9.706595464e-05,0.4881437237,0.6442574187,0.0001059955815,0.2883454909,0.5513258549,9.678088844e-05,0.3514603864,0.4587502804,0.9743455483,0.7347670128,0.2174149878,9.670837851e-05,0.4669994599,0.298802458,9.092435875e-05,0.4296775993,0.5198000731,9.70089259e-05,0.4355506517,0.341361239,0,0.478850106,0.4291309139,0.9999779883,0.5729301392,0.5122253014,0.6063193975,0.3863501804,0.4812134215,0,0.6197389877,0.562692082,0.0001023347294,0.2968235109,0.5901534055,9.959771346e-05,0.5535694937,0.2439968725,0.6460083671,0.522358288,0.2897083666,9.68942359e-05,0.4195866527,0.5289878268,9.676748319e-05,0.3884459723,0.4054974429,9.696571861e-05,0.5599684877,0.376308645,0.0001023961705,0.3052851569,0.5006188347,9.70038055e-05,0.4659274342,0.4597826849,9.70396489e-05,0.6483684391,0.7170893556,9.718483675e-05,0.3730414366,0.6395525759,0.5068159451,0.5517507346,0.2583331361,9.833681975e-05,0.4696802815,0.2923292704,0.6438014756,0.4511284727,0.4089337606,9.703190967e-05,0.4242213154,0.5340186348,9.700957175e-05,0.7094751956,0.2007422091,0.9999962093,0.6822583023,0.6606167879,0.9999779934,0.6619035585,0.3952097007,9.609547228e-05,0.435359359,0.3346226984,0.6163546038,0.3701804634,0.5071294083,9.716717246e-05,0.6218824771,0.478978864,0,0.3874814872,0.4239310311,0.5420629802,0.4935532088,0.4609391342,0.9999779931,0.4022797654,0.6606689355,0.5955223361,0.6908849224,0.2118128954,0.6061454971,0.5036656878,0.2995615254,9.759791304e-05,0.275896936,0.5712768667)
