mCurrentIter=100
mCounterStuck=0
mYPrev=-32.58374269
mParameters.n_iterations=100
mParameters.n_inner_iterations=1000
mParameters.n_init_samples=100
mParameters.n_iter_relearn=1
mParameters.init_method=1
mParameters.surr_name=sGaussianProcessML
mParameters.sigma_s=1
mParameters.noise=1
mParameters.alpha=1
mParameters.beta=1
mParameters.sc_type=SC_MTL
mParameters.l_type=L_EMPIRICAL
mParameters.l_all=0
mParameters.epsilon=0
mParameters.force_jump=20
mParameters.kernel.name=kMaternARD5
mParameters.kernel.hp_mean=[1](1)
mParameters.kernel.hp_std=[1](10)
mParameters.mean.name=mConst
mParameters.mean.coef_mean=[1](1)
mParameters.mean.coef_std=[1](1000)
mParameters.crit_name=cEI
mParameters.crit_params=[0]()
mY=[200](63.32033285,33.91325358,-13.48039542,2161.391239,-13.7502546,1481.829198,-14.10917141,7.251590065,-28.57804815,35.84413461,1.232137282,2838.315718,-41.216776,3466.097427,24.38452896,-28.39247635,-24.17859566,45.03325184,-3.804851607,-36.64067762,28.11104933,-33.10723528,20.89295285,-37.49811302,26.66222691,35.34774781,-5.943342349,56.69964989,2.384666316,15.4851801,2166.946492,2.681899678,-13.67264617,1427.281312,30.64348674,-11.01414417,-32.14209872,-16.34343665,15.48760741,72.89255307,49.4422842,-38.74571664,243.441563,-11.63666084,-10.00381989,8.950375265,569.1720881,26.83275978,125.5577874,24.79378443,442.0690953,-10.78585689,-14.83076383,-25.47332863,-18.93204604,-23.53014982,-25.91744542,-31.76216481,-8.716245106,79.53286122,26.44716451,-6.423601789,25.31149001,9.876865725,20.83573476,4.826882625,-9.313114958,-41.02202423,10.25675092,24.81801758,-18.89898604,14.86954615,-13.78521872,-14.00180419,95.1401756,11.02720258,2303.435908,49.89541731,34.55670036,7.773577202,-23.34912546,-37.86468066,-22.23516375,-10.24178438,15.73725519,16.56884549,129.2321073,11.77064809,211.5123256,3.941288431,1167.469341,-28.31647766,17.56556847,-1.931259352,-7.845795679,0.1264737877,-1.91805987,22.22340081,5.506925216,5.253011143,-25.68109439,-30.85261973,-37.33900874,-29.19787707,-32.1902087,-12.31869993,-37.87870386,-22.80589334,-32.97509736,-29.83900289,-29.56198142,-24.50954324,-22.37567629,-11.3325061,-28.65698867,-30.32066072,-37.099837,-27.99335406,-31.87133752,-33.6323648,-34.29507859,-33.19729093,-36.44979055,-34.19936634,-7.489662399,-20.3150138,-26.57711033,-21.12235556,-31.52941098,-31.47964018,-23.1762875,-34.63175495,-37.91886515,-27.35896531,-2.962639843,-31.50206745,-23.2686074,-25.09822826,-31.03165321,-32.23518457,-30.05396511,-33.80286138,-33.3758805,-30.48180545,-36.84703831,-36.17910483,-22.7495198,-29.63545249,-18.92305026,-29.4195,-38.02633019,-21.31923641,-39.33672399,-39.35058717,-8.304691879,-19.21786651,-31.14762794,-39.26634058,-29.09631562,-24.52599402,-34.50255799,-35.84634491,-31.55484726,-23.36805505,-33.2415828,-35.21762103,-20.10355094,-30.46511575,-41.50513702,-30.04063411,-31.60579372,-33.93475628,-39.46372487,-30.50229054,-32.31423621,-31.4134528,-24.81302186,-37.69928978,-30.42876851,-31.44944032,-29.95823738,-40.11874417,-34.20888188,-38.08530556,-32.86957366,-31.47358348,-34.65564076,-18.71322907,-12.48958044,-41.13733941,-39.29692485,-37.86511185,-27.86232889,-16.7755727,-16.44396339,-27.0940014,-22.0352487,-34.72402817,-34.18611581,-32.58374269)
mX=[200,3](0.8971109411,0.3765584984,0.2325439065,0.03908488706,0.5465024039,0.97986065,0.5478299629,0.1104151642,0.748191383,0.2448897239,0.009448316498,0.1356791181,0.8861495718,0.7537953858,0.5750837653,0.9783354685,0.3403095414,0.02230458771,0.9608201575,0.7705100248,0.4919083191,0.5191780652,0.7958322983,0.7209636458,0.7883917315,0.7360743394,0.1171804326,0.2592023236,0.6246293699,0.9805123911,0.4842293263,0.5720153077,0.8133663591,0.8345136532,0.06647502755,0.06102894342,0.3088633673,0.4950095301,0.3729806472,0.3663819081,0.04931586505,0.006316741933,0.7362477078,0.9633686555,0.4689894124,0.2077939656,0.2783148115,0.6720159165,0.1752848552,0.7052330427,0.1940548924,0.4189671731,0.9229700875,0.8949434304,0.02496397327,0.2046280607,0.434879809,0.5624567967,0.3214514044,0.5355984327,0.8632239202,0.4120091162,0.21568744,0.4793649612,0.5360008174,0.5653201378,0.4441451947,0.682742165,0.8864224977,0.5513500223,0.6048761872,0.3203243883,0.01966946126,0.9484634549,0.6364599334,0.2710200055,0.8079341667,0.9127006716,0.8093323286,0.2143698413,0.8061756956,0.9085636801,0.4556866701,0.1513631456,0.6019092501,0.3802314156,0.3109158314,0.3991381968,0.9351096556,0.2965452308,0.2280962832,0.2313773264,0.01432523361,0.146783476,0.7820361681,0.05123588382,0.2905863949,0.1017676516,0.7577633371,0.4399579609,0.133312483,0.1430057545,0.7624504278,0.5008577831,0.9934768251,0.7031252238,0.1408465779,0.7684404321,0.4011335556,0.648963808,0.3822403121,0.5763694564,0.7264700094,0.5503995279,0.3161317457,0.9562707007,0.2706522436,0.467447787,0.8313764958,0.03344593362,0.1005150247,0.3172113727,0.3082210519,0.2184353272,0.463707493,0.4595032244,0.6593189716,0.2989918508,0.1835732106,0.8429758995,0.03657153706,0.629255484,0.1112573276,0.5943006569,0.6993445809,0.4997048032,0.2494392208,0.9017469849,0.7781231122,0.3364870277,0.09836737388,0.5294522078,0.8131946206,0.863469407,0.4530075639,0.2600163514,0.261864656,0.5323728997,0.8675766655,0.7873393402,0.3829415732,0.1276602506,0.2475524204,0.7433785565,0.2535863716,0.7799931085,0.3703009219,0.02392552245,0.7029790627,0.3566532478,0.3901406537,0.3997386706,0.1373905675,0.5149637567,0.6875110188,0.6459776958,0.6364043379,0.5887333796,0.3464581315,0.3594039413,0.4165663411,0.09191142864,0.4422169041,0.6068930413,0.876651558,0.8205267477,0.2592915567,0.1874197524,0.4897049728,0.07896714875,0.0884770756,0.6163019331,0.927144093,0.8255719713,0.6735629769,0.734635732,0.6613226408,0.9879293453,0.4783739955,0.4276184834,0.8403849264,0.6538366978,0.6290337401,0.2884592587,0.9584966359,0.7152383683,0.3019594291,0.8755002178,0.6948805046,0.1577425866,0.541176763,0.5932266929,0.4220659662,0.489994812,0.6105912648,0.9161309864,0.4058442055,0.2316829206,0.4043308503,0.9654528316,0.9904583617,0.4385765228,0.7140728371,0.2640696575,0.8837297684,0.5943362991,0.910229254,0.08048431875,0.6459725557,0.9368380698,0.7631393777,0.5271078961,0.1297752979,0.01159432991,0.441235161,0.5059803677,0.8703631657,0.6164682912,0.8198309572,0.1659226284,0.04210147734,0.3271457674,0.9998744907,0.8508359869,0.7985108188,0.5269879506,0.1009378986,0.9209157684,0.9078847699,0.2828381124,0.980222813,0.5541717917,0.6632529245,0.0086248129,0.3697591773,0.5186286752,0.3374042601,0.74716242,0.3642145619,0.6824923887,0.1836954175,0.5095335763,0.1580270255,0.7128116032,0.8211768025,0.06843397105,0.1717319889,0.9383964668,0.948703655,0.4738016607,0.08365830977,0.586342543,0.654563042,0.8442286201,0.04468886109,0.09584257177,0.330884252,0.6742408493,0.5836391148,0.1297076259,0.05589832902,0.05961266583,0.2083421843,0.8564802733,0.6995531689,0.3466147006,0.1688378903,0.2232534033,0.9417542965,0.7504623571,0.07667422816,0.8337264502,0.7296455603,0.1931188404,0.7979832629,0.6335425215,0.8520475186,0.4204477666,0.07084900607,0.5694016768,0.2290433315,0.2801051423,0.9758453393,0.3578052378,0.954915743,0.8933675847,0.1767313026,0.193230177,0.6677396076,0.1691730267,0.9999812671,0.5827750579,0.2516690801,0.9999809528,0.5818992482,0.2514873557,0.9999852665,0.5253108516,0.3000136318,0.9999866576,0.6260083608,0.2180815617,0.9999780074,0.4830271941,0.3463060327,8.711029469e-05,0.5527781634,0.2805286889,0.8963422474,0.6486839677,0.2294461585,0.9999779422,0.3015504789,0.6212404663,0.9999773179,0.4437687237,0.3951104029,9.695108622e-05,0.2548072353,0.6321860946,0.9999708562,0.6296319765,0.2090028377,0.09071620615,0.5140724359,0.311136685,0.9999781969,0.3597730337,0.4612059378,9.701128421e-05,0.3739770834,0.7729904626,0.9999773983,0.538022729,0.2786227257,0,0.5877617538,0.4716453346,0.9999780957,0.5449223367,0.4604703,0.9999781652,0.3789231208,0.5799830977,0.999971813,0.6508679489,0.1950342244,0.9999851537,0.4849049134,0.3354662853,9.707212252e-05,0.46337339,0.3737905333,9.682910025e-05,0.2645737409,0.583925436,9.789477728e-05,0.3414458651,0.4770314842,0.9999780775,0.4993731664,0.516452693,0.06755746273,0.6263956868,0.2246993355,0.9999849394,0.277961019,0.672348274,0.6733969486,0.5406788685,0.2839146421,0.9999780177,0.3794220402,0.4146472037,9.048636766e-05,0.5878750633,0.5121762974,0.9999709351,0.6595211567,0.1885160604,0.0001055689592,0.297110277,0.7065836856,9.688942317e-05,0.4093824122,0.5671737464,0.9999780064,0.5959562876,0.4240394068,9.715648427e-05,0.4605658549,0.3993438626,9.707293812e-05,0.414516732,0.8124502962,0.637972536,0.5102043838,0.2949311894,0.9999708213,0.3222284749,0.5257512982,9.634920696e-05,0.6840591962,0.4552927972,9.696959827e-05,0.2033876627,0.6241622291,9.695781085e-05,0.3148617706,0.4997894363,9.702757448e-05,0.5335478817,0.5767882424,0.9999779865,0.4726812926,0.3500764559,0.9999748358,0.6082305401,0.2138251397,0.9999924385,0.4592396423,0.5872334213,0.9999783509,0.5720475859,0.4663863046,9.699556121e-05,0.4580115343,0.4682171241,0.4303235081,0.611134359,0.2146579649,9.708141674e-05,0.3752972228,0.640714248,0.9999780113,0.2397758189,0.6557711139,0.382026843,0.4780041331,0.340196738,0.9999779951,0.6827511339,0.1756507911,9.709710315e-05,0.7091694855,0.2785191937,0.9999782085,0.6369443415,0.3904414187,0.7826898108,0.4652266286,0.4979585437,0.9999839862,0.4193522898,0.7915684517,0,0.6328623231,0.5918485425,0.7219199601,0.3550785464,0.4357943514,0.1832050725,0.5521480357,0.4198727361,9.781400212e-05,0.2801550624,0.555803698,0.999985108,0.558630384,0.2534964641,0.9999780148,0.5705874191,0.5277053416,0.03672166994,0.4490995556,0.5188725553,0.7281973649,0.3984776703,0.6337059564,9.698226375e-05,0.2257664158,0.7013492587,0.4973521773,0.6665384897,0.1804920725,0.8465995829,0.4542240426,0.3817255008,9.707609283e-05,0.7009712862,0.4593398239,0.9999780413,0.6848967249,0.3057987138,0.57516676,0.5110637734,0.4363328531,0.7645164489,0.2923563095,0.5678985113,0.9999781009,0.6670878362,0.1793893216,9.751266197e-05,0.375092809,0.4364452439,0.5221329708,0.4423322669,0.5357531937,0.5643649646,0.5529896154,0.2516289519,0.9999780224,0.6576676165,0.4407024364,0.5520734963,0.4973832008,0.3190414876,9.057588641e-05,0.4031338314,0.672500542,0.3881698776,0.5192241245,0.4863065667,0.7679751412,0.3305194843,0.4746178593,0.9999850534,0.5576817837,0.5938709357,9.701269753e-05,0.1923246255,0.6198741677,0.9999780784,0.5461962499,0.3776462575,0.08238346825,0.5764710072,0.3765243244,0.2129979652,0.3754166807,0.5680835581,0.5440580783,0.4277656566,0.3815521197,0.5650097553,0.5820432454,0.2266336241,0.5719349967,0.5993244765,0.5028856673,0.9755069589,0.2900891164,0.7030317405,0.2740883809,0.6944911286,0.1794647046,0.7629614869,0.4649614759,0.4578828456,0.9999838025,0.542340782,0.2699397446,0.4719894084,0.4254778701,0.5482973459,0.9999780032,0.7131713489,0.3837073149,9.189435086e-05,0.6372648992,0.6302096174,9.685633214e-05,0.2715673345,0.7535694995,0.7119633267,0.2445361355,0.6002161764,0.9999733737,0.5115488538,0.3036650138,9.708241174e-05,0.3053634254,0.5044637931,0.3461139311,0.5059332923,0.44176585,9.703740356e-05,0.4886622061,0.5346826872)
