mCurrentIter=100
mCounterStuck=0
mYPrev=-55.96519459
mParameters.n_iterations=100
mParameters.n_inner_iterations=1000
mParameters.n_init_samples=100
mParameters.n_iter_relearn=1
mParameters.init_method=1
mParameters.surr_name=sGaussianProcessML
mParameters.sigma_s=1
mParameters.noise=1
mParameters.alpha=1
mParameters.beta=1
mParameters.sc_type=SC_MTL
mParameters.l_type=L_EMPIRICAL
mParameters.l_all=0
mParameters.epsilon=0
mParameters.force_jump=20
mParameters.kernel.name=kMaternARD5
mParameters.kernel.hp_mean=[1](1)
mParameters.kernel.hp_std=[1](10)
mParameters.mean.name=mConst
mParameters.mean.coef_mean=[1](1)
mParameters.mean.coef_std=[1](1000)
mParameters.crit_name=cEI
mParameters.crit_params=[0]()
mY=[200](-46.59444695,-43.71155252,418.1694064,101.2742753,-23.2094905,-35.66733047,-45.10470856,35.71671224,-54.06529716,-5.999007971,-41.76578496,-3.87302014,302.5147585,1472.404362,1.272996879,-34.26528399,-19.79971914,-3.514290657,-15.35175271,-17.54844567,7.054172682,1562.735262,2.698982335,-5.608050466,-35.27424543,-39.75419452,-52.14206456,26.85075133,1.926377311,819.9225109,0.08509387197,-7.948820669,-52.12616173,-50.55285606,10.02049858,-34.85102784,27.13430666,-48.57987077,-37.16704668,13.47297622,1.833156965,-61.00888062,-52.58290519,-56.0277789,9.751445032,26.58175616,-2.383361185,2.927613434,-4.886333672,143.8801406,-47.20771398,36.05421557,6.811821426,28.22074833,-27.4506459,-46.95834362,0.5709743026,-30.12654877,-28.43471869,-31.63425127,-14.6401368,-14.12848936,23.20785527,-11.23636341,1049.205061,428.2194127,-4.642794472,16.33243365,15.40798103,-0.08338346469,401.057589,-8.877051746,2.23818337,-41.93896617,2051.512801,-51.41288626,0.5403904111,28.29193826,2.142834814,14.87210412,-16.22681289,248.7692311,133.2832213,606.3630723,-36.04290733,4.461633086,790.4610625,-27.10862908,-56.50499572,-30.57956154,-33.5762367,-10.56369496,3.442759129,-25.56393477,-58.63981951,-29.490256,1400.185888,-61.53946971,3.724144798,-31.1413899,-57.53540499,-62.00701744,-59.7067624,-54.57804494,-57.38968074,-56.4790856,-60.23649636,-59.2925176,-58.79983874,-55.96802684,-61.3229092,-54.01352597,-47.17570094,-58.94829167,-48.4126945,-58.01644581,-48.92492492,-55.43251019,-60.76813483,-59.56597865,-54.70607408,-62.09695648,-51.00325204,-58.13023314,-58.64500561,-62.97713894,-48.39893261,-53.90866263,-61.07487834,-56.59012612,-60.84727404,-48.08897561,-58.4912188,-58.37185692,-53.59934826,-60.23381827,-53.52427659,-56.14605094,-37.76874565,-45.25232483,-59.36187122,-46.83739315,-50.06655553,-57.85426993,-36.30641084,-59.03092929,-60.08979681,-55.74629562,-54.27237374,-54.41523296,-58.73811906,-54.84918765,-42.99009194,-56.96849384,-59.56005162,-34.78338436,-58.45222464,-55.76366686,-58.36594482,-46.2630241,-37.46835894,-45.17996387,-49.1517291,-60.06698442,-55.23267579,-58.71777062,-57.21359144,-37.84955899,-58.09771456,-55.63120246,-57.2393484,-56.61191243,-63.61535457,-59.86130942,-61.35075016,-58.35887974,-52.77140138,-56.47111878,-58.25947403,-45.5826796,-56.55821295,-45.30634017,-55.38075573,-59.82743835,-61.89986527,-39.7255014,-35.82596383,-61.15073772,-62.22418871,-54.99276916,-58.54230255,-54.14161615,-61.15493525,-55.40108865,-59.99988593,-59.74712544,-54.88958886,-47.01676218,-59.59477525,-55.96519459)
mX=[200,3](0.8383173223,0.4843028274,0.4038443299,0.04089345233,0.278415422,0.4574827527,0.418051856,0.4932188484,0.0335452288,0.5595509473,0.2419874204,0.3338327545,0.00366858888,0.1468929569,0.5278857142,0.6598578393,0.7855959346,0.3461032515,0.118799732,0.6452412368,0.494894445,0.4593277802,0.9611246707,0.9300427569,0.1265262912,0.5701270319,0.176729305,0.2264449198,0.3239490328,0.323415042,0.1622451742,0.7000071681,0.5069913576,0.09612285475,0.4790242016,0.889369301,0.2330793311,0.02710283528,0.4234946717,0.4796291159,0.06312744738,0.1875581224,0.8829994915,0.3068122977,0.5417667992,0.3439017036,0.7379250812,0.5366634731,0.3108782518,0.8357141726,0.5155182864,0.2003190976,0.04692715444,0.750011533,0.9254443573,0.8149060695,0.642678418,0.399651869,0.5665767017,0.808944548,0.1047381974,0.9987328211,0.2706674493,0.7153796621,0.7644667448,0.005445626583,0.5282040292,0.2614343984,0.9193272694,0.7768165997,0.9091397765,0.5839552445,0.8219468374,0.7256388764,0.1185469878,0.3098950585,0.7727703334,0.2225305651,0.7914181879,0.6233786399,0.1483906015,0.6830571516,0.01194966541,0.6676363839,0.3699664765,0.9491931622,0.3858140976,0.5454392121,0.3735465799,0.0592455074,0.9949012332,0.7923206287,0.8194921259,0.8105422586,0.894091424,0.5784519767,0.7249670957,0.6353657087,0.4414631882,0.2813232015,0.4314531411,0.6027594838,0.5087510335,0.9314135253,0.06849083459,0.6266634814,0.75655211,0.1045492262,0.7540575518,0.9140268907,0.9256384043,0.9572082126,0.6708633124,0.2053107132,0.6905931652,0.382855237,0.3919296775,0.3217282732,0.1374903048,0.9758759303,0.8943150506,0.1837668554,0.8447184578,0.615446835,0.5494190705,0.3161748453,0.5941407271,0.664509725,0.1324247248,0.35313325,0.3994027713,0.3737507328,0.4916082412,0.8473588076,0.04923993727,0.842323559,0.5544758055,0.09702659914,0.5378146713,0.6888110188,0.8508682152,0.9819644438,0.58157883,0.9019588022,0.6736893199,0.3431156566,0.867614221,0.2488412411,0.03814825663,0.4873404874,0.6388814759,0.5003540327,0.610437621,0.481742365,0.8829883456,0.9929298688,0.5730157333,0.9735500451,0.1553431932,0.02415193006,0.9836138952,0.8300330097,0.3843555027,0.7452090679,0.08312048508,0.07101787316,0.4575789116,0.6380242187,0.2592590964,0.8727875715,0.7154935509,0.8018068302,0.8098103106,0.3593042776,0.0840726539,0.1957266962,0.7616425551,0.4681795159,0.2889750187,0.6834455106,0.03620254649,0.7151320052,0.742154721,0.1466755133,0.8608106514,0.5510578635,0.9635057943,0.3572057373,0.4625131373,0.2984503756,0.4173780044,0.2470610519,0.783823169,0.05399691498,0.2908859643,0.137869347,0.003024559566,0.4151438257,0.1805407207,0.1127147987,0.8766839136,0.7607470672,0.9520651724,0.7738967513,0.1763299748,0.08815153552,0.9890090154,0.8754839299,0.2070934469,0.8252601454,0.01556533068,0.1044531603,0.2887151997,0.6478388073,0.3324128149,0.3697838429,0.8637840436,0.6084357489,0.8981179929,0.7087625085,0.44031905,0.5930737475,0.3334852542,0.2279679906,0.01923095376,0.3786399956,0.6930127727,0.3019334616,0.7419590422,0.1243606742,0.7928549616,0.8546702507,0.1531697307,0.6299644215,0.9732470553,0.1626148559,0.7825071988,0.9153482125,0.2901968874,0.969164604,0.4457800045,0.1766670036,0.6959783187,0.9308046646,0.8573899927,0.0207871652,0.1994865009,0.3107770874,0.2130556395,0.6645587317,0.2326571064,0.1962334928,0.6006812585,0.5272855019,0.1273134489,0.2767724491,0.4629932722,0.9425478639,0.268951839,0.07052887144,0.268226085,0.5187166883,0.2503958403,0.5605186399,0.2163372662,0.610519753,0.07175778184,0.580929246,0.5942175335,0.7038555821,0.9019410277,0.5177239256,0.6527583603,0.9453920416,0.3605780688,0.731581039,0.05162470206,0.2177183752,0.9523286636,0.4249067219,0.6537588172,0.7211349949,0.4343181112,0.4082918343,0.4767860455,0.5646248155,0.82014304,0.232756375,0.1563390066,0.09290913495,0.1631040822,0.4052964348,0.5390555026,0.432882208,0.7382226405,0.9238851338,0.6712335457,0.06629302592,0.4242515354,0.2553598569,0.0001058724516,0.6116098964,0.2832143658,0.1101114036,0.6129230993,0.2812950876,0.1890280217,0.6263743458,0.264753998,0.1870212344,0.6233978558,0.2652358545,0.1951929039,0.6165706862,0.2690873761,9.701232301e-05,0.5365368028,0.3514100542,0.4312085956,0.6419236932,0.2512874904,0.2278498484,0.6510584623,0.2459066008,9.692218233e-05,0.5084499082,0.3695977352,0.8185547331,0.6082947729,0.2704664619,9.697552173e-05,0.4996257132,0.3819945603,9.703362085e-05,0.6670682534,0.2347166728,0.2046539884,0.663410651,0.2284338594,9.678045676e-05,0.4690932336,0.4576947845,0.972316052,0.6139168036,0.2645252891,9.700879631e-05,0.5291384106,0.3355898446,9.710451924e-05,0.6785430575,0.2231466314,0.8463507157,0.5646135679,0.3076212383,9.683244218e-05,0.464940342,0.473008833,9.704106764e-05,0.5194913719,0.3463846471,0.0447631205,0.6304474703,0.2272272774,9.689140147e-05,0.4768243121,0.4199121032,0.8138962355,0.6605631188,0.2347313624,0.663813087,0.5450616271,0.3246530136,9.691804356e-05,0.4607510468,0.5095426829,9.701885072e-05,0.5361893984,0.322003151,9.694176722e-05,0.699791705,0.2414418494,0.8142349977,0.6147039272,0.2685963321,9.696953987e-05,0.4761292979,0.4022724351,0.000937329533,0.5567814051,0.3070280917,9.677902671e-05,0.4008878877,0.5050401504,0.9131490426,0.5380034518,0.3570428415,9.68625834e-05,0.4551523684,0.414048023,3.827646822e-05,0.5551945418,0.2999428081,0.0001042747037,0.3568770003,0.5771761661,9.68580626e-05,0.4464048568,0.4292685998,0.8765639137,0.6533478968,0.2608582402,0.0001808456214,0.5446252871,0.3185403092,0.9999781117,0.544551692,0.485166848,9.781142192e-05,0.7378494512,0.2573474866,9.678236299e-05,0.4158075341,0.4829291838,9.694757239e-05,0.5819919108,0.5722097358,2.750063731e-05,0.5812519919,0.2484746313,9.708648364e-05,0.4649965249,0.3731670436,9.684637227e-05,0.3929028593,0.7184175798,0.6538290771,0.6215711295,0.2311566255,0.6643238249,0.50876183,0.3317827752,9.697446972e-05,0.526930794,0.5276855039,9.690499253e-05,0.4597976488,0.384805932,9.676669827e-05,0.3765577376,0.5491624761,0.5251001188,0.6258197899,0.228496878,9.696442555e-05,0.6343752669,0.398969446,0.9245242119,0.7162407292,0.2416176537,9.09977075e-05,0.5520922671,0.2742854856,0.6523238545,0.5027860098,0.3510263753,0.9999779697,0.6373073978,0.5773459336,0.0001046827497,0.4360148932,0.4313424073,9.663517997e-05,0.5209157168,0.5071967855,0.0001055971524,0.4770119247,0.3647622525,8.909065062e-06,0.5755674071,0.2546120902,9.70311003e-05,0.6257110124,0.6122792403,0.8855741209,0.5110702041,0.4227955166,9.674263656e-05,0.3358891151,0.619619731,9.666229367e-05,0.407907162,0.4881720668,0.007579486327,0.6661844455,0.2171980033,9.689602596e-05,0.4710135632,0.373373955,0.618601153,0.6221986727,0.23110421,9.635674165e-05,0.76027706,0.230392847,9.686147923e-05,0.5735002489,0.4320726925,9.667835266e-05,0.4439918743,0.5327396761,0.5759023973,0.619047131,0.2318219284,0.5331216072,0.622952662,0.2301562156,0.5909258869,0.5552990428,0.2831180823,0.0001053218542,0.4387571738,0.4235049164,0.5330521442,0.5228572592,0.316416236,0.567018794,0.60534287,0.2286127783,9.704925495e-05,0.651536503,0.38330011,9.689628856e-05,0.4891764148,0.3524864867,9.694755055e-05,0.5295539227,0.4844153865,0.9999780214,0.6368906546,0.379365451,0.5813568345,0.5695217865,0.2736584688,0.8797455642,0.5005074231,0.502533735,0.5889207198,0.6808775996,0.2216643993,9.643809318e-05,0.4316575847,0.4387949471,9.699573674e-05,0.4932501283,0.3516914927,0.9423920756,0.7378202087,0.2405726219,9.685940611e-05,0.455655703,0.7125266122,0.5659153386,0.4978927809,0.3649949173,0.3782750397,0.5887943304,0.246107577,9.040605534e-05,0.3892489061,0.5485380686,9.706667987e-05,0.5363408487,0.4341852783,9.172443708e-05,0.5136810869,0.5660208755,9.669370302e-05,0.4320929233,0.4411707982,9.51641118e-05,0.5292447971,0.3151138999,0.5570223427,0.4956944647,0.3755140725,0.3986484357,0.5975829763,0.24956872,9.679046452e-05,0.4616265658,0.4022484747,9.070386279e-05,0.3291322993,0.6263550558,9.873117276e-05,0.4034575523,0.5083565586,9.671105955e-05,0.5548993191,0.4710719913)
