mCurrentIter=100
mCounterStuck=1
mYPrev=-30.50094701
mParameters.n_iterations=100
mParameters.n_inner_iterations=1000
mParameters.n_init_samples=100
mParameters.n_iter_relearn=1
mParameters.init_method=1
mParameters.surr_name=sGaussianProcessML
mParameters.sigma_s=1
mParameters.noise=1
mParameters.alpha=1
mParameters.beta=1
mParameters.sc_type=SC_MTL
mParameters.l_type=L_EMPIRICAL
mParameters.l_all=0
mParameters.epsilon=0
mParameters.force_jump=20
mParameters.kernel.name=kMaternARD5
mParameters.kernel.hp_mean=[1](1)
mParameters.kernel.hp_std=[1](10)
mParameters.mean.name=mConst
mParameters.mean.coef_mean=[1](1)
mParameters.mean.coef_std=[1](1000)
mParameters.crit_name=cEI
mParameters.crit_params=[0]()
mY=[200](1811.803823,14.63677349,574.0789314,27.98405368,-16.28790373,43.062701,-6.845901651,47.6649786,-7.970712759,679.6161636,880.2087465,22.08547483,-16.61184598,986.5412087,-29.75613723,-7.625051701,721.0034658,-19.32107288,-18.17942868,-15.4291101,55.67578216,-29.94097878,-20.95943285,35.56935408,-23.75162023,105.0646848,-12.45327193,461.0707031,17.71889147,1389.547059,-0.6325226488,-20.71073928,148.785016,27.3245273,33.89072456,-26.2846761,629.3443596,29.67563271,28.18395545,2328.430134,14.37982675,-12.34465284,13.06982496,-3.877108212,-11.49211191,1078.251967,50.77732977,-25.87275875,-9.277562871,-10.12084974,17.39751766,26.90518696,15.21979474,24.25614902,473.0874796,106.792276,5.558788036,-8.479243967,1146.609071,7.116514632,-22.92659119,6.529341166,38.58567835,-15.39531922,31.86989876,-4.210225402,-3.742869048,-27.83919322,3.203879844,34.18735919,127.3494858,225.6623991,55.26459469,9.871429163,9.117680904,13.4394564,-31.36937045,393.5290821,12.48643275,10.38323198,927.9886864,-10.87573716,276.5780072,28.0047096,305.0756645,-8.410555815,9.763400898,-32.00216132,26.36936378,31.55485399,6.715144364,15.91391349,22.81301189,-12.42789083,-26.53088523,332.7591781,48.37953259,-11.14784347,1.448513492,-8.542703154,-18.61881729,-15.92121917,-25.24634117,-31.51291076,-18.0986807,-25.82085242,-31.77588112,-30.13605672,-20.67210518,-28.30594729,-28.12644509,-16.34459909,-29.05346731,-17.24935866,-23.68167156,-18.67562783,-25.94173413,-27.60473817,-31.10798789,-31.12086372,-28.01460748,-19.18429266,-18.9338527,-14.13000766,-15.60366811,-27.09712962,-27.55309693,-29.7800696,-18.68173706,-26.82148133,-30.37301053,-27.67215485,-25.60803314,-5.035452547,-30.86043756,-24.88361768,-30.74802098,-32.88360069,-24.6009866,-26.22967727,-19.9667023,-14.46243055,-24.56943883,-27.33940842,-27.22479082,-30.44454038,-24.5220033,-13.49307501,-26.51299438,-24.38664875,-24.73448384,-32.49227752,-20.98727747,-26.75530327,-23.18684508,-17.19119457,-31.01911268,-28.78096788,-30.51957092,-31.94585306,-24.55661919,-16.58423863,-23.60349671,-31.36723224,-22.85809004,-30.43478785,-33.42976067,-26.98564989,-24.77115375,-30.41874077,-12.81820262,-28.1935004,-3.093228569,-30.41215665,-21.88699984,-29.92811262,-32.27426957,-30.75461351,-25.07024995,-20.35224227,-30.76433122,-28.77285837,-28.4198589,-25.04317157,-27.68494502,-1.811310571,-21.97521831,-33.47081371,-27.64729798,-28.74814213,-30.96876485,-28.94444374,-31.21865226,-15.84730517,-31.12903269,-28.38662814,-29.27914053,-26.47811971,-31.4228173,-30.50094701)
mX=[200,3](0.207266932,0.9493781437,0.007249576298,0.8290330247,0.1089374309,0.88854315,0.4788536298,0.1676269452,0.2309131303,0.2328927845,0.1406509392,0.9723528149,0.7027616076,0.6538686424,0.6106439382,0.02537772387,0.987416965,0.736508177,0.1183206932,0.7960968404,0.4210777474,0.4941312645,0.8064235575,0.982353779,0.1375301275,0.5128655023,0.7481105345,0.8673769926,0.4938247915,0.0275168446,0.7792308928,0.007688459815,0.2626153994,0.5451773824,0.52815935,0.9249088294,0.2196434466,0.5994086644,0.2553817447,0.284249292,0.2395360225,0.1418728175,0.8893223053,0.5510505188,0.4087654696,0.4603174929,0.6446057186,0.7058665426,0.9592664531,0.07465824799,0.2771534145,0.3488642026,0.4267590178,0.3704033465,0.0774081744,0.7162813872,0.3642053515,0.3381074423,0.1757540288,0.6337230785,0.2576751623,0.8841176675,0.04400260504,0.03646548951,0.5006363849,0.4339702241,0.1540236979,0.2287021967,0.6011601878,0.5102239888,0.8908619218,0.8425633184,0.2717433559,0.7018973012,0.3029835447,0.4125468946,0.6162971237,0.07221181819,0.4803028169,0.3550003381,0.3908881581,0.359353418,0.9209737837,0.01649495668,0.7306080338,0.1139099345,0.9098661921,0.7855269899,0.08988302547,0.1736625076,0.1649877063,0.1319733495,0.5530976234,0.7636494486,0.6609080114,0.5297382473,0.631365321,0.5792004605,0.06104642848,0.8064765265,0.3808144943,0.9669289297,0.3604325997,0.9664918591,0.6717024258,0.1052334126,0.2569121192,0.5079962456,0.4467952291,0.2100503743,0.2079759197,0.1239856506,0.3389415592,0.3172377649,0.3101571709,0.8701362868,0.7729938338,0.3974490816,0.02819677213,0.1049223667,0.9696257137,0.4152179018,0.3598829863,0.9311770069,0.455932297,0.6960743459,0.1419405959,0.2622181116,0.3880544235,0.6126020946,0.7848252046,0.5968789495,0.6578056414,0.4748887644,0.3270131809,0.3256343231,0.06401778905,0.2119717142,0.05163460655,0.7271269832,0.03437978663,0.9839783363,0.6080047339,0.4450364072,0.1703827494,0.7383333234,0.5322706887,0.1819233039,0.1947942503,0.7516516734,0.696797294,0.4443261807,0.9114024308,0.6052606712,0.1838355696,0.4992541943,0.5639388157,0.8419984596,0.6868120481,0.9437265763,0.8697657865,0.7811974532,0.5348341903,0.04269584373,0.3327288036,0.8470853687,0.9971033186,0.05406659253,0.9249773914,0.2087729454,0.8216615434,0.9939379479,0.3672901533,0.654808007,0.7404471829,0.2486384741,0.09805773806,0.5717070806,0.1517656676,0.8393341242,0.4305229083,0.3042262805,0.4747746209,0.2434765781,0.7436709376,0.7151562976,0.7117870837,0.767320751,0.955753348,0.194353949,0.5824407423,0.2240069649,0.5060374353,0.01456515815,0.9902007754,0.2227117279,0.6309239549,0.7200251477,0.8765214924,0.7765456117,0.1184755952,0.04928987023,0.5659778395,0.4823501084,0.08105183203,0.4872054911,0.8189533949,0.3863381154,0.9192572349,0.7925079096,0.6247929654,0.2971959593,0.2860622506,0.3736757798,0.0319320248,0.4134343028,0.9035113722,0.05255513408,0.5429709292,0.5510978594,0.2887565062,0.8764993051,0.8593683777,0.69863122,0.8025859091,0.7232486335,0.278808279,0.8920210452,0.429650714,0.5391498193,0.4660847088,0.4502770401,0.1256755228,0.2960790504,0.09113843925,0.8399673294,0.6435196962,0.008587089099,0.4337514872,0.8677810199,0.7558446744,0.3269815553,0.08802174676,0.9114158941,0.6267645379,0.186857304,0.01391201595,0.3472844778,0.1916961468,0.6666402105,0.9597427397,0.5731025866,0.9740199242,0.407101139,0.1646254627,0.2958285716,0.6810904905,0.6216167948,0.8126827928,0.5491147238,0.8554720406,0.3002637062,0.4619596163,0.4525745045,0.06569890511,0.934774952,0.1284604706,0.2694920768,0.9730694655,0.1397740384,0.40933956,0.8572514339,0.2477346287,0.7942227402,0.8130290069,0.7696801952,0.5928081894,0.3716130433,0.9446501266,0.5235208555,0.7595390859,0.1533630003,0.6812527939,0.3903153917,0.5678136111,0.6723781323,0.09086793098,0.3481887354,0.6492344396,0.9059032778,0.9317234911,0.8372772908,0.3114790059,0.5816097352,0.8961830323,0.8262000411,0.5106700748,0.58985161,0.6769337911,0.6691073819,0.7979955465,0.7272098731,0.2716404581,0.3955530752,0.7130902118,0.2710089669,9.71000723e-05,0.5919205829,0.3544727149,0,0.4374816258,0.52974749,0.9999772772,0.7360739149,0.2671405701,9.702976845e-05,0.5754555105,0.3661309926,0,0.4364411284,0.5095631163,0.8951502528,0.6361571805,0.3380202659,0.999977998,0.453565984,0.4929498876,9.691304359e-05,0.5324941538,0.3970028163,9.695209071e-05,0.4354562929,0.5996062511,9.703883184e-05,0.7270815306,0.249075956,9.68936746e-05,0.4479411415,0.4608653424,0.8103362298,0.7475307876,0.2439751529,9.034061816e-05,0.6126080608,0.3317065699,0.9999779872,0.4544738232,0.5008226181,9.68839817e-05,0.4122093434,0.6261811016,0.9320113703,0.6051025096,0.3620399747,9.691237905e-05,0.4846269837,0.4289920005,9.692002063e-05,0.4130902107,0.5203102314,9.694921325e-05,0.5421897497,0.3882347559,0.9999834578,0.4936956739,0.5645075373,9.706620344e-05,0.3524378544,0.6963699441,0.00399288434,0.7270129581,0.2425517717,0.999977997,0.7546111743,0.2396667097,0.75866922,0.5130362887,0.421460802,9.688155385e-05,0.5061546381,0.5649698653,9.69412198e-05,0.4177862747,0.4734742624,9.705433528e-05,0.7187048395,0.245199127,0.6776092439,0.6112724919,0.3370691729,9.683923683e-05,0.3718896824,0.5560967627,9.700766214e-05,0.5028523511,0.4126490687,0.7499091728,0.4357689128,0.4713830344,0.999978085,0.3636549247,0.7364647175,0.4390863156,0.6192521975,0.3220848047,9.682587554e-05,0.5096737758,0.5994747133,9.70060162e-05,0.4227923299,0.4685181308,0.6510338248,0.5515831712,0.3976748429,9.687567714e-05,0.3514779221,0.6414487677,9.707217872e-05,0.576938446,0.510660254,0.9999773767,0.4853975167,0.5889954953,0.790751015,0.7481620083,0.2292572212,9.657606057e-05,0.6014010697,0.326150761,0.6078700024,0.3852442679,0.5177759069,9.692127126e-05,0.4973335387,0.4079238375,9.695725077e-05,0.3573475417,0.5512100107,0.8108118556,0.4963152069,0.4368520503,9.692223879e-05,0.3529804138,0.7303928621,0.9999831371,0.6466167397,0.315683932,9.724626543e-05,0.55881393,0.5395913608,9.170064362e-05,0.555583185,0.363626047,9.701674336e-05,0.4010604806,0.4792503266,9.707079566e-05,0.4914696675,0.6420520003,0.6552185423,0.6137290712,0.439179463,0.7373237405,0.3763483384,0.5635717701,0.1717645626,0.7309292037,0.2280182549,0.552851561,0.4531334867,0.4459848436,0.7681031389,0.5497149598,0.5285212286,9.694979481e-05,0.3477107963,0.5780171617,0.5941864286,0.5609255746,0.3685897587,9.698474171e-05,0.4423364725,0.4457661097,0.999977993,0.5079595717,0.6416872143,9.726871924e-05,0.6131186857,0.4527318081,9.699036539e-05,0.3818335576,0.5237904331,9.537555592e-05,0.6498295744,0.2887784774,0.611450067,0.537512506,0.3838096468,0.4426172966,0.5063161209,0.5267931013,9.698215946e-05,0.3314920761,0.6304319261,0,0.5475845861,0.5901121983,0.6602861031,0.4048967151,0.4957243873,0.8749342164,0.7535729856,0.2210528897,9.700051314e-05,0.4999990343,0.3964939685,0.9999687012,0.2988057786,0.661001581,0.8366839236,0.6365949133,0.3041285696,0.9999779836,0.6661105762,0.400124786,0.5743625114,0.5374261188,0.4953002685,9.689028637e-05,0.3663518246,0.5480067763,0.6065703705,0.466295136,0.4337573372,0.06450111571,0.6248080536,0.3052237002,9.056779992e-05,0.477025034,0.6683888162,0.5608830198,0.4052924573,0.5580659084,9.695642852e-05,0.4121910269,0.472669872,0.4439632713,0.550674151,0.3660661847,9.692025458e-05,0.5938562015,0.4742925319,0,0.4867575669,0.5484927009,0.9999703907,0.4240085461,0.7721705284,0.9999779918,0.5853203072,0.5598273841,0.6234779775,0.4756413796,0.4314833981,0.6381634392,0.3828099769,0.52319279,9.024678865e-05,0.5352196028,0.3690398408,9.694067079e-05,0.3455195605,0.5945814269,0.5378804088,0.4464821996,0.6043194924,9.700992376e-05,0.4888699948,0.5038533264,0.5607820922,0.7414561283,0.2150837147,0.6431896274,0.6306702609,0.2991424955,0.6189013168,0.5293850471,0.3949055786,8.98861922e-05,0.4403799181,0.438318603,0.1920947531,0.6270859576,0.4187987506,0.546922845,0.4989512224,0.4958575591,9.698147817e-05,0.357518069,0.5299937518)
