mCurrentIter=100
mCounterStuck=0
mYPrev=-43.07391593
mParameters.n_iterations=100
mParameters.n_inner_iterations=1000
mParameters.n_init_samples=100
mParameters.n_iter_relearn=1
mParameters.init_method=1
mParameters.surr_name=sGaussianProcessML
mParameters.sigma_s=1
mParameters.noise=1
mParameters.alpha=1
mParameters.beta=1
mParameters.sc_type=SC_MTL
mParameters.l_type=L_EMPIRICAL
mParameters.l_all=0
mParameters.epsilon=0
mParameters.force_jump=20
mParameters.kernel.name=kMaternARD5
mParameters.kernel.hp_mean=[1](1)
mParameters.kernel.hp_std=[1](10)
mParameters.mean.name=mConst
mParameters.mean.coef_mean=[1](1)
mParameters.mean.coef_std=[1](1000)
mParameters.crit_name=cEI
mParameters.crit_params=[0]()
mY=[200](3.462121253,-11.56046471,-28.3634422,9.95768691,326.8387286,115.9888761,-47.76141511,-20.19814519,2.793770734,2291.462048,-15.75590917,-16.39127003,3.097647026,0.2179338233,344.1959891,233.5069765,182.1511523,-53.3257836,56.77111303,-9.971138387,-28.36305914,-49.45112002,-49.31294321,-43.37190271,-10.53530668,16.01301169,2.269090631,502.9525898,-2.297982132,0.8002580547,-10.80608618,100.3702728,414.2502261,-25.32639191,-30.28944248,13.02777797,148.2955411,-37.98123059,-50.33092472,1032.218821,-27.91264166,4.961562149,-32.60855783,853.838846,294.6292306,-0.4966230661,-49.33817791,-26.06270033,41.77488067,-53.7773092,-35.96237235,-33.34400518,90.73817896,39.75858496,86.309062,-0.4160561899,1307.358188,-22.81366602,31.32807384,-5.957085371,-32.39781003,4.495727021,-12.82023205,29.4050585,-0.08630885166,7.857416013,48.58353338,-34.62623338,-6.825884672,214.0377442,-11.28242608,-3.405505438,33.66076401,94.35565972,22.43257965,-13.63647036,0.9054776254,-29.84677088,25.34138027,-16.06945505,34.94982643,-48.46317631,364.6093311,-14.74133737,0.1407706764,-52.26933715,-11.64059235,16.20946846,18.96290146,6.969159417,-53.66143866,-25.11559628,2390.332502,2554.724087,-48.98843269,-11.42854244,1365.280775,-15.57297703,-10.78217851,10.35654332,-46.53852983,-44.61574073,-40.65482291,-34.56828447,-45.39526249,-44.23422064,-38.91559897,-53.05232034,-28.98438858,-48.72503608,-43.64398033,-40.82899104,-52.34531714,-23.27776707,-39.30761307,-51.40510762,-44.55322445,-49.2990456,-51.45079321,-53.01316651,-39.05672898,-46.58354532,-40.27475883,-45.90000295,-52.65516495,-36.37853721,-45.55603182,-22.87912087,-49.39601392,-27.39613409,-51.94419648,-43.91415075,-49.79081258,-42.16605909,-53.13543953,-54.8942298,-28.78349407,-34.37684088,-48.83842355,-44.08598172,-55.83339708,-51.51668697,-30.68764151,-40.68991501,-52.76793059,-52.49982834,-34.51182285,-34.06046107,-41.6763513,-52.57444042,-55.47010114,-46.50167241,-41.47435359,-42.45516712,-54.12419109,-51.10716285,-38.28382986,-47.12948489,-44.11727475,-31.22366093,-44.43328182,-55.95524748,-50.00054746,-42.05708877,-46.5039468,-23.41614218,-51.16839666,-55.71719686,-37.53848647,-38.82120782,-52.04814871,-53.36504022,-38.18284625,-48.99880585,-53.80464655,-49.52133382,-24.10649363,-48.65656985,-53.67094627,-55.13851659,-40.58108694,-37.76230665,-47.77525788,-52.49220967,-45.66385079,-54.43425645,-52.08509276,-43.78532996,-52.75806507,-43.75840502,-44.67413056,-54.77375453,-53.88294546,-53.70116147,-36.26292038,-50.41679193,-31.78450694,-50.39734576,-49.93031255,-43.07391593)
mX=[200,3](0.1300283503,0.5494668908,0.8792573991,0.9144512833,0.4610608483,0.7932453225,0.1518691371,0.6602489358,0.6230440478,0.4930428827,0.03334512647,0.66005451,0.5443270086,0.04678351895,0.3900159794,0.3863288861,0.02234294631,0.5028645381,0.6791987079,0.4460779931,0.3445544648,0.5727820966,0.6218393613,0.09064724179,0.04698848538,0.3514648468,0.9089982389,0.2876962088,0.08001121206,0.123088798,0.5045272755,0.2478682584,0.7827042325,0.3741881697,0.7506726779,0.06914622774,0.8074562613,0.2162769386,0.5695894899,0.2053854257,0.9144017693,0.1818795768,0.2650569501,0.09268565192,0.3200617116,0.252412264,0.7048492999,0.01481748529,0.7099052009,0.4168665558,0.1410569006,0.4378499944,0.5883360668,0.3516820284,0.6945726747,0.2957536864,0.3022755492,0.3073618558,0.8488242974,0.5423687411,0.4746590565,0.3761213674,0.7335240503,0.07895927642,0.360084387,0.5126085638,0.6297531295,0.6456819871,0.297433708,0.06314629532,0.4744765187,0.5896177053,0.8335969908,0.6512739154,0.7792585996,0.4009496634,0.5537944335,0.04535379093,0.1037989123,0.6114255539,0.8591094139,0.9585190151,0.4081464837,0.1040551951,0.7270155772,0.1363317453,0.8168973217,0.9865047191,0.9271699011,0.3394702271,0.05490617177,0.167069289,0.8388370082,0.3356558863,0.0641629756,0.4738550359,0.6489318889,0.2514401935,0.1914023917,0.6345579368,0.3086728355,0.4445771683,0.9651480481,0.7378996968,0.4888298719,0.226170145,0.4528966325,0.9512223939,0.4867027461,0.2292269685,0.2802290753,0.5304968166,0.6781071406,0.5277693183,0.518546484,0.5039658683,0.5399466885,0.6599413924,0.1706081279,0.169786992,0.3906491589,0.7874106122,0.2193499929,0.459358969,0.7746449437,0.8086999076,0.7718953252,0.690471774,0.5573930183,0.009560277495,0.3894991959,0.02370024156,0.1214430572,0.1060683058,0.3173291297,0.3464505626,0.3971087803,0.8919141031,0.5529950585,0.5669453547,0.2045309108,0.6123911636,0.2679051502,0.6569686952,0.01175391209,0.9317805748,0.9428873817,0.186480287,0.4848192986,0.3800149025,0.2488610434,0.5293015423,0.6462238892,0.1645107049,0.2754259328,0.4608741088,0.5690573864,0.1542695407,0.4166178566,0.8605387395,0.9069465824,0.9832233916,0.5846415252,0.2832683077,0.2781712194,0.09046473859,0.05300599732,0.8611880101,0.5970457967,0.182745416,0.1307426828,0.9043928418,0.5176455476,0.7124993675,0.321147413,0.9977088845,0.7533892674,0.6619310453,0.8872542916,0.4296853988,0.2704818396,0.6394234448,0.5948856864,0.9350749006,0.209951205,0.6312337301,0.9949548599,0.4243216011,0.7669559655,0.9735862876,0.8125364762,0.9731791635,0.7986091451,0.3310509088,0.3663466053,0.8855072665,0.9591133991,0.4002516999,0.7184369076,0.9624230797,0.9986722544,0.3559272734,0.3299803243,0.6853909741,0.2114100684,0.8773449212,0.1504668894,0.8467911336,0.01540791939,0.4521572118,0.4135598615,0.8065791836,0.6059490214,0.9449503824,0.8999121608,0.3757385116,0.7886541634,0.9496171509,0.0813323958,0.4680187287,0.5760285285,0.03143779153,0.02287471216,0.7198498177,0.928448306,0.8973097496,0.8647426782,0.1744146359,0.8545375254,0.1272541121,0.8445541796,0.3623587409,0.3169571841,0.7233207418,0.8213367094,0.8527292236,0.9180915597,0.08667432322,0.114802448,0.5753583762,0.2320356592,0.8232381613,0.9686401636,0.1980419952,0.5987289466,0.4390448256,0.3107143852,0.195104524,0.2404198471,0.7603491763,0.74588038,0.6964870594,0.110769877,0.8375625193,0.6756582626,0.5218607624,0.4905558581,0.4960786472,0.6029969009,0.3480998751,0.8256343741,0.4473988572,0.9766865821,0.6112508437,0.7543108477,0.9811813777,0.110321687,0.9208461913,0.6808219842,0.8807769333,0.4283728138,0.6055818206,0.2668184052,0.7319026706,0.7975063059,0.2316449273,0.03704729749,0.4314606158,0.002420096006,0.1761506996,0.1439793335,0.0558294168,0.8124177816,0.5328653764,0.2230860817,0.8714889362,0.7668828349,0.7026718862,0.7441217503,0.00522905783,0.2573237508,0.1410297929,0.07486144551,0.7484351898,0.2994328839,0.7210668178,0.07564575273,0.6857239528,0.2349886021,0.9320182593,0.9999695127,0.637181456,0.2730635443,0.9999781462,0.554342202,0.3495279629,0.9999781287,0.6896241031,0.2207203918,0.999978038,0.4907548856,0.382832449,0.9999780398,0.6815154292,0.2426110272,0.9999845406,0.5667671325,0.3398553924,0.9999781362,0.7098543788,0.1959176581,9.710477406e-05,0.4555903741,0.4173555575,0.9999780096,0.4483614445,0.4241495432,8.981127482e-05,0.6319920076,0.3247356081,0.9999781436,0.7015854595,0.2055218243,0.9999771926,0.5631625803,0.3130435564,9.70880493e-05,0.447472514,0.4222570433,0.9999781397,0.4316862016,0.4623842744,0.9999781144,0.7109851082,0.1976062913,9.704220978e-05,0.5331652757,0.3637102322,0.01723945871,0.6857404635,0.2854152446,0.9999778504,0.5754985212,0.3052602699,9.69495585e-05,0.4131987498,0.463463274,0.6250252121,0.4896667457,0.3622576737,0.9999780165,0.7150945936,0.1944283316,9.68979699e-05,0.3661582643,0.5651877354,9.696637254e-05,0.6593064829,0.4018268164,0.9999851077,0.6153808707,0.2849852659,0.2584897258,0.4540575322,0.3948181681,0.9999778088,0.496477284,0.3583562262,0.227518401,0.6920070428,0.2512895583,0.9999781328,0.4246124947,0.5496264421,9.694963673e-05,0.418439382,0.445136366,0.9999763242,0.7284172123,0.182987658,0.3459750376,0.5362601,0.3385869625,9.041300776e-05,0.3565051701,0.5935153964,9.696103279e-05,0.5630629937,0.4792884211,0.9999780061,0.6381190802,0.4043471041,0.3509595114,0.5663058276,0.3154983725,0.2070609241,0.4668150227,0.385959179,9.663728674e-05,0.5043409512,0.6959665809,0.9999780224,0.7339839475,0.1680540202,9.685341383e-05,0.5211510094,0.5061630762,0.1951106545,0.678118011,0.2472730001,0.5283405767,0.532882344,0.3185768066,9.684255834e-05,0.3900132719,0.4894272302,0.9999781625,0.4969358474,0.5881938483,9.697158794e-05,0.6848436776,0.4095240227,0.6805614353,0.6100891955,0.2783863528,9.709889378e-05,0.4593850231,0.3906376018,0.999977796,0.4576156032,0.4026511284,0.9999780319,0.7343263851,0.1656658819,9.618043238e-05,0.3676682941,0.6241396093,9.702433078e-05,0.5221364976,0.343292357,0.7538575037,0.5867370594,0.28275111,9.703820907e-05,0.575214454,0.4989330074,0.1072769553,0.7084920667,0.2206461008,0.9999694299,0.5872244673,0.4540763018,0.7694814554,0.5480588433,0.3055822154,9.692936159e-05,0.4007749746,0.5063170675,0.9999779607,0.6916823593,0.3293066473,0.0001109407871,0.4352238885,0.4024054313,9.659548068e-05,0.5247702324,0.5677680466,9.701302143e-05,0.2658541191,0.7070703426,1,0.6263147304,0.250765063,0.4630339057,0.4910046734,0.3477824102,9.715030613e-05,0.5628118031,0.4298196304,9.726644331e-05,0.7058270302,0.3410685731,9.701110347e-05,0.3520966951,0.5370464437,9.003407945e-05,0.5612851001,0.7160870219,0.4449076827,0.5112448286,0.3364105897,0.5448754601,0.4196223282,0.4277048375,0.9999777539,0.7268247644,0.1709498506,9.674910775e-05,0.6721244273,0.479514523,0.0001003414173,0.4122121059,0.4309674184,0.7013992672,0.5210167916,0.3243733953,0.9999780154,0.53180429,0.4924499712,9.190837437e-05,0.6167635559,0.2979368518,0.5170267532,0.4545257077,0.3824664492,9.755345074e-05,0.4748123941,0.4869460753,0.9999781155,0.4320494355,0.6163930607,0.9999802595,0.6286645833,0.2538332545,0.3996699754,0.5658956862,0.3981609743,9.819631906e-05,0.5082309979,0.3647634616,0.9999866667,0.6753707121,0.3489251468,0.3142962186,0.698950884,0.2177113761,0.9999771737,0.614323944,0.2617992558,0.5641620441,0.4259255346,0.4071915161,9.08434451e-05,0.3293495692,0.5774230275,0.7064495198,0.5091352369,0.330523832,9.958364332e-05,0.3912140904,0.4637890656,9.677005098e-05,0.5339729048,0.5651458224,9.692747957e-05,0.5322382545,0.4299483614,0.7378449453,0.3918186591,0.4889721217,0.9999766936,0.6332793296,0.2488500242,0.617838584,0.4747447818,0.3609412815,0.2496927297,0.5800139289,0.3106014489,0.5133292344,0.5520782124,0.4204696626,9.690117476e-05,0.408862268,0.6568437186,0.000102151538,0.4126877162,0.41384251,0.999978007,0.7408959996,0.1612645577,0.6955712489,0.5147320767,0.328822793,9.672299373e-05,0.4647848991,0.5151523138,0.3487538045,0.6759317525,0.358211953)
