mCurrentIter=100
mCounterStuck=0
mYPrev=-30.80783814
mParameters.n_iterations=100
mParameters.n_inner_iterations=1000
mParameters.n_init_samples=100
mParameters.n_iter_relearn=1
mParameters.init_method=1
mParameters.surr_name=sGaussianProcessML
mParameters.sigma_s=1
mParameters.noise=1
mParameters.alpha=1
mParameters.beta=1
mParameters.sc_type=SC_MTL
mParameters.l_type=L_EMPIRICAL
mParameters.l_all=0
mParameters.epsilon=0
mParameters.force_jump=20
mParameters.kernel.name=kMaternARD5
mParameters.kernel.hp_mean=[1](1)
mParameters.kernel.hp_std=[1](10)
mParameters.mean.name=mConst
mParameters.mean.coef_mean=[1](1)
mParameters.mean.coef_std=[1](1000)
mParameters.crit_name=cEI
mParameters.crit_params=[0]()
mY=[200](26.98783283,33.59629325,-33.66369862,344.3185693,-4.480371175,12.91885955,8.746965474,-10.32650972,94.92039836,-13.97759776,2.991413502,1288.227887,21.1216573,-3.965199783,13.3429277,85.83597285,35.96726555,-30.4434997,10.28032511,17.11315498,216.1334499,-12.44774286,-23.03990743,20.02411927,2199.898935,-29.62060124,150.3877286,12.17451009,-14.39828096,21.06967428,28.65209784,-32.67675871,-5.87706068,372.9277964,2.748843802,227.7477975,-35.69209394,1067.153054,26.23801193,737.6327373,426.1177144,-13.53339814,3044.483774,44.58796914,136.7824331,3.975428514,73.70213122,5.34778477,64.05598206,-30.78519593,747.8076859,-11.00065128,947.7482157,8.593542906,13.51083709,-29.31456125,81.06937088,-31.98329567,13.30179313,1257.279499,200.2928465,53.58688755,8.642842721,1.774101584,5.881427996,8.871556516,40.35555934,-6.362169795,31.34409127,-20.66353616,1770.618315,1.171648495,30.16439104,39.17125848,-12.41024255,-23.48548556,16.93960815,36.81309804,-12.15842985,43.55655313,5.732273076,22.27627213,49.42269504,1.140960051,47.62685049,-29.19895965,54.08204382,25.57559911,239.0115671,30.19995813,-23.04362562,381.5670785,40.9911271,37.29714217,-30.28620273,193.9523265,247.1763166,-25.73252485,344.0322792,6.530807792,-32.4517825,-30.20503117,-35.78819903,-28.89681764,-36.21508409,-33.91462391,-27.53002555,-34.36433343,-34.90019652,-34.31878509,-23.28879924,-35.68035892,-31.48009143,-32.97823434,-31.82619886,-20.78452845,-32.66232496,-32.69820998,-32.00637913,-33.25237392,-31.94511743,-19.12486009,-27.2611423,-29.8891919,-21.91077053,-30.08268742,-33.51116833,-32.29289969,-39.55759194,-27.68527034,-27.17292229,-33.83835888,-32.98741229,-30.80641264,-34.99270713,-31.18383936,-14.75113501,-36.62430588,-24.2185827,-21.85000704,-35.93517389,-29.87041492,-30.3325523,-34.5464311,-1.005608159,-21.34349334,-27.6331901,-26.92243053,-34.61358478,-25.02181371,-22.47349847,-34.72812018,-34.73582011,-19.89672691,-38.01365503,-36.60348123,-27.53096651,-20.14752906,-27.60597336,-29.68335043,-26.69883405,-29.444518,-34.00654515,-29.24716867,-37.36014744,-28.30173264,-30.33091945,-30.80703634,-15.65439599,-30.01889607,-16.97951846,-37.24652036,-30.47179708,-27.06061549,-33.06685683,-26.59244073,-24.5874869,-37.46368286,-25.83915799,-37.72573667,-27.38699813,-37.81296964,-34.99867036,-28.70746576,-36.14849961,-29.17506679,-9.338229806,-37.04567794,-19.15781234,-21.58391498,-31.14377912,-36.01618429,-36.50796732,-35.48353846,-39.77835557,-31.18926317,-28.88087355,-33.64728774,-3.589439313,-30.80783814)
mX=[200,3](0.3743999397,0.2144235525,0.9654563775,0.2450190768,0.9685496564,0.1090590804,0.6168873195,0.5629059576,0.2430419214,0.7380985567,0.238602033,0.2517368747,0.8594262052,0.815968067,0.1679540267,0.6908058427,0.1740210008,0.5669689347,0.1373962125,0.8371491427,0.6191230538,0.09037027177,0.3332177364,0.745108258,0.7129696724,0.3171133552,0.2802226268,0.05460873642,0.62035338,0.6528712881,0.3482113042,0.3095126497,0.3968224478,0.8187803243,0.1599117258,0.14075986,0.8876771438,0.200039472,0.5572099869,0.6225952429,0.8404516491,0.1598651833,0.9575036139,0.9116398337,0.207572739,0.7850212704,0.6408231501,0.02541512998,0.9783347374,0.7808212694,0.9476051956,0.9064571892,0.4654469086,0.525954069,0.9453336274,0.7308104765,0.7941688941,0.3065782109,0.1129381872,0.9078998909,0.8338328438,0.1911373093,0.353118347,0.874028452,0.8055009471,0.322461021,0.8023234919,0.3996773888,0.503493068,0.0225309408,0.6187972527,0.8777438816,0.688453171,0.229468258,0.01986144053,0.7077648494,0.6338072669,0.4829728005,0.3183814012,0.06208714205,0.4530841246,0.4813851491,0.9025315479,0.3363519522,0.208440526,0.3710818567,0.7260409809,0.3362389346,0.9235926675,0.1369937048,0.6316917532,0.7086261406,0.9214304113,0.3945212395,0.4509817601,0.4156614645,0.1562815677,0.1632185041,0.703730389,0.500444229,0.4063403768,0.09614660888,0.6438180151,0.6093345429,0.8083317043,0.1674748869,0.3413309367,0.1811929806,0.6799764968,0.5988680157,0.4045059867,0.148517558,0.08215541564,0.2189546378,0.2666114908,0.02571286242,0.6023458473,0.1885458737,0.2959757094,0.1172527428,0.1033290047,0.3502904193,0.1288730162,0.7481581597,0.4832872504,0.7152225076,0.5764522677,0.03895217088,0.06235211203,0.2533104314,0.7754568237,0.9782430611,0.2860277282,0.04903091773,0.4606346244,0.006938307334,0.1242089174,0.8102412794,0.4446466928,0.6502383184,0.03847001974,0.070162914,0.8599216296,0.4996163717,0.7941290518,0.9985146419,0.0705183478,0.4659095829,0.419550192,0.4330232104,0.3526398654,0.138528369,0.2223754502,0.6554221858,0.3242785591,0.445578811,0.9243182268,0.005709767179,0.2717753794,0.2282629796,0.8244213656,0.6405560766,0.9346950036,0.8671190974,0.6781355297,0.08251199214,0.3654562843,0.5779158529,0.5355193176,0.8916167878,0.04628822367,0.51434879,0.5156102422,0.5316351825,0.4737451262,0.6993471644,0.8237903163,0.01804539643,0.07911833626,0.1973532057,0.4202290057,0.1486263115,0.3677387307,0.3651590602,0.05014161519,0.5410297695,0.7280444432,0.4476530697,0.859832392,0.1228951058,0.5560402061,0.788334268,0.1180807496,0.01463933715,0.6890899849,0.2102675647,0.7538208869,0.7397914881,0.9135971999,0.4343826039,0.2336989924,0.7768278763,0.7672032601,0.5944370664,0.7614876898,0.976457479,0.6600342399,0.1794950085,0.7237297539,0.1718438177,0.8638964514,0.4910679978,0.003838327539,0.7513851565,0.6860198944,0.7615437032,0.6045582129,0.7936639393,0.8911639307,0.2328429303,0.9466506499,0.7791333131,0.408553301,0.6709449785,0.63378783,0.06118661631,0.5706589802,0.587608063,0.5259008238,0.2804726597,0.9120470176,0.4151067867,0.8707385368,0.8641609765,0.3283446375,0.2474609004,0.6995127321,0.1980692571,0.7112136566,0.9836739943,0.6660230493,0.501565003,0.8414233145,0.8459371333,0.8892165006,0.7532226946,0.8926518384,0.1804129753,0.5104039568,0.9677045772,0.250777313,0.6229566605,0.556207626,0.958324904,0.8805093218,0.273705644,0.5411840471,0.2602654408,0.04472175979,0.9389127291,0.932936023,0.4593913617,0.4286654628,0.9537082469,0.5692092196,0.09458255029,0.3814333271,0.3849232323,0.9834685769,0.2958777091,0.8270132634,0.3836099432,0.4791220379,0.03569900953,0.1084834359,0.3401576205,0.989194573,0.7445591137,0.9950519833,0.5823528253,0.2661128467,0.3773614196,0.29007217,0.5315636589,0.3005656198,0.9902354048,0.2739304389,0.3107423795,0.5993815373,0.521884593,0.05599151104,0.4926821547,0.6633728195,0.4296978865,0.4311687889,0.4747918038,0.08740282001,0.5475427203,0.5823801566,0.8322376532,0.0001032161565,0.6398518041,0.2941920505,0.0001047578826,0.6357486944,0.2957003378,0.1788655717,0.61477716,0.3112930518,0.03619333245,0.6704266184,0.266302163,0.3421932916,0.561022101,0.3520069432,0.5857365819,0.5889228383,0.33427571,9.700452674e-05,0.6928159417,0.2487631184,9.699186641e-05,0.524446495,0.3868377398,0.9998323813,0.6184679553,0.3218227702,9.699056664e-05,0.5250873524,0.382396614,0.07801356108,0.6916561295,0.2483510619,0.9283073347,0.5639754005,0.3581937544,9.775912102e-05,0.4903042283,0.4306455727,0.6297806759,0.6720132561,0.2601189531,0.9995289148,0.5505567274,0.3689740726,9.702577398e-05,0.6957673078,0.2329553351,9.683940377e-05,0.4227443194,0.5380627987,9.710246824e-05,0.5545969362,0.3363154301,0.784581791,0.6591595911,0.2746065251,9.712249161e-05,0.4931324466,0.4637823203,0.2729324684,0.5583650664,0.3331489516,0.9999780614,0.4747318206,0.6169094063,0.9999779409,0.5212947299,0.4166114477,9.686184577e-05,0.3848928949,0.6006298713,9.074096797e-05,0.7044212845,0.2279155352,9.710866565e-05,0.5539461658,0.3333396848,9.692081678e-05,0.4657557622,0.4843542757,0.7629199625,0.6558558716,0.2759580034,0.6725706304,0.5217601008,0.3791295741,0.9999781106,0.5633078174,0.515570965,9.709209067e-05,0.3897056376,0.6191323146,0.7823529218,0.6651912827,0.2696190882,9.554193403e-05,0.5709172028,0.3113495159,9.717627703e-05,0.5719339305,0.4801740608,0.7520097252,0.5067682339,0.395033227,9.774077174e-05,0.3944156738,0.5119076604,0.999977334,0.4674711307,0.634824333,9.712177529e-05,0.5124422162,0.3711934651,8.995729533e-05,0.7217799614,0.2192214679,0.9999779871,0.4999580893,0.4377461814,0.7342252048,0.6066364132,0.3038421229,0.2296054049,0.5958299814,0.2906844808,9.685550058e-05,0.3842134253,0.5296793511,9.714650573e-05,0.4871335123,0.40923646,0.9999781756,0.2995717975,0.7524333193,9.67739039e-05,0.4677016416,0.6537698089,9.69861045e-05,0.60020004,0.5126777259,0.647925905,0.6997989139,0.2422501421,0.5245758657,0.5436702544,0.3428637083,9.10629288e-05,0.6681841627,0.3853831653,0.9999818395,0.5726010582,0.5647139046,0.5775594716,0.4795217793,0.447311954,0.4833271698,0.5875314264,0.304461309,0.0001007362941,0.3152438568,0.6197559398,0.3979464702,0.5137555711,0.3630924147,9.964052396e-05,0.4372304499,0.4756445176,0.8259116964,0.4281582513,0.5478134746,8.889310537e-05,0.7206980404,0.2152468695,0.1478961613,0.5981195084,0.2821207744,0.6041725166,0.4993537053,0.4025083286,9.703396978e-05,0.5512566342,0.5583883154,0.9999786436,0.6683590983,0.4303663535,0.6430582161,0.489763445,0.4654695534,0.8753396304,0.6930545703,0.256626187,0.6694806205,0.5744642968,0.3263689618,9.633762392e-05,0.6091830811,0.2704867007,9.696801202e-05,0.619574948,0.4389360907,0.3096820133,0.5103712676,0.3666361388,0.9999780169,0.5738185532,0.6475673417,9.703903294e-05,0.3899821264,0.5198733969,8.998117312e-05,0.4720730729,0.6802820018,0.6825750554,0.5027954902,0.4808782922,0.9200029128,0.6220444068,0.3227279172,9.702761377e-05,0.5866557234,0.5378100722,9.710213908e-05,0.476133323,0.4211728203,0.7405394052,0.4006532302,0.5799577888,0.3791137708,0.7112204839,0.2218122159,0.3339659953,0.5575894757,0.3178458577,0.9999779875,0.6555049928,0.5128361261,0.7046938939,0.4941425281,0.4345564676,0.2308914429,0.6742719274,0.3604198853,0.5955671078,0.529293729,0.3545912604,0.4958226862,0.4738600417,0.4938059719,8.47257908e-05,0.6118055541,0.2660961743,0.5404817522,0.5172928279,0.3700624643,9.780268433e-05,0.5033978414,0.5767689344,0.9784598487,0.3592148639,0.6672222195,0.3810295729,0.5552338906,0.4502400937,0.0001206622707,0.2968075725,0.6254837679,0.717016078,0.6966386248,0.2445699128,9.759078511e-05,0.5752520176,0.2982913367,9.704418362e-05,0.4320466882,0.4662226736,0.4665966857,0.5076815622,0.3745454863,0.6492480365,0.4450663116,0.5150285923,0.6404682247,0.5858821454,0.3106613764,0.6136662768,0.659280007,0.3641273876,9.703031346e-05,0.5057578283,0.3687634144,0.722112714,0.4811289243,0.4445243911,9.518340581e-05,0.3287269235,0.7883114842,9.707443362e-05,0.3535854803,0.537416153)
