mCurrentIter=100
mCounterStuck=0
mYPrev=-33.03394972
mParameters.n_iterations=100
mParameters.n_inner_iterations=1000
mParameters.n_init_samples=100
mParameters.n_iter_relearn=1
mParameters.init_method=1
mParameters.surr_name=sGaussianProcessML
mParameters.sigma_s=1
mParameters.noise=1
mParameters.alpha=1
mParameters.beta=1
mParameters.sc_type=SC_MTL
mParameters.l_type=L_EMPIRICAL
mParameters.l_all=0
mParameters.epsilon=0
mParameters.force_jump=20
mParameters.kernel.name=kMaternARD5
mParameters.kernel.hp_mean=[1](1)
mParameters.kernel.hp_std=[1](10)
mParameters.mean.name=mConst
mParameters.mean.coef_mean=[1](1)
mParameters.mean.coef_std=[1](1000)
mParameters.crit_name=cEI
mParameters.crit_params=[0]()
mY=[200](-5.03489245,6.162955522,-2.551330804,14.16616606,2065.281537,28.55655338,-7.017906877,7.532038755,3270.88597,15.92483954,22.62046371,-37.94115189,49.38421279,323.5265003,97.03134528,12.21875086,32.34301922,20.73742996,-38.30290534,-25.89515514,-4.55166778,-4.020588137,-2.740537608,-15.04120587,-6.524760305,12.16586943,-16.46648697,-21.18492419,-30.54367214,-0.419713399,19.72655014,-20.89393805,-3.939315641,2825.572405,133.0109539,-11.24253119,-47.01307786,1.690924003,-29.02655634,0.8713292478,67.91392028,216.4105803,55.81809421,29.72755553,1.559368349,461.7151447,-0.5026332452,-30.2864452,-38.92316594,974.6561275,-28.19247012,317.9435445,-5.421818216,62.49596857,-3.409935827,31.09926043,-26.39746519,-40.20227794,29.35205562,28.99371357,-1.557280698,-18.18863139,8.853995497,410.6564712,7.627304856,-7.699402146,-34.26261373,0.9044101609,19.47354534,-6.299598514,-14.17972438,10.28856355,-10.37067206,-14.45170956,30.52650732,1650.46706,33.40459805,-6.86345741,94.19778988,-15.23169286,-39.42176936,8.450058776,25.9260441,636.2324237,37.71746054,29.13997834,16.74207261,-0.3281179857,-17.80108083,17.9782971,86.78196899,-14.69042672,502.0897388,2073.577568,10.65809658,14.60217882,-43.18145647,-28.94775637,348.9604657,202.0627538,-41.05292303,-43.30066857,-36.35962115,-44.87767232,-39.31228104,-39.25884679,-34.00180814,-33.29116585,-37.9251352,-36.47956503,-40.76401749,-37.90793831,-35.16465068,-38.73911716,-40.93917356,-25.11201139,-30.83204416,-37.74430093,-31.78117662,-37.05881679,-36.81869659,-28.03923689,-37.15333228,-29.91799905,-40.92858155,-32.72206532,-42.82372896,-29.19198119,-37.34860329,-27.37453993,-42.42023922,-39.98310544,-28.77589366,-19.91098556,-38.45905458,-27.91192403,-39.80966973,-42.52349742,-39.90574374,-23.01579043,-43.17794102,-31.72004957,-29.22983708,-33.66810503,-31.45788754,-27.00988405,-42.20406502,-34.49106427,-9.785676051,-41.10656228,-43.45724552,-34.48940604,-43.67755336,-40.87089287,-33.24362985,-35.4632994,-28.90317751,-34.78874767,-36.1701536,-41.80340288,-29.52057698,-28.63643842,-43.49540949,-22.28062394,-35.83180353,-45.57254073,-27.53526604,-40.1896806,-39.01801323,-31.03753363,-37.62592144,-44.77940985,-15.8861796,-24.93306696,-43.37846465,-46.76453933,-44.5447739,-27.51639111,-45.78720936,-40.85733398,-38.24948437,-39.28307331,-40.8692184,-44.09297676,-40.72271976,-40.8209308,-40.75905436,-43.03718515,-27.31939266,-45.31256053,-25.00929546,-22.64449203,-31.39871318,-41.93471744,-40.220769,-41.63251404,-30.99053623,-42.4415186,-36.78023174,-33.03394972)
mX=[200,3](0.9224534868,0.1507159589,0.737431448,0.3160434528,0.9017040379,0.3850442781,0.8126548989,0.6987870151,0.7746540233,0.2637653608,0.1907234018,0.4421088723,0.5157188313,0.1615997987,0.1014673963,0.4298695093,0.9897865965,0.546494161,0.5614368078,0.5250800916,0.7981561243,0.9198170766,0.9217741805,0.4376761114,0.3663562738,0.05081292155,0.02268846693,0.5360854951,0.2740503373,0.9405862535,0.5957163995,0.8816333806,0.7829373015,0.9823501104,0.593337156,0.2851136884,0.1273873095,0.2391189803,0.3284886814,0.7321317041,0.105594063,0.3410444147,0.8595529925,0.1123279116,0.4697529879,0.9389097013,0.9528605826,0.3668594741,0.4974087085,0.8378664531,0.9007635312,0.2273665804,0.9716983322,0.3545061729,0.006541488622,0.6172572845,0.2466389242,0.9614820293,0.4038638186,0.5805923091,0.1415651491,0.6496435997,0.7534099162,0.5445409965,0.8746209609,0.3161069812,0.469200808,0.3385755133,0.8435481949,0.2468990477,0.8072485896,0.1720491329,0.7867946183,0.3765624316,0.2906327767,0.6127791057,0.3201251052,0.9204825403,0.0304816709,0.1822571378,0.704288376,0.6462952141,0.4963333748,0.7113495796,0.8087342346,0.602147036,0.5971366171,0.7921029319,0.08477577183,0.6736665993,0.4437196856,0.6386562487,0.9180490603,0.117506618,0.7589065436,0.4037659092,0.293554518,0.2602329013,0.833812972,0.02227249095,0.1316195206,0.01464743482,0.377645434,0.09257122215,0.3997810822,0.9031192047,0.8245105631,0.1980005238,0.4329401948,0.4382198706,0.477487059,0.821831184,0.8571298304,0.6071223439,0.8620928488,0.6799367004,0.08546456763,0.08418855254,0.8198265624,0.6388043649,0.9441799776,0.005665761875,0.5232976398,0.6755221843,0.02628569914,0.4225110639,0.6676708067,0.07510245268,0.5189584939,0.6272118079,0.7166706442,0.9572638286,0.04573368541,0.4513583846,0.8503104308,0.3481844424,0.3400181776,0.1296029529,0.2106912266,0.8419037187,0.5638348102,0.6093212716,0.7056113983,0.2009661064,0.139425816,0.5594857427,0.5013666283,0.0999991933,0.3850444685,0.03560530499,0.06557994671,0.7270082331,0.1117904467,0.2863283805,0.2210977798,0.2262477925,0.8968466041,0.2501333629,0.5790757155,0.419881609,0.4899981881,0.0997899238,0.2091012382,0.03080009237,0.7600934192,0.3818070731,0.5761313777,0.9934565335,0.5726959383,0.2907658265,0.6620581043,0.05515114669,0.4726006383,0.5575075093,0.1028902249,0.7966578179,0.8855060003,0.7199292484,0.351439103,0.2557560748,0.6340010158,0.5871185788,0.06223038054,0.7772728895,0.419967973,0.74127661,0.8837698076,0.562345073,0.8786947752,0.6982129218,0.1489502565,0.2742720788,0.6809862887,0.8922373307,0.05684097158,0.07836588092,0.3913473252,0.3042481575,0.157947133,0.2899796997,0.6192539094,0.3203911735,0.3698692767,0.8623886644,0.3035482003,0.3184122581,0.960540985,0.7032871514,0.5098841694,0.808903576,0.2318630518,0.770006727,0.534256241,0.8747533413,0.7397969538,0.8295936613,0.5596950712,0.6894057057,0.6955079412,0.4896177182,0.6580965853,0.6859256753,0.01212575071,0.995927421,0.6461435434,0.501357312,0.2025917495,0.07986193104,0.2535090901,0.6661997383,0.9758923093,0.4526051501,0.4210939403,0.217232829,0.7515133642,0.1249726454,0.4527737654,0.1949042488,0.1707290939,0.7257563656,0.8427121772,0.6298982865,0.2380529795,0.1805343985,0.9354057666,0.1306564567,0.6598692097,0.2130130997,0.9881502502,0.1670892392,0.2477595977,0.1576186967,0.3567701312,0.967032966,0.8123768778,0.7234629256,0.4463691336,0.1688734414,0.5284971118,0.018709538,0.9362377989,0.8305529361,0.8642982784,0.1820676468,0.1769244705,0.7866117963,0.2681358162,0.4705307607,0.9171541463,0.6553292208,0.3935421395,0.4618228294,0.1447712672,0.9553092184,0.743477819,0.6201265203,0.7680924094,0.04083391073,0.3385658753,0.4009563363,0.7615473319,0.004111414645,0.5884882153,0.5386394174,0.8946539617,0.9729717437,0.9426584616,0.4888959654,0.2755751601,0.5412233303,0.4921090778,0.3397018806,0.309516741,0.4100067544,0.9931577062,0.06546413633,0.3720681381,0.7444461008,0.517687967,0.04111592738,0.5575671483,0.5782368186,0.2542946331,0.4297204679,0.5353427556,0.3229853276,0.7374679213,0.5995333844,0.2278061136,0.6748739817,0.5087940176,0.3626741635,0.0001008868807,0.586453715,0.2497595523,9.702091219e-05,0.5017370595,0.3592791983,0.9999799762,0.6062164072,0.2235518074,0.9999780647,0.4798905225,0.3950650223,0.999970224,0.6044409828,0.2248104955,0.9999779854,0.6489655017,0.3749060674,9.254681215e-05,0.5799545606,0.2542112172,0.000105703802,0.4362430906,0.4142907381,0.9236090654,0.6059887944,0.2207736688,9.294469027e-05,0.5360081592,0.2923224414,9.691330573e-05,0.3621884396,0.5093872709,0.999978046,0.4280441619,0.4475566076,0.9999779683,0.6511030732,0.4672691256,0.9999755054,0.5561459555,0.2565464257,9.696431379e-05,0.4569677734,0.6327728726,0.0001004191654,0.6338544957,0.2277745066,9.769575165e-05,0.4886997362,0.3562044672,0.0001152466825,0.7055980612,0.2732111699,9.723820177e-05,0.6196164128,0.4203404183,0.9999732538,0.5199658988,0.2958156534,9.695735837e-05,0.363498594,0.5153483932,0.9999781449,0.5127115493,0.5447852257,0.0001029498635,0.4309351269,0.4169648192,9.687365999e-05,0.6052573957,0.5692993688,0.9999805714,0.6277279817,0.2092697303,0.9999771971,0.7287919662,0.258789311,0.7323540195,0.5995199264,0.2107009738,0.6803878461,0.5109827248,0.2960011732,9.093593804e-05,0.3822412679,0.6802836548,0.9999780361,0.3923773244,0.4997280715,9.728391656e-05,0.6434601777,0.3535096937,0.9999779581,0.6753445098,0.4819105457,0.8158002596,0.4574045715,0.3686209021,8.989934671e-05,0.5105413672,0.445916289,9.693861068e-05,0.3369660034,0.5671693257,0.9999772583,0.443754583,0.6343918799,0.9999668924,0.6121218632,0.207232378,0.0001027885014,0.5906398417,0.2252985717,0.9999854142,0.7214277003,0.3055640279,0.000100748694,0.519308147,0.2869247137,9.688324412e-05,0.546808251,0.605666898,9.04767308e-05,0.6701367867,0.4845715496,9.685967527e-05,0.4057488033,0.449015648,0.9999779831,0.5380177259,0.4324310222,0.9999780104,0.3113184573,0.7299708378,0.4817292014,0.6056564657,0.2106772708,0.5553092393,0.6008807337,0.2116669601,0.4941237687,0.5223197755,0.2783094323,9.704667266e-05,0.4564298665,0.5258204147,9.710041548e-05,0.4457418949,0.3750861622,0.9999846477,0.5961259816,0.5446918964,0.00010422977,0.3016037377,0.5762805673,0.9999779854,0.6958707692,0.3769707162,0.6347385782,0.7019159755,0.2279177525,0.8096831401,0.4805955223,0.3385932971,0.0001054697508,0.5534864131,0.4334869993,0.8705783172,0.3905444573,0.5077134854,9.693970161e-05,0.4870444472,0.6571905404,0,0.4904692643,0.5150559309,9.627432089e-05,0.3314343372,0.7311723148,9.115037698e-05,0.6508501224,0.333470791,0.5561780298,0.4226907214,0.4090872985,9.703247059e-05,0.6552709572,0.5476517825,9.052231095e-05,0.3832957051,0.4641185075,9.700067305e-05,0.4103242494,0.5869796588,8.879453954e-05,0.5875512179,0.2222428262,8.997007402e-05,0.4876994351,0.3267756454,0.644501156,0.5408136361,0.4473412714,0.9999781191,0.3543907429,0.625083757,0.3523721551,0.7249634813,0.4507341523,0.755406264,0.505780425,0.5074350906,0.4704252453,0.5605372111,0.3863440059,9.680613765e-05,0.4861071714,0.457995123,0.9999779561,0.5535815646,0.6236337714,0.8126862062,0.6060740263,0.2025907109,0.7801499966,0.60104095,0.2048004144,0.6997009987,0.5410630132,0.2507517226,0.5814691098,0.4365502279,0.379918905,9.065646423e-05,0.4706847401,0.5561459807,0.8005144425,0.6326759013,0.201251445,0.7591980079,0.5388595793,0.2554066024,9.6995119e-05,0.3332405981,0.5100743256,9.727595464e-05,0.5587672647,0.4016275254,0.731118619,0.5037052703,0.4816272082,0.2917921918,0.7393687004,0.2412137352,0.8621797359,0.5886089459,0.3366965509,0.9999780117,0.6927261173,0.5304530699,9.703651416e-05,0.6255701742,0.6240638314,0.0001032717103,0.2491041991,0.6217823591,0.0001056324751,0.4302397113,0.3875188077,9.088631101e-05,0.5571654588,0.4915214847,0.5676527136,0.4293153892,0.5571948619,9.69973285e-05,0.3686934688,0.6586777164,9.698538728e-05,0.3969630116,0.461419275,0.5819675694,0.6066504883,0.2018325862,0.5060666939,0.5294726732,0.266930718)
