mCurrentIter=100
mCounterStuck=0
mYPrev=-8.898628098
mParameters.n_iterations=100
mParameters.n_inner_iterations=1000
mParameters.n_init_samples=100
mParameters.n_iter_relearn=1
mParameters.init_method=1
mParameters.surr_name=sGaussianProcessML
mParameters.sigma_s=1
mParameters.noise=1
mParameters.alpha=1
mParameters.beta=1
mParameters.sc_type=SC_MTL
mParameters.l_type=L_EMPIRICAL
mParameters.l_all=0
mParameters.epsilon=0
mParameters.force_jump=20
mParameters.kernel.name=kMaternARD5
mParameters.kernel.hp_mean=[1](1)
mParameters.kernel.hp_std=[1](10)
mParameters.mean.name=mConst
mParameters.mean.coef_mean=[1](1)
mParameters.mean.coef_std=[1](1000)
mParameters.crit_name=cEI
mParameters.crit_params=[0]()
mY=[200](-17.93954263,0.3927489846,-53.22667564,-31.92034982,27.62106192,8.448428614,-15.72453098,10.92171969,2492.76641,8.802381851,5.215638371,-5.687767523,-21.09012466,-39.76962092,7.946789997,-29.14706276,871.7502673,-48.72922761,-46.58010531,7.599418273,3550.392106,-26.48077273,-4.597653143,326.6985859,-48.40153562,356.9308516,-17.58370658,-46.98855223,1521.588364,-45.79824655,-39.31992607,-40.67820855,-41.58447419,271.199553,-46.27992565,-13.26925292,672.9194991,-11.68236834,-21.59175073,238.1504337,-52.45954564,409.747545,14.0155619,101.1078563,-24.72803544,-49.2749884,59.84704451,-22.99052844,22.22340005,3763.675955,-41.57881696,-58.85723118,-20.17081444,1090.008968,-42.60234517,65.23414571,-34.14741273,37.56074371,-11.02784013,1287.237841,5.676241631,20.20854955,-9.35922621,31.68187801,-2.485403131,-28.43318927,-10.56490956,-36.43965315,-23.13447911,16.31153038,-3.453101744,545.8858372,-25.11588994,-38.94789451,6.157229629,0.1181981432,-22.06159279,4.643158824,66.28491618,-24.47006686,-24.60189741,-26.34343173,5.590245054,15.85477284,-24.50369124,-20.89468405,-14.80308813,153.7918509,236.251892,-19.42136504,8.44895801,17.19192193,-2.778613633,-6.085572688,-26.12291314,185.9666292,-45.19799528,-19.55196422,-22.19389124,1.435068393,-51.56028162,-54.53636175,-33.1863018,-48.02792034,-53.10287597,-54.35402111,-49.26713466,-49.49556396,-48.33693457,-51.84935628,-40.98414174,-32.52488709,-46.7202384,-49.45093506,-55.48445184,-53.16052968,-45.83895389,-40.87516527,-55.23872387,-51.83610847,-35.77950139,-41.10972227,-45.53929841,-54.16181592,-44.35716689,-9.705254208,-56.41393818,-51.01790794,-50.81255746,-44.88267313,-35.16789625,-28.99332778,-42.68595738,-51.66704071,-48.31978445,-53.24719462,-53.27844792,-36.729455,-46.68115927,-55.7196641,-55.75158473,-35.89960153,-54.13399213,-52.93564806,-50.06908083,-51.83653084,-39.68401691,-51.79989805,-52.31860413,-53.08563189,-38.06680771,-51.14169321,-39.27942356,-41.95899115,-54.02780107,-48.18939416,-53.82409214,-50.54887048,-52.61591832,-53.37113479,-21.04633094,-26.41126742,-51.73417881,-49.84750601,-52.06230468,-44.16556581,-42.76202925,-42.90392782,-55.24924964,-55.98805645,-46.0029771,-43.30865018,-50.13211286,-49.85045052,-55.21763708,-45.7934167,-50.18633912,-43.03821782,-35.67090683,-54.70677333,-52.77776617,-51.07787674,-34.75728637,-51.41380256,-45.43983606,-55.13939152,-22.42933526,-40.08519698,-55.29937099,-43.17324481,-45.72987439,-54.54350388,-55.24609945,-49.88327609,-50.23181967,-51.76756419,-49.29604229,-39.43031852,-35.8746381,-8.898628098)
mX=[200,3](0.3294047129,0.2491969108,0.8095480665,0.4508066911,0.4917317005,0.9194296549,0.1351684287,0.4886148582,0.3253137521,0.07618012002,0.6226095372,0.6655787411,0.8443027016,0.07869338579,0.6887110545,0.1259236156,0.1134899369,0.5542843946,0.2947794676,0.2256626421,0.8226954119,0.5764166679,0.2134548,0.5079184673,0.1760467284,0.09826396906,0.09830532424,0.9295051732,0.089761577,0.8865034107,0.9197918319,0.9434828616,0.6307116526,0.05605831114,0.5068893975,0.8788319974,0.1935485269,0.6794654173,0.7203904401,0.8203688161,0.5906771748,0.5809614199,0.9401204533,0.2630215831,0.9022253134,0.3079995259,0.3378882311,0.3984927452,0.3989600112,0.0008148071123,0.3534903304,0.3511366319,0.6148044799,0.2553983034,0.3462197046,0.7105333602,0.2604138225,0.245309738,0.3057907884,0.9619989577,0.5136997347,0.04034375944,0.0318615366,0.8937723948,0.4390281056,0.578717493,0.4256602928,0.7011555471,0.0533954492,0.4779658676,0.02393767321,0.4535561004,0.3343000384,0.3611684172,0.485393626,0.6805552709,0.3752883297,0.1465938572,0.6767108504,0.8586870722,0.3396489094,0.8627106001,0.5772275449,0.182999403,0.5098499368,0.1453578407,0.1567346318,0.6209652727,0.5225520239,0.6032017143,0.604296545,0.4685212049,0.6598739065,0.8710030585,0.6880186662,0.428253886,0.7789375421,0.4432096101,0.4416488524,0.812042411,0.06229848993,0.4698409893,0.5260572049,0.4203490091,0.4159617064,0.3672370882,0.8704873525,0.4972850134,0.5516226433,0.3487269476,0.1042882524,0.8077360091,0.3161827053,0.6742423985,0.9591493275,0.8214232,0.5106740156,0.852890192,0.9982068061,0.02712672682,0.5335738084,0.5321213801,0.2860952091,0.8835091416,0.2330864867,0.2925108455,0.007426489426,0.1556145567,0.9897281681,0.1659557614,0.2887056593,0.2468848901,0.3169760124,0.7654039012,0.07890741604,0.6430632598,0.6937786231,0.1355390538,0.9058250953,0.1604512558,0.5963660674,0.638114847,0.8196977099,0.4744701812,0.285116309,0.9836476617,0.06414840252,0.751424805,0.05113797984,0.005252608357,0.5421460549,0.6613401374,0.08974867584,0.2536952876,0.473502138,0.4390502902,0.4656204013,0.6567809551,0.7483310704,0.56863665,0.1214887345,0.2319089991,0.9369491718,0.7282845099,0.20178881,0.3857312691,0.18126208,0.3744824406,0.2154331139,0.4096211445,0.7336635116,0.1063134765,0.9175178473,0.9589819763,0.4964745228,0.5890610262,0.8390685411,0.6550987123,0.1373230062,0.2116797697,0.4418241839,0.9258843848,0.1169596415,0.7419971125,0.6448349076,0.9956636109,0.799934837,0.9044894909,0.3607995979,0.5970864257,0.1068540635,0.6445831009,0.5886189403,0.4512836659,0.8955420687,0.01915471995,0.3271412832,0.3873402147,0.7368490931,0.2963952706,0.7628709955,0.2365431726,0.7757577353,0.2716307822,0.2684030221,0.1701807281,0.7067406343,0.9771959982,0.886107338,0.8684879941,0.03925360752,0.9335532151,0.1635948839,0.4062419063,0.9671456824,0.0164439268,0.1560884779,0.1945133706,0.7537852032,0.8387688406,0.7431206521,0.3163191297,0.9838859162,0.2005623029,0.7834698008,0.02923990167,0.2550215116,0.9220538083,0.7806561098,0.3571914596,0.5602509032,0.3711626526,0.3978788201,0.9491365025,0.6645444546,0.01481713256,0.6196574096,0.08141721745,0.784308919,0.04982618392,0.6937711475,0.8333166735,0.3434826256,0.4385309567,0.8410460853,0.4085221721,0.7211255079,0.8016280909,0.8539671677,0.09510831183,0.5565395894,0.97832057,0.4141098915,0.5181370461,0.7734869774,0.2206807115,0.5474413951,0.7945597681,0.06088494209,0.3840782353,0.8407274631,0.4809066632,0.03836825303,0.5274181841,0.610677029,0.2783526994,0.2256984234,0.04373045983,0.8625425653,0.1975210385,0.9677405384,0.9797440239,0.1706291372,0.1882835268,0.759899256,0.9358026334,0.2093562946,0.8904105895,0.6290612961,0.7077964784,0.730701277,0.8119227999,0.7185470028,0.6303626184,0.7159785677,0.1409085853,0.4174839854,0.1251020079,0.7610435992,0.6065096541,0.5380968398,0.992291908,0.5690539312,0.6968393608,0.1113649733,0.7990569159,0.5425853161,0.2796916218,0.9500862489,0.3074984782,9.697990703e-05,0.5794508586,0.3623782658,9.692707543e-05,0.5520595576,0.3712948939,0.9999779761,0.5626413678,0.3531683796,0.0001053011377,0.6622655536,0.2680917764,9.679096318e-05,0.3904595364,0.5074412084,9.715288235e-05,0.4723804987,0.4089452087,9.7409901e-05,0.3271504906,0.5697686494,9.686336636e-05,0.6706242818,0.2624598761,9.69540494e-05,0.6241658357,0.4431097038,0,0.458014407,0.4095533261,0.9999849262,0.6164674579,0.3173931112,0.9052726529,0.4840593468,0.3878334186,9.698350855e-05,0.712932271,0.2319144947,9.627439762e-05,0.3390097579,0.5542993644,9.667685941e-05,0.4922780371,0.4991876525,9.178216986e-05,0.5686792934,0.3068302661,9.705069005e-05,0.681287522,0.4011812037,0.9999779857,0.720478559,0.2442808818,9.689411035e-05,0.4158853805,0.4445271278,9.70290018e-05,0.4870900274,0.3623552973,9.703461302e-05,0.7280642428,0.2281082683,9.692216846e-05,0.6501866196,0.5200212648,9.679420362e-05,0.3067492504,0.614446322,9.696651681e-05,0.3948647015,0.4754875595,0.9160863737,0.5443546235,0.4054777295,0.9073388104,0.399712552,0.4627806134,0.45018712,0.6173744056,0.2874953513,9.604015409e-05,0.4941418397,0.5526145954,9.699368954e-05,0.5002884191,0.3519480007,0.0001010955212,0.6987171107,0.3593023661,0.9948810148,0.7516649304,0.2327094465,0.9999780113,0.7205865609,0.5967130338,9.657810418e-05,0.3045523793,0.6316349783,9.770046091e-05,0.5541098835,0.4734486053,0.8457335592,0.6504912576,0.3682291355,0.0001126399906,0.6214457595,0.2489434117,0.0001054103074,0.4404754711,0.4038686944,9.700853401e-05,0.7491114267,0.223115167,9.672098386e-05,0.4368118113,0.6297507585,9.697302034e-05,0.3530543391,0.4987011293,0.3624692585,0.5511311973,0.3189971627,9.127720028e-05,0.6858839014,0.5608165586,0.548128095,0.5742652666,0.4399404945,9.701138817e-05,0.4466208233,0.4003789486,0.8695295579,0.649736641,0.2633567186,9.692628035e-05,0.4755538525,0.5258556984,9.707125055e-05,0.7097342204,0.3677216785,9.689951198e-05,0.3342981019,0.5160515733,0.5437167102,0.4880057062,0.3644953417,9.988958168e-05,0.5906448232,0.2830803218,9.689944077e-05,0.359415413,0.6963685604,9.698667682e-05,0.4041970186,0.4530190106,0.6191197834,0.7593751591,0.2243648046,0.9360097083,0.6681100958,0.4568583231,9.689984495e-05,0.5616538594,0.4169456709,9.694913854e-05,0.5387237971,0.5829189892,0.508155001,0.642619156,0.2457516783,0.7199213644,0.494559561,0.4687374394,9.700141386e-05,0.5292490209,0.3361510048,0.550854702,0.6449838908,0.3412584479,9.701405498e-05,0.748068227,0.6619425146,0.7035851083,0.3518771204,0.5140953985,9.768376903e-05,0.4429080004,0.4005094806,9.709367493e-05,0.5654838846,0.4680614463,0.6222990561,0.5218284645,0.3442643576,8.926261725e-05,0.6758045884,0.2091935599,8.261497402e-05,0.4630898444,0.6552611934,9.073760621e-05,0.7497031082,0.3274292145,9.672403475e-05,0.4253652784,0.499895606,0.3656796494,0.6180188773,0.3452763264,0.7868585024,0.6641017588,0.2446120891,0.4499721604,0.6860112555,0.4923823297,0.4801352745,0.4556573241,0.3854658906,9.254536487e-05,0.5742972623,0.3031810841,0,0.5100567518,0.4749622796,9.370721322e-05,0.2719182621,0.6202124949,9.686848501e-05,0.3620987093,0.4876850184,0,0.5927609798,0.5819592785,0.5422156648,0.7760267372,0.2246170275,0.3727011438,0.5976022633,0.3942146359,9.700705525e-05,0.4175824553,0.572576365,0,0.4215285699,0.4209361485,9.733363711e-05,0.3362361129,0.719286616,0.6852799439,0.5267702351,0.4798436935,0.7598132628,0.7036256492,0.3482434589,9.714178761e-05,0.5481138631,0.3877662515,0.9999779427,0.7374305016,0.6377090242,9.708643135e-05,0.7112294654,0.4532436068,0.4879672156,0.480639202,0.3677858926,9.831350933e-05,0.2928989016,0.5634097324,0.2435152021,0.6621029003,0.2191563764,0,0.4467313843,0.5014610034,0.5802664081,0.5897312423,0.3009132638,9.69932517e-05,0.467503506,0.3740920245,9.70323864e-05,0.6267171095,0.3404224474,0.6440304129,0.5775432582,0.4739005208,0.5664355818,0.405435756,0.4558909622,9.660406759e-05,0.5173551147,0.6627859858,9.655076725e-05,0.7565601254,0.2166208566,0.9999779896,0.4129663859,0.7272357656)
