mCurrentIter=100
mCounterStuck=0
mYPrev=-42.16145852
mParameters.n_iterations=100
mParameters.n_inner_iterations=1000
mParameters.n_init_samples=100
mParameters.n_iter_relearn=1
mParameters.init_method=1
mParameters.surr_name=sGaussianProcessML
mParameters.sigma_s=1
mParameters.noise=1
mParameters.alpha=1
mParameters.beta=1
mParameters.sc_type=SC_MTL
mParameters.l_type=L_EMPIRICAL
mParameters.l_all=0
mParameters.epsilon=0
mParameters.force_jump=20
mParameters.kernel.name=kMaternARD5
mParameters.kernel.hp_mean=[1](1)
mParameters.kernel.hp_std=[1](10)
mParameters.mean.name=mConst
mParameters.mean.coef_mean=[1](1)
mParameters.mean.coef_std=[1](1000)
mParameters.crit_name=cEI
mParameters.crit_params=[0]()
mY=[200](-40.40381729,-46.37298441,2282.099844,-20.48462014,-3.332517154,372.5755535,-3.443546055,30.1062076,-45.43266395,50.15857477,-4.470473472,26.20739874,-22.09792753,-49.40740564,-8.798564097,21.30199661,48.64402937,11.18552616,-24.015689,106.9593451,-12.56685637,874.5909247,-26.75649314,-3.097837013,-19.18063307,-24.85636168,65.46169873,-16.10431735,-17.60720757,-24.49988826,109.3975352,-19.37214863,-11.66555722,-32.26126971,-23.70647988,-18.48701791,-47.26759757,4.721268505,-49.83068112,22.49731896,1913.002137,20.66819641,292.8856641,-2.11984851,-35.1628822,-12.98963592,-35.0576131,-25.23139199,-24.48272433,-19.60537398,193.6942189,-34.2608631,12.26808771,-25.70709387,14.45364256,-21.16841406,-46.24879776,22.94535926,-31.63041347,-7.455285636,2167.957027,461.4617381,-23.26690396,-24.40251174,77.19955054,-15.52849179,38.71003141,49.51877852,1718.717644,-39.40535718,-35.17456967,-11.42237636,2158.818912,438.0743698,-44.47627752,1616.34619,526.1865436,8.600748986,13.05997787,19.2783514,898.3871529,17.86390658,2368.795254,52.02605403,14.95728091,-2.902537975,407.1890875,-34.7136097,-31.60796045,33.53191312,-2.278155438,-29.39393173,-43.30191428,30.28785049,24.79120745,58.5144995,41.12740587,1854.904075,31.57442481,18.67850595,-37.21608405,-47.36098429,-39.42224172,-47.35572716,-42.49415509,-42.70261127,-35.33967275,-41.94277599,-42.40402851,-48.57435462,-47.06179783,-31.94567464,-39.02295493,-46.97556312,-36.80256173,-27.26135653,-40.21087618,-34.86297568,-40.88603096,-46.70021312,-41.8188832,-41.7780658,-45.69078387,-37.34672616,-42.92201769,-33.45597638,-39.14558349,-41.41348239,-45.5522964,-32.25086455,-41.91021147,-34.50403512,-44.69102476,-46.26255476,-38.65507278,-30.07798949,-32.82854464,-43.82295307,-45.66707066,-40.00796837,-35.42678396,-43.41527406,-41.05595183,-47.52435156,-41.63204129,-42.63796487,-38.43091461,-31.3355459,-30.76886464,-45.25197906,-46.70744558,-44.48251171,-45.51309361,-42.40222194,-43.40110652,-39.0996645,-24.48835908,-27.72880213,-45.01059889,-31.46906131,-44.17486517,-37.70700198,-44.30278201,-41.44876361,-45.46022602,-20.59900121,-37.70165231,-48.45134404,-30.79899124,-47.80179218,-37.26885941,-35.68247524,-38.20207499,-42.66178323,-46.49189305,-42.9933166,-39.46471324,-45.81211498,-46.4351791,-41.54143497,-48.2166694,-43.57288281,-38.81042212,-49.93901216,-36.91549073,-35.2060802,-42.28654501,-46.69968062,-33.09518048,-49.55658078,-35.81724698,-44.7947907,-21.5895416,-44.96293417,-44.79124694,-31.54305795,-44.46825162,-28.10338206,-46.91056834,-42.16145852)
mX=[200,3](0.2907829054,0.1939663626,0.4971861581,0.4120476447,0.5521156723,0.3368386865,0.4429643545,0.002028016467,0.1357573654,0.183812077,0.639793256,0.6171732242,0.997245568,0.4251583885,0.8300238103,0.7758105119,0.3182640805,0.1212152065,0.6630547647,0.2412496512,0.8403702347,0.7412012502,0.889562974,0.8084168856,0.7315809036,0.5832089377,0.258816947,0.2765830846,0.916722564,0.9197579206,0.1184121119,0.2150814295,0.8260689776,0.3131445526,0.9463767721,0.6336673222,0.6329744735,0.3524670286,0.7355210471,0.5458491371,0.4605988866,0.4801388572,0.01376569221,0.04776882812,0.5358713327,0.1668158954,0.8075469091,0.7913399517,0.4809130907,0.920716405,0.923178675,0.4749133253,0.8972296115,0.3604799492,0.4042541003,0.1603086287,0.7115066695,0.6782650423,0.05017269759,0.392528465,0.2896676307,0.6069361692,0.6924758618,0.008755605877,0.2791157221,0.06777047915,0.4244850306,0.1229218175,0.540269038,0.6243937472,0.8471554909,0.2218285054,0.04812315975,0.7525951006,0.1587405909,0.6919886732,0.3374742342,0.3251745587,0.2385501469,0.9798835164,0.9741250251,0.8021997021,0.776614554,0.4353322714,0.2171756061,0.4088415954,0.7425016069,0.8728027766,0.561124661,0.6669648159,0.8541070952,0.3768680031,0.1645392457,0.9308549277,0.7828989613,0.3144186484,0.5160033971,0.7975782896,0.380325767,0.7128086034,0.2065933904,0.5280927003,0.9865530615,0.366273893,0.3429411684,0.09035697063,0.6940291513,0.5623830726,0.3818563284,0.4989123231,0.3509054275,0.5312761288,0.3970837764,0.873193983,0.5052666354,0.3805729989,0.4090426612,0.06891906749,0.593106458,0.908659673,0.2228708106,0.5378196033,0.00313171867,0.1717620955,0.3061557209,0.9508161984,0.6892001976,0.5027417068,0.01860155181,0.5230087548,0.8318399806,0.1128890969,0.4327550833,0.6741760172,0.1982671858,0.9721041043,0.5110454841,0.7618273901,0.08054557901,0.1564509523,0.5754192153,0.3617742297,0.7228283208,0.2169830989,0.709097558,0.17812263,0.5011186092,0.7828131689,0.664869892,0.6233762576,0.303289555,0.2885018418,0.186635324,0.3757280226,0.4157494148,0.6440184712,0.03429113,0.7366967728,0.776905117,0.1083595045,0.6127976322,0.5853878705,0.9231610182,0.8569529465,0.7211310859,0.7246825248,0.5415534044,0.7032731091,0.3524290711,0.4733396585,0.4413547117,0.5679109844,0.03040148303,0.4756202981,0.1217247325,0.6475424693,0.2001956709,0.59920697,0.2204708092,0.8184798653,0.6039668478,0.09676018508,0.1052866293,0.2456569228,0.3451169949,0.07907130252,0.05387631627,0.7417071888,0.2959939603,0.8357004496,0.7601606318,0.3089403063,0.9657633842,0.2963950848,0.2394646967,0.1371650117,0.6208299384,0.6576953522,0.4690297044,0.9921958232,0.6899428843,0.3996752997,0.9813398583,0.8690626729,0.4974169375,0.07177711558,0.1429372323,0.1949456516,0.2364573059,0.6059324472,0.8634799441,0.6518179089,0.4191685134,0.6181988539,0.02627752842,0.7874311846,0.8102412069,0.1800130057,0.05673330201,0.07755370232,0.4319627609,0.03327187723,0.7589875805,0.4504771145,0.5529974206,0.5863195789,0.1462681578,0.09873240612,0.7673383097,0.08383448457,0.2473389449,0.7983045071,0.4426589186,0.8892851864,0.9133228953,0.9067559977,0.4581572245,0.9070795244,0.953070152,0.4217549255,0.3470659606,0.1161703475,0.1749272407,0.2096224829,0.8268151153,0.7502076047,0.8279067394,0.109030403,0.08206146368,0.255597881,0.8195994687,0.9896124543,0.5518803295,0.01884211195,0.9332105766,0.884082689,0.2636299858,0.3726383519,0.9528008242,0.06779670148,0.289170524,0.9410437989,0.3283962967,0.5974257131,0.2610498781,0.7117112087,0.2636228744,0.8497545772,0.5729478296,0.9958104183,0.6402255629,0.1302567386,0.4616290501,0.4598437044,0.7011565273,0.2782515024,0.570903493,0.528361726,0.5144598123,0.3228623913,0.9399276805,0.6728584367,0.1468033696,0.4897221595,0.943978242,0.6501101737,0.9682482069,0.9660607103,0.3399355332,0.8783153846,0.891293791,0.8948901023,0.2578548063,0.02622672932,0.1528260385,0.8677607137,0.04523506655,0.02149401827,0.6857617825,0.8532561833,0.0001038946488,0.4975838912,0.2869639112,0.9999890929,0.5155491742,0.2905736819,8.885459936e-05,0.497806739,0.2900937019,9.695975178e-05,0.3461929383,0.479395362,0.9999840565,0.5191248284,0.2940396277,9.684802468e-05,0.4478386193,0.3530596956,0.9999781269,0.3583336931,0.4712497568,0.9999836074,0.5279743466,0.2833526179,9.684796423e-05,0.3605148737,0.5505264219,0.9999781439,0.4957212909,0.3851409094,9.695533393e-05,0.3626324377,0.4220569146,7.990696095e-05,0.5165757476,0.2760455807,9.780059402e-05,0.5857871592,0.4148028532,0.9999781691,0.4782949099,0.343541035,0.999978106,0.3458283184,0.5175364468,0.999978111,0.2565746568,0.6542703728,9.679287674e-05,0.3754452485,0.5852336526,9.294053898e-05,0.5225347709,0.2743416309,0.9999780003,0.5804002116,0.4833708551,0.0001056949818,0.3294529502,0.464370361,0.9999781579,0.4271310612,0.4097314263,9.690758068e-05,0.4308521809,0.3500634453,0.999979463,0.5796292786,0.2771334751,9.706129449e-05,0.6108601212,0.3554515247,9.676484313e-05,0.4698331366,0.5146173578,9.680640501e-05,0.3029084945,0.6611710264,0.999978087,0.4398942319,0.5803648076,0.9999789498,0.4979931253,0.2870610257,9.687486779e-05,0.3074253568,0.524206222,0.9999781007,0.3390044291,0.4614432882,0.9999780088,0.5951410712,0.3553047113,9.700213612e-05,0.6091942166,0.4706634642,9.683350312e-05,0.4204839597,0.3875953573,0.9999780211,0.5019712196,0.4262719228,9.693510777e-05,0.4439876907,0.5880839887,0.9999781318,0.6675829786,0.5180136787,0.9999649483,0.2910560717,0.5627492886,0.9329615177,0.4663388903,0.3073806894,9.68862797e-05,0.4587174079,0.4632298274,0.0001008554475,0.5549790113,0.2678666046,0.0001034662222,0.4501347779,0.3099677441,0.999977458,0.6178266904,0.2707163628,1,0.5012206251,0.5392237697,0.0001004552529,0.3036992179,0.5163929593,0.9999780398,0.5942935977,0.3681711117,0.9999782234,0.4032807915,0.4212492598,9.794526855e-05,0.6159656134,0.3095704607,9.683204114e-05,0.2291896706,0.6651393089,0.9999779927,0.3778017058,0.6521922716,9.703329348e-05,0.5037144999,0.4202016644,9.697983541e-05,0.305077327,0.4466894142,9.694280535e-05,0.4276435852,0.5241126936,0.7347493618,0.5075651345,0.2642908486,9.697686524e-05,0.2862049126,0.5690574964,0.7716069257,0.449772876,0.339049559,0.999984327,0.3618070053,0.5061614576,0.9999780484,0.1474995049,0.6382139818,9.697051817e-05,0.6773467155,0.4669498002,0.9999780587,0.5250245258,0.4552835576,7.717403692e-05,0.4152253434,0.6464205687,9.718799095e-05,0.3981383961,0.3950303293,9.703844596e-05,0.514605494,0.5283452994,0.6477651826,0.5189683104,0.2599579228,0.9999687239,0.6354405085,0.2744906305,0.5412347904,0.4569364159,0.3109012347,0.9999780235,0.2699094567,0.7210764733,9.726857521e-05,0.6103552891,0.3444299736,0.9999780749,0.4686858404,0.3753047094,0.9999794691,0.27936029,0.5591846771,9.765019218e-05,0.4100609906,0.4689877992,0.9999780538,0.5184314793,0.5775284252,0.9052627296,0.3176002157,0.4530006594,0.9999780422,0.618201271,0.3386112467,9.689522533e-05,0.2752760049,0.5643803811,0.2657629955,0.5031453172,0.3993144403,0.9999779869,0.4672114285,0.4812793972,0.3833840884,0.4720680098,0.284881954,0.0001004279244,0.2840218728,0.4841745654,0.5828850759,0.4415793314,0.3506389597,0.999977995,0.6073154718,0.4364961839,0.3696575947,0.3938365712,0.5163585736,9.961411142e-05,0.5084534267,0.4593934754,0.00010521087,0.3053319676,0.6095549544,0.5218529308,0.3971137494,0.4131524534,0.2518029973,0.6001500652,0.2751107509,0.9999779611,0.4357107773,0.6128280956,0.5061771849,0.462406945,0.301153141,0.4729524094,0.5261742419,0.3733290837,0.9999782327,0.6118398708,0.5275707856,0.4757017501,0.3908090748,0.5112148351,9.697960779e-05,0.4886408196,0.5759547424,0.9999595921,0.4625638661,0.4545316116,0.0001039606104,0.3036909703,0.7301057033,9.693401263e-05,0.2752765695,0.5172638994,9.689333648e-05,0.3413174267,0.4196308386,9.717375976e-05,0.6624614901,0.3944595563,9.78921352e-05,0.447096494,0.4614719696,0.9999779451,0.2498561931,0.5898938938,0.999991596,0.5920670955,0.2542887599,0.9999837713,0.6186764938,0.3190565033)
