mCurrentIter=100
mCounterStuck=0
mYPrev=-40.69694769
mParameters.n_iterations=100
mParameters.n_inner_iterations=1000
mParameters.n_init_samples=100
mParameters.n_iter_relearn=1
mParameters.init_method=1
mParameters.surr_name=sGaussianProcessML
mParameters.sigma_s=1
mParameters.noise=1
mParameters.alpha=1
mParameters.beta=1
mParameters.sc_type=SC_MTL
mParameters.l_type=L_EMPIRICAL
mParameters.l_all=0
mParameters.epsilon=0
mParameters.force_jump=20
mParameters.kernel.name=kMaternARD5
mParameters.kernel.hp_mean=[1](1)
mParameters.kernel.hp_std=[1](10)
mParameters.mean.name=mConst
mParameters.mean.coef_mean=[1](1)
mParameters.mean.coef_std=[1](1000)
mParameters.crit_name=cEI
mParameters.crit_params=[0]()
mY=[200](-32.42108854,-34.77810902,-2.102130941,-10.39410295,-15.71942675,31.91018831,-43.4456783,183.0205278,-34.0976483,124.3239299,6.700406603,-35.03692709,-12.57695397,11.1502934,22.28848968,-34.41496215,-34.85566578,-20.05222913,-29.67503368,1117.40552,-33.72990002,-39.29565054,3.960548664,-41.9587073,-27.26076142,-46.06570037,1004.696262,-20.85434344,37.37791035,25.54699373,57.37986351,50.96699919,138.056384,10.07497729,-5.882727865,42.87179766,274.7325502,1564.544162,-35.15016652,-34.7856014,-27.69981734,-41.11188507,34.74207975,-0.6765034554,-13.88431343,57.32738956,38.13241763,-17.49385554,1.074041671,-2.129344977,51.99741921,-23.71709513,-34.08725678,25.86784927,43.56160228,-37.46990085,-36.65644486,30.45331434,-23.66123372,-35.66869322,20.54744882,-31.10822742,-28.22893535,27.81188211,-11.78044192,2615.543045,13.56404095,-34.01203911,-0.9538649689,17.53687028,-19.03319342,34.66897321,57.83718681,7.073794581,13.00572536,-1.511054652,0.2492759837,-19.00312872,-0.1486009944,2215.934682,42.65207683,12.47272485,-24.78373693,-21.30694368,-6.099338196,1030.124748,-40.34351968,-10.78830225,-8.224694091,-42.63863369,5.707092197,-3.556465966,-19.64489762,5.373342558,2294.591108,-22.86889367,-25.09692924,184.0227925,207.9880875,363.8339392,-38.72291748,-40.4828311,-45.43944362,-44.28588861,-41.35474952,-24.63390267,-44.75323568,-39.70559935,-37.93955921,-31.38222185,-42.95546591,-42.51035774,-42.03358664,-39.77488552,-35.78816177,-46.88900079,-40.33652016,-36.81780186,-34.99674267,-41.87526292,-41.37147129,-41.97109719,-37.22008746,-46.5548619,-43.04818974,-35.19790722,-35.12978136,-44.5825799,-35.62185412,-31.10564463,-44.99457606,-46.91239277,-34.26147214,-40.77600052,-39.14673145,-37.87563407,-43.80672848,-42.72671854,-44.25155947,-43.82877865,-24.4270069,-35.9064563,-38.51518049,-39.9795897,-47.48106234,-37.70402505,-35.24320768,-45.55569727,-38.41738792,-34.74595094,-43.71345046,-37.02122774,-46.70595207,-47.42039937,-45.16496068,-45.74745837,-41.9661616,-43.02300266,-37.93242073,-41.22927624,-32.50941384,-42.86983748,-47.61128627,-28.50552922,-47.67439878,-30.11911256,-48.17962853,-35.53278485,-38.55489074,-45.33237556,-35.44303758,-46.86598455,-34.85751017,-34.58483833,-39.67652851,-46.97683127,-43.42028357,-38.39004432,-41.27419219,-43.02962055,-38.97788853,-45.34116057,-40.40851419,-32.76469052,-45.5293387,-36.65358158,-37.59591847,-46.07802754,-29.92214111,-33.055163,-43.80003384,-40.95434952,-45.78907635,-40.6185477,-46.29089208,-40.569045,-46.20795598,-43.41968971,-47.47600749,-40.69694769)
mX=[200,3](0.02315688132,0.6000335036,0.4962634057,0.2591768016,0.6208134286,0.2787052509,0.1676872917,0.1123595167,0.448726801,0.5535504334,0.8317109065,0.2067745842,0.2204551909,0.2923758176,0.7814454331,0.4718933546,0.8237626859,0.8977494272,0.3489965202,0.4826711591,0.4102188082,0.9500780002,0.143643671,0.3039935516,0.1147871163,0.2077116124,0.5228104077,0.1460380886,0.5869118936,0.05746597845,0.8907949406,0.1838476517,0.9150550381,0.4361095495,0.1019241771,0.5585748642,0.5354000057,0.7689124008,0.5357392398,0.1768065866,0.9164555546,0.3754582795,0.600190057,0.271508649,0.9834055968,0.4801011816,0.5257345929,0.5981539063,0.451038254,0.5559358441,0.5647966201,0.3091548724,0.3382219177,0.3608046892,0.7461028351,0.614686146,0.1677836111,0.09725250395,0.4126649495,0.009136570222,0.5148505226,0.2185411746,0.6790948448,0.5285682114,0.4279024777,0.3486760762,0.7238169055,0.8823702752,0.4017104509,0.6834062468,0.3126449443,0.6032989617,0.2058513672,0.2308179917,0.7163836459,0.5614439764,0.4502049377,0.5187479839,0.312090738,0.1756904532,0.1419713354,0.5811731279,0.750781063,0.2453316804,0.3327103504,0.9375918924,0.06414797683,0.5724596301,0.8756598595,0.8065630938,0.7833183002,0.9856514827,0.9728425339,0.6325903632,0.0982696746,0.3869699565,0.6622356897,0.04809887747,0.3531862075,0.7092098534,0.9057527126,0.5428318455,0.08771739115,0.6882081877,0.6845465225,0.5908731819,0.4670166721,0.131837065,0.8487284022,0.3898780435,0.1097658352,0.04303202705,0.2476466968,0.04987663012,0.8542032746,0.6746493351,0.2872615102,0.8797751136,0.6683733414,0.4803920384,0.2156134963,0.3429275919,0.6992115331,0.9732279489,0.5907135076,0.2519434539,0.1510628522,0.5023131415,0.1717953495,0.1897745096,0.7728654682,0.6592608316,0.7315846377,0.5336108704,0.765177427,0.8331369392,0.6372614285,0.02451042846,0.0547373623,0.7879239184,0.9325154881,0.8205945389,0.6987955853,0.6281730383,0.0342177661,0.8520494204,0.5050450288,0.06634116465,0.5620252303,0.7917013892,0.880146481,0.3648542351,0.2148223722,0.2951247885,0.3231571267,0.7305790977,0.5419600706,0.1328807366,0.6627044764,0.6119597866,0.3570898979,0.9945769653,0.4113912381,0.95078008,0.8634784989,0.9195963287,0.2244094615,0.6133902575,0.8649086204,0.6532388369,0.4619018033,0.9465769216,0.4031453196,0.1972056115,0.2426059551,0.1200554255,0.7495465871,0.3923878917,0.6404680746,0.3224068746,0.8086656247,0.9235246871,0.649915916,0.425495846,0.718205748,0.2245138986,0.7785178987,0.7261396601,0.23588648,0.4925161372,0.9971693131,0.3304080043,0.1279704164,0.7961243803,0.1197412663,0.6572990527,0.03542147031,0.0776112408,0.7552267156,0.308206552,0.9426916402,0.1373460437,0.006683911958,0.6354470498,0.1909083494,0.8114138125,0.5702131424,0.7980440497,0.8983371017,0.7013486226,0.3668947964,0.2576956327,0.7716016575,0.9685747113,0.8025556701,0.9616521566,0.3737075462,0.9766226917,0.9517852819,0.2633362871,0.2807047173,0.9039415544,0.6210869499,0.08081960107,0.439788725,0.3840662909,0.8614983948,0.4500900276,0.9284408415,0.4936615358,0.8591239782,0.4448268841,0.7309009216,0.1512034881,0.4015583319,0.02757689834,0.4709001022,0.5095280735,0.05591060993,0.09054558036,0.2736626024,0.9618254681,0.8414059329,0.904244826,0.4741752781,0.9261924218,0.7601785241,0.5703782455,0.08809142314,0.7113980274,0.5131233518,0.7218354921,0.2350636473,0.4332925208,0.8117679589,0.1044545436,0.946207318,0.01014413995,0.9920443041,0.5404777552,0.268734458,0.9882888105,0.06130246506,0.8283911984,0.9392218696,0.1938634415,0.8395444998,0.64125203,0.4495050625,0.392529385,0.01844033863,0.3798997954,0.8786010617,0.285445534,0.8407977629,0.4294171061,0.6953684191,0.7062836489,0.5819626043,0.3228095842,0.3908050772,0.8862268208,0.4609833754,0.1695590943,0.03118523817,0.814680964,0.01256514502,0.7562742397,0.6787265786,0.7432456368,0.1274023265,0.07703044382,0.1539104675,0.2971923552,0.006907291489,0.0764247845,0.3142526531,0.3501817541,0.2679267454,0.1819918341,0.9999779785,0.335989719,0.4746828023,9.698335571e-05,0.344909856,0.4830895015,0.9999802705,0.615945297,0.2083159662,0.9999883493,0.6148809474,0.2090927993,0.9999872204,0.5245752552,0.2940830492,8.689386889e-05,0.5864236904,0.2458452337,0.999978075,0.5091634452,0.3372253819,0.99997813,0.3195537437,0.5136736778,9.69686427e-05,0.337883913,0.5734658433,9.062759001e-05,0.5219357124,0.3175440066,0.9999780984,0.3962171144,0.4338254557,9.696458847e-05,0.3712795602,0.4472824688,0.9999779691,0.5699082383,0.3946306375,0.9999781393,0.4049727089,0.6093737116,9.690867633e-05,0.5590810854,0.4164489923,0.9999779784,0.4708923576,0.4926887859,9.694096464e-05,0.2795559906,0.5611345284,0.999978122,0.2561676237,0.5187037758,0.9999779803,0.362108439,0.4180751773,9.722525395e-05,0.4472604078,0.5109113567,0.9999691276,0.626953309,0.2001454236,0.9999660213,0.6268824249,0.2000341748,0.9999812042,0.6243209905,0.2023085307,0.9999773402,0.5776373002,0.238289252,0.9999799705,0.5337027101,0.2790857573,9.728374066e-05,0.4171633674,0.6215874224,9.702649293e-05,0.3179158615,0.4537265633,0.9999781913,0.4491052047,0.5444720184,0.9999782299,0.320814685,0.6524179471,0.007833191367,0.62188664,0.2201653694,0.9999785355,0.4954172761,0.3289934084,0.999977991,0.5193388622,0.4520761231,9.7095649e-05,0.6021661604,0.3847374663,9.729331497e-05,0.4928529818,0.4776892451,9.708276722e-05,0.2228822334,0.6016827625,0.9999844271,0.2500857569,0.5566792052,0.9999780138,0.6322317614,0.375329518,0.9999779571,0.4535181082,0.3728691802,0.9999780202,0.5269123207,0.5152249479,0.2667821493,0.3520858643,0.5263792245,0.06710282597,0.5534821789,0.2697631833,0.9999780176,0.4740294765,0.6407956891,0.8855378803,0.316737495,0.4574954967,0.0001057219055,0.4421016406,0.3957268939,0.9999780255,0.5082269776,0.4460819002,9.697238687e-05,0.4551112903,0.569262319,0.9999783662,0.2053552024,0.6471777038,0.9999779701,0.3712117933,0.553426305,0.9999663584,0.64325341,0.1879888599,0.9999638574,0.6402475959,0.19040248,0.9999710455,0.5817212018,0.2336584237,9.698082128e-05,0.265327434,0.6198947006,0.9999679928,0.6467401283,0.1847653106,0.9999775338,0.5484483328,0.2651197092,0.4817639583,0.459293991,0.4635389544,0.9999795696,0.501913162,0.3193572552,0.9999780006,0.6387317249,0.3857907077,0.22146236,0.2780013784,0.5062692364,0.2989283497,0.5032166608,0.3226249053,0.9999827289,0.5652689639,0.5285929775,0.03851420735,0.5978919252,0.4539119325,0.9999779922,0.3607762823,0.5640353815,0.9999781232,0.4604502341,0.4213113952,0.9999781187,0.2986888105,0.7099543101,0.5898152954,0.4083076216,0.4903341107,9.729467371e-05,0.4588610767,0.6436744801,0.9999780612,0.5153895135,0.3791027686,0.999977983,0.1928131023,0.5731786632,0.4509239539,0.3502034832,0.4284956695,0.3453575348,0.3719675294,0.5469358449,9.701695831e-05,0.2059817678,0.6146632803,0.9999791911,0.5621784765,0.4575159294,0.3123688992,0.6392830629,0.3657511691,9.011190169e-05,0.5612248182,0.5353581213,0.9999782192,0.5118258195,0.5899993934,0.9999780087,0.4243385243,0.4921581348,0.3338051398,0.4802892773,0.4365871614,0.9999722207,0.4961502632,0.3085515733,0.9034254268,0.3409684933,0.6132395595,0.3843953601,0.2714517831,0.5138544523,0.229488726,0.4859201202,0.3593540181,0.4507554862,0.4096612425,0.5302057785,0.9999832453,0.6206913683,0.4332778686,0.9999844313,0.2844318974,0.4717040663,0.5328051942,0.4799720397,0.4726614757,0.1179308667,0.3303939975,0.6282545434,0.9999780723,0.592763031,0.5260805083,0.9999780701,0.4470508443,0.3917754765,0.9999783416,0.186125562,0.7006690729,0.9998247303,0.431382647,0.669350218,0.9999655572,0.643047003,0.1842895223,0.9999774359,0.597541495,0.2185729417,0.9987618902,0.5858695279,0.2071396345,0.9998831225,0.6182789252,0.1953485842,0.9997843279,0.5987405612,0.2536351472,1,0.6050528411,0.3136774245,0.6431112167,0.3272943076,0.5662038666,0.5402991297,0.5164661584,0.4225887207,0.6559280442,0.4275772857,0.5147267406,0.2504759018,0.2261653784,0.5570647325)
