mCurrentIter=100
mCounterStuck=0
mYPrev=-45.41139343
mParameters.n_iterations=100
mParameters.n_inner_iterations=1000
mParameters.n_init_samples=100
mParameters.n_iter_relearn=1
mParameters.init_method=1
mParameters.surr_name=sGaussianProcessML
mParameters.sigma_s=1
mParameters.noise=1
mParameters.alpha=1
mParameters.beta=1
mParameters.sc_type=SC_MTL
mParameters.l_type=L_EMPIRICAL
mParameters.l_all=0
mParameters.epsilon=0
mParameters.force_jump=20
mParameters.kernel.name=kMaternARD5
mParameters.kernel.hp_mean=[1](1)
mParameters.kernel.hp_std=[1](10)
mParameters.mean.name=mConst
mParameters.mean.coef_mean=[1](1)
mParameters.mean.coef_std=[1](1000)
mParameters.crit_name=cEI
mParameters.crit_params=[0]()
mY=[200](682.039654,2110.181792,-7.970077072,-52.96471213,-50.2795504,1910.094723,9.520588769,111.2802074,116.0541313,-49.86681133,320.698394,-7.950724685,-4.504973995,-44.38952238,29.82329491,11.81063005,40.88474639,11.75056887,1386.066562,33.08284783,9.474587853,2069.525333,1739.325976,-23.57038878,68.49266127,-21.14538715,2.688363,33.6490752,2.520736656,-34.71716113,285.8859688,21.32649571,31.97958078,63.44694607,28.99320475,23.09214839,-13.56663692,-4.911057129,1.904077029,553.6526652,0.4634089502,19.07945955,-32.2486808,-18.75861566,3.572331248,57.90654262,-34.11364096,-30.87503488,-2.544576317,13.68459195,19.64656837,-8.739378356,6.040052793,144.2280547,-23.29539369,41.9503807,3.552432069,-6.597203533,-19.71737558,1779.837091,2.113502339,2431.52852,-6.882496229,45.47177672,-24.83988515,36.48258719,46.47164401,-28.52791817,-47.3834781,210.162049,36.13475082,-31.36149255,33.68271039,35.51813876,58.69837275,28.26226769,-25.64924743,3.655270083,10.17177607,40.24593327,-47.44381859,16.70396062,9.541436059,7.212964939,31.91917874,-43.16186214,-47.52121034,-47.34899487,-47.21017727,35.55856043,-33.05661466,37.28426006,22.78064588,-5.401596389,-16.66403307,-44.71530564,-37.2868637,28.76269223,-15.32691273,321.1390915,-46.47650718,-48.93664757,-45.47248922,-27.91335179,-50.20519099,-37.19671352,-28.56137922,-49.06262536,-42.2291802,-49.21031118,-25.30528892,-42.68073488,-43.59855012,-53.81365665,-11.67719543,-42.61217087,-21.48434285,-46.32807327,-5.888507671,-53.50142003,-36.17979042,-48.42613216,-44.35650656,-45.84083914,-34.19507855,-18.90658447,-34.85256188,-29.91955286,-51.63160028,-41.83105432,-40.52255075,-38.41867069,-9.928716165,-49.74332815,-33.70311894,-7.291916659,-54.57615922,-44.27550676,-14.30182202,-43.00779265,-47.16539071,-48.8739979,-47.06971106,-32.4350443,-53.1186578,-49.62584008,-42.5686768,-23.41575222,-39.11835774,-28.18849373,-35.64285576,-51.31444454,-38.13206509,-50.30330516,-16.73810505,-43.35010418,-41.83195454,-44.7760991,-41.70919303,-39.8660751,-8.807619524,-21.26495937,-35.36091632,-53.40119826,-50.82296809,-41.21562997,-46.58060358,-49.97413948,-52.9454124,-40.16392948,-48.02323129,-41.39546415,-50.75300581,-31.80993405,-44.49056126,-46.31937922,-23.72437435,-54.51528975,-47.62193399,-21.47462241,-52.23291517,-36.06936022,-39.90501137,-40.0076775,-40.9482149,-50.73121589,-42.72484779,-52.21794919,-32.54020106,-44.81886423,-48.6869687,-41.52654631,-51.41546355,-52.79248226,-38.51412929,-28.21598469,-44.41785363,-41.89027325,-51.80888478,-45.41139343)
mX=[200,3](0.2916219126,0.3023262279,0.05344380799,0.268023089,0.1905933876,0.04450061023,0.3275886939,0.5921873081,0.7087959786,0.1336805969,0.3766702647,0.4000130941,0.04578295701,0.2232487224,0.4596299668,0.8846149952,0.1467424542,0.09577538657,0.08128345888,0.05075549318,0.8485919909,0.6751623927,0.2575477093,0.1998449914,0.1126369841,0.03272215766,0.396991273,0.06533050479,0.434366892,0.4350538866,0.9797215986,0.04897617219,0.3489315769,0.5272118267,0.7901823118,0.3190448062,0.8172147671,0.8069030826,0.4200894434,0.6207608047,0.4423325302,0.5220089773,0.695017968,0.08217340098,0.511087352,0.3083302565,0.06847998468,0.497376016,0.3572720966,0.9958308321,0.5490136681,0.9174848332,0.4975453659,0.8515272167,0.5424575735,0.09038754341,0.1467342679,0.09871763821,0.9687413801,0.2621300942,0.9937689204,0.7525771168,0.7356066628,0.8639921108,0.8197433052,0.003219881756,0.2203356959,0.01001660168,0.1690457136,0.009756946459,0.5392673578,0.6160741683,0.9418123512,0.977473675,0.984397544,0.9858289788,0.3831386024,0.2887930331,0.9081205383,0.1111717917,0.7823197895,0.1229243401,0.4855163906,0.9483391361,0.606657792,0.5518472983,0.7906769356,0.03403184882,0.5781238484,0.487971529,0.318710317,0.7859486149,0.01640892895,0.05130612315,0.7707762987,0.7690645471,0.6445515955,0.9579541515,0.575629372,0.9388874327,0.210457803,0.3793231657,0.4193128236,0.9413645752,0.2970945142,0.407510506,0.3567335027,0.9248699164,0.580040724,0.3312960724,0.2393934163,0.8028227233,0.6125523431,0.7179070301,0.2351414212,0.203504451,0.3049624685,0.8553528462,0.1576108266,0.2142394967,0.5161701212,0.7434979639,0.6347520505,0.7683560104,0.2434282721,0.8943873303,0.7533658701,0.3111327543,0.5693966218,0.7947327583,0.2752134987,0.3565345627,0.8268668952,0.7141162305,0.7204912505,0.9217236096,0.9116377542,0.9615001388,0.2850424389,0.5420768958,0.5513068236,0.4877311572,0.3943506327,0.2092202055,0.4971855386,0.4232257637,0.136067176,0.5782626049,0.8682549403,0.08528613443,0.5590714559,0.8502902443,0.0799533763,0.426357271,0.6398798352,0.6754049529,0.5394794809,0.164717445,0.8292239509,0.6575477015,0.2822316267,0.1501908911,0.6803026511,0.566794842,0.622143163,0.4556470979,0.9800877203,0.6490071263,0.8445482815,0.7237845134,0.6981992904,0.8978736959,0.6919390508,0.6560648295,0.1796655897,0.6098475167,0.5975524697,0.2087556415,0.1822957997,0.06645262977,0.7421174388,0.328693171,0.2283883381,0.734149511,0.122201827,0.0381706267,0.3738141132,0.1327433565,0.7545260846,0.2185268935,0.8207413019,0.9033138331,0.8340245394,0.6821537945,0.102821792,0.6625648078,0.9267631023,0.7404470052,0.630961435,0.893240148,0.8722023619,0.1882180215,0.6666061526,0.3857870349,0.502860406,0.5096910956,0.2466496999,0.2564206341,0.8373122804,0.02146374031,0.3358372774,0.7651584791,0.8845848945,0.7899681898,0.5110067212,0.589331478,0.5697764746,0.2304888709,0.2544714211,0.1587941136,0.8493196639,0.8048284828,0.6118368592,0.8751272945,0.9751787854,0.01283438548,0.9364228809,0.1297503299,0.108359512,0.7013562204,0.2755623813,0.4412145676,0.4597892678,0.816814158,0.7291591626,0.07904738688,0.8373449042,0.9673647305,0.475029644,0.9947772908,0.7031800094,0.4675292454,0.4621654256,0.2722237394,0.8821387537,0.1730194423,0.3615275652,0.2949167098,0.8622323217,0.2405549984,0.6228098159,0.7739380793,0.7175511379,0.4158173696,0.9577270533,0.02380363452,0.5817246577,0.332965237,0.07940833976,0.3498391229,0.5343065864,0.7755657354,0.5253430342,0.3299717792,0.3826477296,0.4047713029,0.5072582695,0.4798353708,0.1033927896,0.4142215824,0.9557876112,0.6550825773,0.3642945728,0.5912154733,0.6783510131,0.9383379827,0.3473761762,0.0005076637492,0.9123684959,0.1640130853,0.02760651063,0.681077114,0.3901322576,0.738277571,0.1841970804,0.1423195673,0.1718321839,0.4495600131,0.8787690182,0.3612697592,0.4732972944,0.4626240373,0.9099825997,0.6636792229,0.1914155309,0.6459798504,0.6031649292,0.4338540555,0.2671294459,0.1182263752,9.703980628e-05,0.4198080527,0.2955925721,0.2614593262,0.4124753726,0.2988845114,0.03348835162,0.5145617074,0.2375608477,0.9999779936,0.4172016782,0.3023305071,9.729246918e-05,0.3654991127,0.340104567,0.9999779763,0.5119270279,0.2374537123,9.70171947e-05,0.2983062426,0.668640295,9.729801991e-05,0.4327567794,0.2755474281,9.718475878e-05,0.6110061323,0.2268449608,9.690995338e-05,0.3415932574,0.3749031566,0.9999780057,0.3842357896,0.3399907237,9.703536932e-05,0.4601530186,0.2502819641,8.975011717e-05,0.2236611592,0.5754807215,9.700662172e-05,0.3004907385,0.4557560152,0.9999836928,0.3540319263,0.6863053546,0.9999779907,0.461851102,0.2508159283,9.694993872e-05,0.7407496916,0.2396606401,9.587853004e-05,0.3755858556,0.3166394785,0.9999780034,0.2622531482,0.5106521416,5.625496003e-05,0.3179569443,0.4142050798,0.9999779839,0.6128319375,0.2521418315,9.707105644e-05,0.4970591302,0.3808903489,0.0001593696887,0.5285414094,0.2247437839,0.5823463096,0.4170576156,0.2724347847,9.722253687e-05,0.3959468687,0.6175466773,0.9999779585,0.3660684801,0.3796777552,9.696148181e-05,0.1934087449,0.6300804757,0.9999780121,0.6368216003,0.4794279658,9.680251415e-05,0.2804139294,0.5036239656,9.762322859e-05,0.4066606054,0.2826050131,0.9999780251,0.5254706796,0.4066327999,9.695120174e-05,0.6204821142,0.2548266999,9.697235742e-05,0.7353109371,0.4978732847,9.707939397e-05,0.3429052702,0.3478859816,0.9999779878,0.451153017,0.2522034058,0.9999781024,0.2072557438,0.6415322087,3.703461914e-05,0.3164935541,0.4569706507,9.68052658e-05,0.5128872035,0.4378265766,9.697736024e-05,0.3174850442,0.7421647441,9.65195112e-05,0.3924074427,0.5493909149,9.694111607e-05,0.513405909,0.3152329819,9.689697954e-05,0.2401660898,0.5298495301,9.838690692e-05,0.3725034057,0.3117264324,0.9999846355,0.677709033,0.2711488018,9.98670388e-05,0.3121064218,0.4208821157,9.678035727e-05,0.4135400108,0.4627153253,9.703602971e-05,0.4715925519,0.232378272,0.9999773866,0.4103026477,0.6045754024,9.696502723e-05,0.5830273545,0.4129235805,0.9999975453,0.4306808377,0.261281622,0.9999779927,0.5325520266,0.4872507458,9.695429353e-05,0.4396157026,0.3775441781,7.862908008e-05,0.6131768525,0.2160397284,8.938912408e-05,0.2893032599,0.5132108618,0.9999772456,0.3325873104,0.4372728884,9.672324754e-05,0.4632813715,0.5090435433,9.694829121e-05,0.5878861233,0.308217343,9.747930252e-05,0.3544493978,0.3196872777,9.671592901e-05,0.3060597171,0.5873890104,0.9999779625,0.5618231876,0.3101305719,9.68636036e-05,0.7948103503,0.239486367,9.704601224e-05,0.4382924673,0.6847006805,9.80294428e-05,0.4338979064,0.2545930355,9.67803472e-05,0.3004456015,0.4086206355,9.70595836e-05,0.3734957249,0.4753406899,0.6784574885,0.363896413,0.3103617152,0.0001034375616,0.2079456308,0.5386028811,9.699708337e-05,0.462792144,0.3729740092,0,0.2877814166,0.4743297669,9.694501277e-05,0.5038011502,0.4915120423,0.8833486225,0.5352173617,0.2170935918,0.9999780106,0.4844950227,0.3812395846,0.0001054046993,0.3249235042,0.3741126123,9.544815687e-05,0.6628801348,0.3239098016,9.655944096e-05,0.3657882817,0.5546992092,9.69108517e-05,0.508082246,0.2862078984,0.0001013478648,0.2136778273,0.6963894314,9.682255609e-05,0.3977261821,0.4282673896,0.4721427352,0.4155502279,0.2628138231,0.9999780945,0.674244021,0.5111096929,9.770069959e-05,0.2589875532,0.4685960703,9.703282328e-05,0.6038189667,0.4369449148,0.999978095,0.5926162254,0.2560012857,0.9999778576,0.585266,0.3952430471,9.691827841e-05,0.1844571811,0.5744280171,9.704750885e-05,0.3546133644,0.4881497802,0.3070161397,0.506306592,0.2101150078,9.675339382e-05,0.4282373749,0.4040610383,0.9999782442,0.4749683395,0.5100036632,9.752404725e-05,0.368355886,0.2993940607,9.724245512e-05,0.5076424564,0.3333818404,9.685016894e-05,0.2978041452,0.5870708474,9.680909828e-05,0.2445187055,0.4901213075,0.0001036850041,0.3086920679,0.3909353948,9.273643528e-05,0.449821325,0.5629425104,9.118430393e-05,0.6689948601,0.2222142554,0.571241839,0.4344878406,0.2446941411,0.7213358329,0.3569816689,0.3161057156,9.665384309e-05,0.3755878679,0.4544060824,9.699106802e-05,0.4993687476,0.4381420657)
