mCurrentIter=100
mCounterStuck=0
mYPrev=-50.97573887
mParameters.n_iterations=100
mParameters.n_inner_iterations=1000
mParameters.n_init_samples=100
mParameters.n_iter_relearn=1
mParameters.init_method=1
mParameters.surr_name=sGaussianProcessML
mParameters.sigma_s=1
mParameters.noise=1
mParameters.alpha=1
mParameters.beta=1
mParameters.sc_type=SC_MTL
mParameters.l_type=L_EMPIRICAL
mParameters.l_all=0
mParameters.epsilon=0
mParameters.force_jump=20
mParameters.kernel.name=kMaternARD5
mParameters.kernel.hp_mean=[1](1)
mParameters.kernel.hp_std=[1](10)
mParameters.mean.name=mConst
mParameters.mean.coef_mean=[1](1)
mParameters.mean.coef_std=[1](1000)
mParameters.crit_name=cEI
mParameters.crit_params=[0]()
mY=[200](2589.383806,24.2826648,1306.073201,-43.39956316,-21.0708537,168.5216685,38.32656747,362.1066583,4.035554402,2129.861726,21.74090231,9.209047624,-36.44897766,-38.98477739,-0.01098024247,40.41694225,-4.987125067,-43.00110045,64.58677527,-29.83825808,5.663906016,6.284812584,-1.13411037,-28.5495569,-29.0523587,-8.216679109,-27.86027384,-39.02944412,12.69468229,1073.005838,22.13715725,6.460833386,209.5912053,-29.00496671,-0.130738989,-45.80212977,-23.90064305,-43.90345066,-43.45468426,-20.57751964,-18.83990132,-32.05629005,1.225796337,-44.16224806,19.89010855,-39.01116013,-32.54676714,358.2206948,341.0101561,28.76962867,8.387884848,-8.689939457,-30.41706937,592.1899522,-28.10682455,5.80850038,13.81701456,-16.98539866,-1.088013687,3.697543326,53.6564286,705.2060016,6.302888198,14.34852501,-34.86546104,171.8507595,-38.4327105,-12.35174297,23.90386923,2.476981675,18.54226979,-14.81121876,28.54572906,0.8755426405,25.94477722,-18.90543335,19.61641101,-32.26542117,4.947294644,122.9798507,24.24298002,-37.56218578,3510.348946,-38.09445919,21.2111465,-53.3983031,458.2270895,27.7790715,-4.908584163,40.98525328,16.81834347,2953.557063,-24.16021262,11.10687397,58.14405766,636.5015529,226.2044705,-8.415240967,-4.017429023,-40.62436476,-43.87778852,-47.71181556,-36.85258164,-50.6761552,-48.02377189,-51.33130849,-33.3396054,-49.64011284,-39.15123262,-47.65765729,-49.7287403,-28.72453179,-47.90386539,-47.41611391,-46.50568238,-43.99645427,-48.69458056,-13.50278469,-46.53809758,-41.13924178,-45.37276772,-42.66612149,-45.51934526,-35.00000635,-44.71505467,-46.27691631,-51.06995158,-37.98328454,-17.78843804,-28.68605268,-50.04320837,-37.26420524,-49.14939121,-47.16856474,-40.3977583,-47.70903778,-44.77950985,-12.03722906,-46.48793796,-43.17667545,-47.77341389,-41.89178126,-34.04969568,-51.67912352,-49.71728654,-51.04122141,-39.35165611,-46.422834,-41.65194024,-48.35098109,-35.49267899,-33.025597,-31.06776749,-16.56058104,-32.478207,-50.9646785,-42.35384567,-33.89799406,-49.12104455,-51.71981139,-48.23252285,-50.26765607,-45.87273959,1.63500535,-51.43907852,-43.19341208,-44.46615795,-28.83304291,-48.53715853,-46.50100641,-35.26945042,-23.20391436,-47.76482916,-35.90747069,-51.6141159,-48.25855701,-46.47216552,-36.41720351,-45.40985513,-41.55429445,-50.14307977,-48.17763914,-48.61176071,-48.29173391,-48.41947808,-48.25556338,-48.43390987,-20.11922849,-33.21472628,-46.534455,-47.85042631,-41.91756002,-50.69388072,-45.25734125,-28.49926501,-49.62335411,-41.62686411,-47.8283145,-31.60067837,-50.97573887)
mX=[200,3](0.4336612998,0.04116345908,0.09870874923,0.1932094439,0.9253220693,0.07589587508,0.7912637038,0.1487227859,0.1642090858,0.2325837224,0.6408585095,0.1180315019,0.09846075576,0.7389761706,0.1572042688,0.977267079,0.1381560833,0.4474472106,0.3750325584,0.9522369941,0.8269302931,0.1095153324,0.2582270922,0.1779034177,0.6573110112,0.3073244385,0.849687476,0.1481960218,0.2110283665,0.03479596446,0.1562762964,0.2413723681,0.9530980892,0.7143592894,0.189550984,0.6118464235,0.1209978661,0.4799400528,0.601620504,0.7822895735,0.4519066214,0.4819889075,0.5415086489,0.1712641539,0.6384144026,0.1895857323,0.9854598765,0.7802582204,0.3028941797,0.8649988209,0.2736060409,0.1759624484,0.6534514874,0.3150363119,0.01065172595,0.2671114327,0.29035531,0.515276373,0.2979343033,0.4333413795,0.1396838693,0.7520590106,0.7522970373,0.7276410795,0.08291973444,0.7475409129,0.9466927522,0.4471081699,0.7998174571,0.1653242353,0.4822903895,0.6519768163,0.6146974304,0.3682843878,0.6296048431,0.2637993243,0.8407589068,0.2201238375,0.3976032087,0.287105296,0.5991093271,0.6365560463,0.5599333584,0.5585604113,0.08101572388,0.3160361724,0.9092940715,0.338097087,0.1021916521,0.2030972574,0.6646843976,0.1289349085,0.9428639019,0.9200664138,0.3944438703,0.8543270715,0.4943232303,0.9086283968,0.02359859634,0.5369452519,0.6328026207,0.06859538761,0.6241432286,0.8892874283,0.3649316644,0.3626375613,0.5839950993,0.4600291117,0.2262479975,0.3573538789,0.6999290169,0.5762424959,0.560616118,0.4936391872,0.5094893785,0.5401014104,0.2138882989,0.07924936251,0.5136453412,0.709539775,0.8759887721,0.8025203684,0.1431243922,0.8933172998,0.6163175743,0.5034680247,0.4082662075,0.2769660465,0.3436941827,0.7361092254,0.5762274844,0.4735147633,0.7593524308,0.01544892545,0.9262340939,0.4636861613,0.3257423248,0.5397722785,0.4574434524,0.7182606897,0.3779572717,0.7692564511,0.1977053379,0.2679089392,0.3119066766,0.03366772349,0.3856285799,0.9330077037,0.2019377843,0.5762200895,0.6993769111,0.8233819993,0.7275053914,0.4245431214,0.8103369733,0.5228039594,0.9540591092,0.6901094606,0.4576268382,0.3855209189,0.1598084571,0.2307138284,0.7005933154,0.4213773642,0.2437626502,0.8267237136,0.8970553168,0.1275494784,0.292541039,0.05502716611,0.8859055226,0.2564210494,0.2283278638,0.6679675104,0.9922365071,0.8784255923,0.3030294569,0.3418945052,0.07362141682,0.7653762825,0.8490563135,0.09165670142,0.5678478857,0.9650541394,0.1600636592,0.2575863635,0.5648656388,0.3703180857,0.8729616638,0.6714034586,0.7958207834,0.8087240983,0.9090435084,0.6025304506,0.5411607227,0.8131176893,0.2376860081,0.3289245467,0.02314202521,0.3403965594,0.4133851533,0.6838266224,0.7401556271,0.6470235667,0.2067345648,0.5905929625,0.9322074497,0.8550695715,0.4937256531,0.1041896156,0.2441445237,0.9413499317,0.5821831087,0.5577759695,0.6255737632,0.7117723252,0.597541152,0.4130436857,0.9904278573,0.2130271116,0.7853723678,0.6749910121,0.9195656631,0.7648174728,0.9164628743,0.1102146237,0.7760024667,0.4264289894,0.8845432972,0.9701886953,0.3986021901,0.8661003381,0.5019080876,0.1950398095,0.8395712774,0.382301512,0.8392131234,0.05177199941,0.9925532857,0.04047674018,0.04956153568,0.3306903344,0.9634966713,0.4782648689,0.6888783185,0.2881542801,0.001353534365,0.02731641623,0.00484736712,0.3560748401,0.6635392047,0.1890435553,0.6401804719,0.9618249203,0.5193406541,0.4174701797,0.532919464,0.3505887851,0.03047543718,0.8340740232,0.0175014515,0.5257672901,0.5230102792,0.9729753195,0.8080825669,0.7083961776,0.7369624309,0.2730469632,0.9102074153,0.8914457594,0.7463587509,0.8527376844,0.7721809879,0.4898313356,0.06942535528,0.05036423206,0.9876994401,0.4656533395,0.4024757141,0.7717347315,0.1141595448,0.8601252237,0.06691766159,0.9336122042,0.9820748243,0.5821804626,0.002272565379,0.3348751041,0.603265301,0.4038704625,0.08149805273,0.2824563425,0.7280484354,0.6812254384,0.3239675951,0.4321402276,0.8171152499,0.4445719111,0.6708134076,0.1332458107,0.8508590959,0.5694359313,0.2802007391,0.06728653669,0.4992119215,0.3333531329,0.9999777955,0.6070016648,0.254768114,0.03586196499,0.4800408673,0.3525567541,0.6516134448,0.5808043313,0.2663448009,9.710393303e-05,0.4526506233,0.3887244955,0.8893208647,0.5151196792,0.3209653046,0.01065943502,0.5751008033,0.2671996303,0.9999719026,0.6439029799,0.2293794635,9.748260381e-05,0.4289689597,0.4324701905,0.6642687764,0.469423498,0.3534720869,0.9999704493,0.6402346275,0.2278226371,8.897864969e-05,0.5619615928,0.2794561059,9.692292161e-05,0.4192866815,0.4640606709,0.6134583341,0.4617317551,0.3598002164,9.073971879e-05,0.6018629381,0.2526655183,9.701102334e-05,0.4705997337,0.3608505477,0.9999779951,0.4146572317,0.4429928454,0.1981396086,0.555458962,0.2758454547,0.8902637031,0.6425294209,0.2101523748,9.694397984e-05,0.4175140716,0.5069280469,0.8384472605,0.5266575529,0.3063179938,9.702216975e-05,0.578188623,0.3936660826,0.9999780353,0.6841369892,0.2463599414,9.708750733e-05,0.4367806711,0.3842827048,9.666709736e-05,0.4170700872,0.5159763551,0.7355429651,0.5108132971,0.3156804205,9.545142106e-05,0.6224646398,0.2387367545,0.9999780928,0.4327030297,0.5813944372,9.667440278e-05,0.6377040575,0.5443307441,9.754493901e-05,0.4409525864,0.3805489584,0.9999779422,0.6321710134,0.3468931655,0.1497041188,0.5039064676,0.3125307804,9.02398092e-05,0.5304152408,0.4351881366,0.9999630317,0.6166756826,0.212265403,0.1965280968,0.6060776583,0.2332875896,0.7014026459,0.4320082689,0.3915774559,9.705799526e-05,0.2656144541,0.7576347621,9.684092939e-05,0.3837276596,0.4769782217,9.703961809e-05,0.6245726018,0.3675993704,0.3765034368,0.5194770294,0.2941525069,9.703200811e-05,0.4947091378,0.5211205404,0.03947631397,0.6938218578,0.2623321115,0.4647228554,0.4332326466,0.3858880839,0.6440338005,0.5227350942,0.2951137226,0.0001099886406,0.4205601488,0.4049901209,0.9999766307,0.583084276,0.3691592517,9.671708638e-05,0.4996807742,0.3168291552,9.843957322e-05,0.3844337538,0.5567624505,9.693922151e-05,0.5304758479,0.4355936201,0.9999787478,0.6245661664,0.2077822764,0.8439461036,0.4120932004,0.4684780004,9.683706894e-05,0.5942422336,0.5905193834,0.9999781805,0.4868902086,0.6496375651,0.9999779701,0.7221429827,0.2711425319,0.376573123,0.4584889301,0.3470604815,0.1742283652,0.5310271969,0.2728047277,9.683903981e-05,0.6666083358,0.4457937925,8.771530311e-05,0.4072074614,0.4249751084,0.4977006681,0.530204207,0.3909005844,9.699347165e-05,0.494253733,0.4751932535,0.4246331359,0.6027491963,0.2232585036,0.5643138123,0.5986448471,0.2227938319,0.9999780265,0.2717852929,0.7418306651,0.4906148113,0.4503240657,0.3577132844,9.699427315e-05,0.6118466237,0.341890065,9.687023008e-05,0.3564733771,0.4923730752,0.9999780151,0.7113618605,0.3561559563,0.667229783,0.5220471416,0.3028810941,9.702963528e-05,0.4242612383,0.3793368672,9.63089146e-05,0.3896645171,0.6079792162,9.705805079e-05,0.6996485291,0.5303263609,9.697306109e-05,0.5000857164,0.4650553388,0.8606051683,0.4263976118,0.5065762954,0.5483269287,0.5304754288,0.3963196308,9.85427659e-05,0.4900969515,0.3222766984,0.4572964292,0.5976591817,0.223929406,0.064341141,0.7019857261,0.2628714106,0.7883380927,0.5622813907,0.257304646,9.703287924e-05,0.5028224352,0.5450817539,0.48451268,0.4169722149,0.4044158453,9.698800436e-05,0.549091158,0.3852498796,0.3838116541,0.6091069846,0.2156266584,9.708576414e-05,0.4018393942,0.4221714462,0.562997551,0.4634492143,0.341735243,0.4945229458,0.5910601372,0.3166519949,0.5241421122,0.4915971587,0.4360126015,0.9999780067,0.7184022356,0.5406438026,0.9999769341,0.6613180873,0.1963046044,9.729583923e-05,0.4758564619,0.3299022426,9.679026553e-05,0.4968775745,0.4536006794,9.695966291e-05,0.3593113472,0.506501874,0.4877828301,0.5607157435,0.2533949047,0.5678145298,0.5807731825,0.3797923811,9.684119199e-05,0.5691415031,0.6155294581,0.2180132148,0.5524197694,0.2595823161,0.7068870604,0.4638905099,0.5295925589,0.4878725809,0.4232124627,0.3955560835,9.144993544e-05,0.7155281444,0.3262396244,9.782102491e-05,0.4430433876,0.3654554276)
