mCurrentIter=100
mCounterStuck=0
mYPrev=-32.43214868
mParameters.n_iterations=100
mParameters.n_inner_iterations=1000
mParameters.n_init_samples=100
mParameters.n_iter_relearn=1
mParameters.init_method=1
mParameters.surr_name=sGaussianProcessML
mParameters.sigma_s=1
mParameters.noise=1
mParameters.alpha=1
mParameters.beta=1
mParameters.sc_type=SC_MTL
mParameters.l_type=L_EMPIRICAL
mParameters.l_all=0
mParameters.epsilon=0
mParameters.force_jump=20
mParameters.kernel.name=kMaternARD5
mParameters.kernel.hp_mean=[1](1)
mParameters.kernel.hp_std=[1](10)
mParameters.mean.name=mConst
mParameters.mean.coef_mean=[1](1)
mParameters.mean.coef_std=[1](1000)
mParameters.crit_name=cEI
mParameters.crit_params=[0]()
mY=[200](-18.96826488,1060.091863,347.5664318,2800.306067,33.00824371,2.195261808,204.0477199,-25.59413767,9.833020552,26.67717706,-14.43316528,3519.640238,-22.56263482,122.8901433,-15.00475735,100.8568333,-6.03878256,288.2029776,0.07573543683,12.89059075,-16.25156153,10.65827277,-32.79022983,-1.035940655,1085.553479,23.4524049,35.72845863,10.85076776,32.36616459,-11.24159714,-31.29934785,-24.88984238,14.93275831,-5.62685411,12.58778075,-8.487477431,34.00921039,16.14699032,40.42018382,5.681107064,28.67522746,-27.72783819,46.34923519,15.05702358,-2.053637649,45.13916156,2.436528411,8.353970981,126.6928305,15.29988359,-27.31279544,-11.22134905,140.4222444,14.48155734,2485.828711,-25.24215069,-23.15736615,39.63994001,-14.85227871,-13.70511587,-25.62234482,-1.627312608,410.9453929,91.41801749,-8.3972935,1279.052418,-30.60376921,231.2200253,-24.51355308,20.49807045,19.50081368,49.36631478,372.0258115,11.52405825,15.22502821,53.96381295,29.80537014,2394.203929,406.7200978,-11.60153474,44.54596609,22.61148174,-37.30376271,20.45349758,2.081297948,20.10800489,50.1511544,545.0664187,-22.32891437,10.19721049,39.12171795,27.79321187,-15.79582484,1053.234197,10.13270126,723.8828282,0.2130129446,16.421767,-33.87851828,17.82235408,-35.16040555,-34.35806377,-30.4868202,-29.92946084,-27.63525955,-33.32784322,-27.70490815,-27.83116967,-29.03741041,-28.43288217,-31.93090969,-30.20882867,-23.50994703,-30.31129435,-28.11374871,-29.69300201,-9.311598628,-32.21793103,-32.08207215,-30.51118337,-26.2620902,-26.40424628,-18.80293064,-25.22817019,-21.70898149,-31.76997959,-25.33390658,-23.03387125,-28.27808937,-20.24244557,-23.50452091,1.724238515,-26.57334471,-29.92515022,-31.22008579,-26.54428027,-20.36328529,-15.54477848,-0.8049485547,-24.75438412,-36.24345451,-33.95001381,-19.08998819,-37.18598586,-4.345689361,-33.12827548,-16.62224075,-20.26968426,-32.39802691,-33.77454963,-34.15537639,-26.48337272,-21.75282301,-29.17440342,-30.31651285,-24.65836861,-22.86590179,-26.81577625,-14.59348679,-8.731672944,-31.07480652,-29.0354813,-29.90106974,-29.64245315,1.291097075,-28.72079937,-32.58340652,-23.88014051,-3.376761257,-16.65216516,-9.675296042,-22.73731659,-22.88232232,-33.37925309,-30.61296489,-27.30513023,-29.00672689,-34.79853154,-29.00502033,-22.36685817,-33.16613653,-25.33171571,-24.19314814,-28.99614799,-2.178165773,-19.54131597,-27.55509409,-27.17857685,-32.81089582,-30.78813245,-31.30597843,-32.31139643,-15.00206723,-32.39716029,-16.11656226,-15.83118179,-33.75598109,-35.38600824,-27.20597014,-32.43214868)
mX=[200,3](0.1999839536,0.7159772964,0.2644242146,0.2394097198,0.02867550859,0.2405578276,0.2947705363,0.1443853592,0.2775456809,0.9080780741,0.07456749345,0.06874785749,0.6014128851,0.4193829876,0.9818136697,0.9874555338,0.1713372342,0.786503107,0.943128582,0.1168754111,0.3934540073,0.3645549514,0.680203325,0.339250862,0.2195651232,0.03115703242,0.8499656171,0.6273699013,0.9477922831,0.1844479963,0.1401986247,0.560132624,0.1684633279,0.4006083228,0.0001215450978,0.04185159065,0.716450606,0.7215133596,0.3531388291,0.9552937656,0.1943627757,0.4049396295,0.02518093528,0.7024739624,0.07626569077,0.828118848,0.2111229978,0.3738223127,0.1107223859,0.1681457944,0.7554690361,0.3925848429,0.2601378964,0.2026563397,0.4894148377,0.041843993,0.7429257404,0.7487819284,0.2583853329,0.8781103343,0.6717081419,0.7565205445,0.2105228809,0.04905788395,0.2484400055,0.8675143577,0.3121780258,0.5441169471,0.4617723357,0.01106449155,0.1872369822,0.7904291287,0.123636418,0.1263749289,0.1951718778,0.2520908248,0.2321488559,0.9391627766,0.3033939242,0.7666654924,0.8977328099,0.466363319,0.7934210706,0.6940450326,0.5249581525,0.6386405824,0.9405770862,0.2806496824,0.5854667794,0.6854104449,0.9942585493,0.5115492926,0.4150836088,0.06149589622,0.4609856334,0.3690801894,0.09790021778,0.8877994565,0.5253138325,0.6922010448,0.6940123503,0.6612962191,0.4113149493,0.6730486398,0.08393820124,0.3373299295,0.5953818201,0.1369706365,0.3845894623,0.9958653336,0.4866121679,0.5300813673,0.09063682702,0.5722987718,0.1848175206,0.8982880861,0.8330261696,0.5782973729,0.8313193001,0.5579079774,0.9762123831,0.865855757,0.8006679205,0.4495104821,0.4014459805,0.6195064448,0.8109854947,0.4243447867,0.2340063376,0.9218245837,0.8787760615,0.6331650936,0.5420967762,0.8131620335,0.4956967218,0.5140845542,0.7892542579,0.9612648385,0.1695687884,0.8212706013,0.4507594429,0.5527047477,0.8498278822,0.5478455021,0.07399978282,0.4862592399,0.1068785314,0.8312943849,0.9372464081,0.3008976595,0.3554034963,0.6291716281,0.175094009,0.8883236049,0.4589549696,0.709052975,0.8749650196,0.659326589,0.02633052391,0.8910239715,0.9106988095,0.2990165239,0.6384034414,0.06023478314,0.09728209635,0.9367052558,0.4731893017,0.5642399272,0.5876348914,0.3846781005,0.6441696344,0.6680123427,0.9546691903,0.760847677,0.911283901,0.7473999468,0.5045821159,0.5048689385,0.3545332422,0.7219564361,0.2236684086,0.3758503738,0.4307894074,0.1588334529,0.8048447407,0.4290519272,0.3269314473,0.3184846587,0.1588874373,0.6589604587,0.2716578509,0.3170330524,0.05751570442,0.7760206273,0.1409425462,0.5931142377,0.2099454477,0.1136096011,0.7248700067,0.5088218767,0.5310289509,0.4999407212,0.6146618877,0.01858262003,0.4246707482,0.3940845524,0.6549461756,0.03852942696,0.5397757729,0.8842837524,0.7941433067,0.05227925086,0.5905857805,0.08298641105,0.989061822,0.7751714763,0.861397395,0.4497321597,0.05121538832,0.2408296621,0.9016720948,0.4475211542,0.7875124955,0.01638253105,0.6071866534,0.965697403,0.2865644473,0.3811730795,0.7656772485,0.9763340242,0.5185597864,0.1351816536,0.5503474914,0.002046902087,0.7705584658,0.3436231542,0.1270231324,0.6857214915,0.3025146277,0.7128514165,0.8528561201,0.9690651874,0.8184921118,0.4791177172,0.9297065526,0.5892627916,0.7324922126,0.4969085812,0.474196437,0.752513869,0.1508356959,0.9200646895,0.2764273839,0.6459828595,0.7381574341,0.1086447265,0.2983062606,0.9159984853,0.1768423624,0.7375227224,0.9940373448,0.3484123289,0.4357288443,0.03853494225,0.6101081663,0.3313060666,0.6263898147,0.2646274596,0.576640642,0.8268727078,0.6478599022,0.6616088347,0.9778821915,0.2071207017,0.221407889,0.9597693098,0.7027332229,0.3681494121,0.6793939505,0.8492412803,0.08162256629,0.2245755181,0.8045107237,0.5240279977,0.8512103191,0.002255627131,0.101147713,0.2511810628,0.4562389896,0.8506446839,0.3476106899,0.4348381246,0.322856524,0.3294626116,0.5698286638,0.6001906499,0.2850759141,0.3741830108,0.1397050877,0.9061268694,0.9999675826,0.6164642784,0.2490946708,0.9999662873,0.6188525504,0.2482448548,0.2193139344,0.5685917897,0.2824179737,0.9999707275,0.6568155709,0.2267788496,0.02223524302,0.5640819798,0.2900104451,0.9999817874,0.5472253121,0.3112181952,9.1336977e-05,0.6382633046,0.2493651605,0.9999780164,0.6814730051,0.2153454622,0.2223183005,0.5235351194,0.3323758565,9.689550072e-05,0.3607902523,0.5193787142,1,0.636759325,0.2237446763,0.9999779359,0.5317738004,0.348093895,9.698709872e-05,0.5893626892,0.542550004,9.694281341e-05,0.5217200635,0.3732802704,0.3778886379,0.6529152494,0.2345891249,1,0.6569281992,0.2199804888,0.9999780843,0.356602661,0.5227046518,0.7891466815,0.55981478,0.2803285715,9.68566555e-05,0.5029092543,0.4272825201,0.9999780805,0.5971698707,0.4198341808,9.706984986e-05,0.2976662021,0.5653040818,9.548575786e-05,0.6557708713,0.2459007414,9.697195151e-05,0.592116984,0.5714836383,0.06372220784,0.5523995029,0.2896264041,0.99997797,0.5157888649,0.350700218,9.695240479e-05,0.4244448703,0.4716978423,0.9999780259,0.7244893339,0.2024347433,0.9999782738,0.6068572715,0.5580220625,9.723354786e-05,0.6065608334,0.4323750821,0.9999852615,0.44615082,0.4586549629,0.4293558102,0.6590999749,0.2312018985,0.9999780212,0.3736472665,0.8023522549,0.1926947231,0.5707274776,0.272150082,8.94801909e-05,0.4468068075,0.5529081718,9.779766202e-05,0.4801662316,0.3638079641,0.9999781149,0.6360086313,0.4585588012,0.9999780095,0.7242393112,0.1966426318,9.697308772e-05,0.2298911129,0.6537038217,0.9999781245,0.2862767297,0.5824611106,9.699681662e-05,0.6180753919,0.4965899,0.7815507847,0.5815490222,0.2503299315,0.6685152223,0.5992236742,0.2411647982,0.9999778523,0.5956672277,0.6093946236,0.6813328925,0.4965155636,0.3563347681,9.680391413e-05,0.3869753966,0.7757265203,9.779378972e-05,0.415913807,0.46589497,0.0632231256,0.7255848668,0.2251484568,9.676863655e-05,0.5330637853,0.6199569194,0.9999780545,0.6433132863,0.3590068358,0.5336541946,0.5713206786,0.2594846794,0.6439338183,0.4702715724,0.4070922863,9.724939399e-05,0.619226215,0.3857794303,0.9999780743,0.4484234332,0.5031650995,9.707205305e-05,0.339065675,0.5495860615,0.3952117101,0.5195846801,0.3077508971,9.717372099e-05,0.5968667364,0.4965053643,0.9999708305,0.7107663356,0.2000616747,0.999978091,0.6279500496,0.4936502961,9.694088859e-05,0.2301160159,0.6718087471,9.631170948e-05,0.6775014844,0.6000177264,9.702445114e-05,0.4554138,0.4166711926,9.811219817e-05,0.4530711378,0.5646937906,0.6641132485,0.6300159596,0.2200531753,0.6661480731,0.6228048228,0.2237185249,0.9999782104,0.6468147679,0.7660429872,0.6507685365,0.5086244291,0.3153964599,0.7488480327,0.4624057343,0.4172651613,1,0.6752342867,0.3896801367,0.9999780924,0.2141443033,0.6828626098,0.08876594226,0.7312477034,0.2286929845,9.629377032e-05,0.4708972004,0.723142957,0.9999781329,0.4999548401,0.5918188642,0.0001017678564,0.509794752,0.3190874088,0.3169572243,0.4617456153,0.4917972319,0.9999728925,0.575877486,0.2618432067,0.06471457891,0.6274107706,0.4143069688,0.9999779898,0.6911393801,0.2944572588,0.7129001963,0.4797399461,0.3833470468,0.5969030888,0.3601483096,0.5157847067,0.9999779508,0.6428909904,0.5272717784,0.3814328734,0.5231605252,0.4774540965,9.73553661e-05,0.282343418,0.6023205002,9.682277709e-05,0.4607342244,0.6051689706,0.4582551451,0.600188428,0.2422565543,8.955633825e-05,0.3160706333,0.7812872586,0.8355879238,0.735104444,0.1956632171,0.1096523379,0.6524742465,0.3229257575,0.6438987515,0.5679232537,0.2591180192,0.1582266663,0.4423710412,0.4117169802,0.6048215154,0.5941765234,0.431776825,9.710851586e-05,0.4959979232,0.5134174231,0.9999780819,0.6878039651,0.1908926716,0.999969335,0.383759762,0.5716678104,0.8086022142,0.5076287028,0.3544430683,9.065127634e-05,0.6679012364,0.5117637412,0.9999781484,0.5639058941,0.6513898744,0.8250034126,0.5181287356,0.4724542491,0.4172559162,0.5863063267,0.3838075974,9.695466213e-05,0.3757186529,0.4825153081,0.4785310137,0.4996167261,0.5337489131)
