mCurrentIter=100
mCounterStuck=0
mYPrev=-57.78549185
mParameters.n_iterations=100
mParameters.n_inner_iterations=1000
mParameters.n_init_samples=100
mParameters.n_iter_relearn=1
mParameters.init_method=1
mParameters.surr_name=sGaussianProcessML
mParameters.sigma_s=1
mParameters.noise=1
mParameters.alpha=1
mParameters.beta=1
mParameters.sc_type=SC_MTL
mParameters.l_type=L_EMPIRICAL
mParameters.l_all=0
mParameters.epsilon=0
mParameters.force_jump=20
mParameters.kernel.name=kMaternARD5
mParameters.kernel.hp_mean=[1](1)
mParameters.kernel.hp_std=[1](10)
mParameters.mean.name=mConst
mParameters.mean.coef_mean=[1](1)
mParameters.mean.coef_std=[1](1000)
mParameters.crit_name=cEI
mParameters.crit_params=[0]()
mY=[200](-24.35133317,-28.13461107,57.34750142,-5.73421108,644.8263067,6.971963122,2248.002471,-49.81313059,150.7363469,-41.44481619,-26.6533466,-27.34241082,23.28526114,1270.319877,472.7221314,32.55039046,-14.60149919,22.03956295,-27.99493435,-17.61222316,-29.60173141,478.752909,115.6168706,-16.29150412,-23.35865887,-0.8207401629,6.865639842,-54.24361287,-7.924748604,2306.653998,-29.72268792,-17.44606638,-47.83365196,-43.20483359,195.1858168,21.79358625,-34.41066236,48.14122186,-25.06732899,11.47565153,2.804600045,-44.52588972,-22.38421877,4.611404583,-40.91467116,-62.37290167,192.0599138,-27.04437259,5.491737578,-53.82731434,-7.259802207,-49.87867339,1993.375144,-8.94304066,12.77790614,-55.21927438,8.566916765,-16.58333885,15.12718829,-26.88140256,945.2975933,150.4141255,0.4748226212,4.220064333,-7.739414204,11.45626295,-10.23820572,-20.93219779,22.81956461,397.6467615,-55.95477926,-42.79124416,-7.492865608,21.01593083,-32.22527209,-30.76927273,11.70280066,146.2231377,-18.01914979,-14.68302999,-62.1745525,-57.14516379,-3.634001985,13.24173009,30.3741255,-41.37705213,-18.98768461,-45.03959976,12.46343628,-11.32858252,4.257326779,46.0168183,2.447922747,-23.94453908,2162.222329,-55.862045,-3.370598979,11.15107138,-57.98770755,-54.13815958,-58.04262813,-49.42785702,-57.48411026,-50.47017182,-59.81704086,-48.78624009,-53.90734767,-45.2928084,-61.60124103,-51.86770037,-55.28022011,-50.10577058,-61.99683979,-44.29195873,-58.18362933,-57.64298297,-54.87438207,-56.52534709,-63.84535072,-50.69873735,-34.5214728,-49.75824147,-32.96054435,-51.53313197,-58.95550713,-57.73663426,-52.61660096,-53.58431756,-44.77070459,-49.99825305,-57.71395685,-60.81775864,-36.50880321,-58.900762,-52.47813311,-31.40716116,-51.16451106,-52.30345107,-55.3350388,-56.23341496,-61.80907577,-62.24752887,-57.26824337,-34.41018449,-48.95114481,-46.71778141,-53.45292034,-65.42838502,-44.24142105,-60.65017694,-53.37072239,-59.79129089,-42.43481609,-55.47215195,-35.74478074,-51.9515393,-52.7887049,-51.4426792,-57.35487103,-62.13149835,-54.47695422,-59.70698473,-41.73769809,-49.35262544,-60.38264431,-65.73887288,-54.85200999,-30.7446622,-57.40471343,-55.6976387,-35.28291651,-49.31660357,-54.5560066,-61.20561822,-59.48625513,-51.59439,-56.22421099,-60.77624273,-19.82212492,-56.0152468,-43.29356146,-54.71447511,-61.62705358,-44.35054463,-63.36690366,-53.34618154,-61.45205559,-52.2786762,-37.46443827,-57.95569131,-58.74979775,-51.45982439,-52.59955943,-59.54585912,-58.14495031,-61.69291709,-53.90977367,-61.37250995,-46.7905531,-57.78549185)
mX=[200,3](0.4253359591,0.804764239,0.09419667788,0.882018943,0.3440678188,0.3403673773,0.8309839837,0.8656313925,0.03550061619,0.9540030641,0.9006043787,0.1534514844,0.5114225369,0.05575427811,0.2641608513,0.1948324066,0.7963422126,0.7773014849,0.819358332,0.5077202864,0.001618493223,0.3908499434,0.5343766415,0.5459496957,0.9318671851,0.2964967983,0.2480481739,0.1583557585,0.6610540897,0.1237018952,0.8243066812,0.2533609619,0.6679108583,0.3698089529,0.2297201481,0.7284324472,0.7629554779,0.9955303251,0.5909045681,0.007732855845,0.06456515056,0.1754248553,0.6688275534,0.3816288253,0.06499058334,0.7298164275,0.7896971321,0.9788080127,0.1736075415,0.2132479775,0.8174608908,0.07058143417,0.6504753048,0.9377034442,0.7066101021,0.738447646,0.5250823278,0.4607021659,0.8238005745,0.4607847411,0.3118569728,0.6804803945,0.5893059955,0.5629794175,0.09255270135,0.2744512425,0.254611251,0.5785340145,0.01963597394,0.2883844066,0.1462700993,0.7924241513,0.3869708861,0.2033079472,0.7567664373,0.6329748926,0.3000489755,0.8860212192,0.443947935,0.2720351078,0.9269262236,0.8008992684,0.4117686425,0.3521858672,0.5414858072,0.318514348,0.8535176231,0.9488313414,0.1948585449,0.02966908011,0.4939222835,0.5209083018,0.7057288661,0.1118573279,0.815503981,0.4086142993,0.6488199331,0.3943959667,0.6002115703,0.987117187,0.4771974408,0.5679580734,0.1630612268,0.1164742102,0.3222171032,0.1252720154,0.4347181177,0.9822123388,0.68593289,0.7590378005,0.1473719626,0.2077548773,0.02789017969,0.4851612742,0.06943031421,0.6002302579,0.6867031057,0.01620796439,0.9512373608,0.3091500763,0.1445070354,0.08311822624,0.5052586486,0.03716149469,0.6784023231,0.2331968362,0.710022392,0.1642689074,0.6752063285,0.345327801,0.3272143845,0.9171926142,0.1305891631,0.7097533803,0.282506044,0.50411699,0.4657429663,0.312953379,0.7417667334,0.2310894871,0.25378527,0.7596530084,0.6989590536,0.610930886,0.776279321,0.8956060802,0.6255863467,0.7847934373,0.6156194218,0.1678568362,0.3038817516,0.07983795926,0.8431533078,0.2187327601,0.6317120289,0.4121558024,0.6156773613,0.1778108074,0.04903616267,0.9155634595,0.5604368331,0.8211899427,0.09759381638,0.91733851,0.6558654003,0.4767346118,0.4465886455,0.5186742711,0.7943561043,0.7298665474,0.860754033,0.3506768833,0.008796426721,0.692050007,0.5373511714,0.9839415465,0.367934758,0.3336577821,0.2663663136,0.7389313342,0.526735887,0.3368197389,0.05802867914,0.4358370173,0.1545439403,0.298265411,0.9049452794,0.8887216333,0.5744602154,0.8628037793,0.2892736318,0.9080653265,0.8958377526,0.104713567,0.8318905468,0.04814225377,0.9606779422,0.330545986,0.6011222497,0.01130721165,0.8094316323,0.2291790578,0.4272909358,0.1949692984,0.1024489213,0.5539590044,0.9677462386,0.5855236057,0.2473518708,0.1828700107,0.2660066563,0.5824771879,0.1044411438,0.1800216951,0.7107276451,0.2286905988,0.3242103553,0.8716576243,0.3981542209,0.05786673069,0.9726464564,0.6467692578,0.67721886,0.7696694061,0.2132259997,0.8737913096,0.7474327042,0.4467821758,0.02714815279,0.8355725262,0.7609217787,0.9933032649,0.03643524179,0.4255358835,0.6992307961,0.5434475917,0.08660040276,0.9671806713,0.1346958845,0.630229358,0.2415342094,0.4070586459,0.4373732344,0.5563896182,0.5918795322,0.3860715879,0.2345538593,0.7725558541,0.7105741139,0.4837830368,0.8566456401,0.787137165,0.9700085324,0.9368486345,0.8701460749,0.6527918661,0.6401712617,0.07528495573,0.3777251713,0.1246347351,0.5543506984,0.5794750438,0.6234861308,0.5300611025,0.2945295408,0.1811624548,0.9558023901,0.279382267,0.8491464062,0.2077129841,0.4190268877,0.9270805904,0.4748103116,0.9294156972,0.9436872018,0.9901958235,0.08557481271,0.3509067376,0.8940272596,0.4000501542,0.4908605741,0.7463653154,0.852406059,0.04668466471,0.1132281666,0.4531819453,0.514019051,0.4917556107,0.5922086168,0.4546158321,0.1371609999,0.7393300229,0.3605391926,0.9431658697,0.849914814,0.4886820373,0.4546940804,0.6201177393,0.3783123961,0.3766399985,0.2705965063,0.6002023829,0.249202474,0.0001017369306,0.6364636584,0.2171295166,0.4529444689,0.5916941135,0.2609045083,9.70086624e-05,0.6666145521,0.1975025673,0.148625657,0.5520480211,0.2984910139,9.708376164e-05,0.6712168969,0.1943559937,0.99997223,0.6117280713,0.2686862338,9.701801118e-05,0.6769275537,0.1904925859,9.699734837e-05,0.5233770305,0.3422513921,0.9999850504,0.6128468551,0.2639977217,0.9999852548,0.5585678874,0.3384702773,0.3622918576,0.6553701188,0.2031264291,9.712915328e-05,0.4781587149,0.3960558862,0.0001051100209,0.688614583,0.1835751916,9.140774397e-05,0.5482246731,0.2987925568,9.686472307e-05,0.3669547875,0.4931683942,0.999978092,0.503416534,0.3989780989,9.698300484e-05,0.5848192031,0.2500103881,0,0.4751838481,0.4045134416,9.687724883e-05,0.3561735483,0.5808468261,0.0001050696429,0.6994600301,0.1775395346,0.9999807128,0.6460721696,0.2284871378,0.999978014,0.3771246993,0.4743964843,0.9999844845,0.5619737234,0.3230085544,9.697778365e-05,0.5166636019,0.3414166788,0.0001154170829,0.5035108623,0.4485966206,0.000111965765,0.6330553885,0.2063838965,0.9999781334,0.5354387092,0.3764684312,9.674497397e-05,0.3929783077,0.6178522817,0.7789002854,0.652454077,0.2100751079,8.791151885e-05,0.5388813668,0.2989917453,9.678865222e-05,0.3869624803,0.4548241794,9.783149914e-05,0.7147077943,0.1689794212,9.717983973e-05,0.4879504674,0.3723144034,9.697103314e-05,0.5689390745,0.4776788444,0.9999781006,0.3466531526,0.5241276355,0.9559442252,0.6290403128,0.2310821403,0.9999781122,0.5002922846,0.4165928025,8.975648112e-05,0.5645306236,0.2596004262,9.686733232e-05,0.3578726006,0.5310565503,0.0001053340407,0.4385624249,0.4002832206,0.2540662766,0.5402429414,0.2977494826,0.8264713893,0.5539007718,0.2991784201,0.9999781396,0.4554027581,0.6488458038,0.0001095056789,0.6587971958,0.187583483,3.099816316e-05,0.5270370784,0.5614172837,9.695954824e-05,0.5716569969,0.4327686251,0.5711030412,0.5143112733,0.3433034133,0.999976757,0.4435026868,0.435882653,9.768145181e-05,0.3729354244,0.4491240581,0.6930109189,0.6518731731,0.2012362451,9.700285199e-05,0.4912611905,0.3539247608,9.990003535e-05,0.3041981532,0.613596035,0.8567827062,0.591525548,0.2641222348,9.060274062e-05,0.7128421923,0.1648404732,9.057212228e-05,0.5579554982,0.4898410785,9.709018778e-05,0.6120595212,0.3613313927,0.999975499,0.5752181575,0.455844021,9.072436664e-05,0.3581051111,0.5087053521,9.699789602e-05,0.4322967085,0.3958584598,0.6232481424,0.6223213665,0.2123057374,0.6680651833,0.5164116197,0.327325659,9.687788224e-05,0.5129740402,0.6111590695,0.9999780083,0.6486801831,0.3545352312,0.5889391389,0.4688072749,0.3824561842,0.3605738308,0.5220844912,0.2992220191,0.2517702397,0.5884983715,0.2347883898,0.999977313,0.3430554112,0.5575327805,9.698126716e-05,0.4756318119,0.4780206464,0.177422022,0.5594397425,0.2513331248,9.693556502e-05,0.3790730348,0.6885535968,0.6401526552,0.6715653271,0.1874574038,9.703433428e-05,0.5702029871,0.3984332902,0.6118615885,0.4303695353,0.4121744316,9.700994201e-05,0.4779456877,0.3446930125,0.999978134,0.5465289358,0.4953689835,0.4254731017,0.6187048015,0.2050093301,0.8478287534,0.5044031216,0.3470155164,0.9999781253,0.3925379568,0.7569490718,9.702839061e-05,0.3794861145,0.4476672572,0.000113610027,0.7073775892,0.1634114113,9.697438184e-05,0.4697597783,0.5261242462,0.5271622487,0.5589926106,0.2628162958,9.72937183e-05,0.6281408103,0.4844357643,0.5576865014,0.4924456451,0.3959319363,9.708547728e-05,0.6173028568,0.3453117277,0.556335978,0.5348286248,0.290057554,9.684557215e-05,0.303201634,0.5578334832,0.9999781664,0.5497024555,0.615342365,9.70225163e-05,0.4521248331,0.3717863481,0.7079950322,0.4042262851,0.4475889461,0.9999757284,0.5932607424,0.4116385847,0.6060352025,0.6481725244,0.192321023,9.691245523e-05,0.4953301086,0.4417870641,0.6390628216,0.4991937493,0.3368280297,0.1450268705,0.5434752538,0.2691556939,8.957766406e-05,0.4486694829,0.5293350179,0.5502244198,0.4778469021,0.3809531051,0.9999780273,0.4769514633,0.5010759945,0.4359775411,0.6066590613,0.2114223469)
