mCurrentIter=100
mCounterStuck=0
mYPrev=-23.05617738
mParameters.n_iterations=100
mParameters.n_inner_iterations=1000
mParameters.n_init_samples=100
mParameters.n_iter_relearn=1
mParameters.init_method=1
mParameters.surr_name=sGaussianProcessML
mParameters.sigma_s=1
mParameters.noise=1
mParameters.alpha=1
mParameters.beta=1
mParameters.sc_type=SC_MTL
mParameters.l_type=L_EMPIRICAL
mParameters.l_all=0
mParameters.epsilon=0
mParameters.force_jump=20
mParameters.kernel.name=kMaternARD5
mParameters.kernel.hp_mean=[1](1)
mParameters.kernel.hp_std=[1](10)
mParameters.mean.name=mConst
mParameters.mean.coef_mean=[1](1)
mParameters.mean.coef_std=[1](1000)
mParameters.crit_name=cEI
mParameters.crit_params=[0]()
mY=[200](357.603859,-1.150747688,11.66660344,117.2573181,-11.17306418,-15.34035248,27.77422811,-21.72239482,2624.974242,28.37571216,-20.35871445,26.19088463,10.80832885,-15.44812833,-3.799945291,-8.640097437,-16.44480267,528.3474427,11.69701148,11.08313184,31.76530115,6.227004706,12.96156565,8.207585531,-35.76958651,1.017055733,154.0712497,26.55837732,-15.71028466,657.2616503,135.0272649,-11.25585181,30.57203943,12.77802152,54.07522665,27.23111298,-32.85383185,20.62825424,24.67060208,-31.50899423,-34.24061228,21.13110906,-16.24457067,-28.69438454,-13.76440816,24.24758295,266.2263992,12.98142622,425.2797318,-6.544416254,-14.33030232,11.10765608,2107.7904,27.50008669,38.42760609,-22.46120081,24.71802204,69.51602974,-10.75457322,-35.57602163,-26.55983181,14.27707789,-1.418076768,-28.26414285,32.608594,16.93881531,4.992644763,23.03868398,-38.05357342,-35.24441321,-1.493306105,-18.29422801,-5.652127501,84.70352041,-30.65777024,-9.327721275,1126.205705,413.5386207,403.050886,8.826955737,22.46929568,-0.8094358823,5.800152651,3.419144546,51.84084456,-30.5370798,34.3858067,-19.81645337,-17.33008464,25.12608306,-33.50218885,563.3498563,36.43544007,-26.59077422,24.47136158,-31.23431484,-15.6812911,16.56562132,-23.75166225,6.703066025,-35.93894392,-41.60590545,-34.81399473,-42.12023014,-35.15445057,-32.66120969,-35.82530478,-33.52634087,-36.30736677,-39.96743445,-13.49292768,-37.46721186,-40.96746217,-28.93573214,-30.96587396,-38.74468164,-31.66686686,-35.4597109,-38.26505678,-32.86640597,-32.64371297,-38.1978833,-23.54786595,-38.9013373,-38.15621379,-26.09314015,-31.33423288,-41.55254532,-32.66295761,-27.38839889,-28.41359813,-34.6280716,-41.86176504,-34.58162149,-30.77276609,-25.82307852,-33.37955552,-27.20150688,-39.43125058,-38.29616074,-25.50522686,-34.49945782,-35.90777846,-39.14612202,-37.47334023,-41.54808461,-30.42309558,-34.39298117,-34.21164805,-35.79065713,-32.91504954,-28.05509854,-40.18910209,-25.9290391,-31.17392526,-31.92695063,-27.89061669,-36.52863014,-31.06448792,-33.06516102,-41.45239373,-31.75081249,-36.09600283,-39.87538531,-27.82373345,-23.41721953,-35.64846429,-37.7682889,-42.14479383,-29.7068936,-35.84422501,-33.1595226,-22.71877566,-39.7800046,-34.46760038,-36.85264705,-41.65168205,-18.27115164,-25.04200364,-32.55459779,-28.51903696,-34.26712928,-40.35815797,-33.75542936,-38.16713192,-39.40857605,-37.85234149,-34.69027446,-33.65016215,-38.789436,-26.66035393,-30.96626658,-43.03798042,-40.1767421,-27.74671944,-37.92290585,-42.02750819,-39.85790872,-38.09143663,-23.05617738)
mX=[200,3](0.5415718274,0.06791260981,0.2848535151,0.04649408718,0.824853765,0.2300785525,0.5998759819,0.09217739515,0.9185014618,0.3265759573,0.4065538371,0.1659882316,0.66627034,0.7995826944,0.3730416894,0.5008090023,0.7357220402,0.5393248396,0.5382943439,0.6055140196,0.9410915316,0.1987996545,0.2075361759,0.4736120634,0.244808699,0.1620319089,0.00897907366,0.3344790531,0.5951655539,0.9377235933,0.06306891856,0.4520894972,0.6878539158,0.9468453076,0.9210520768,0.7443085383,0.4740877828,0.6747262106,0.8188457201,0.8257781242,0.5224631503,0.2072877549,0.183609517,0.288268946,0.8244652265,0.0820380143,0.6570994324,0.6555687651,0.09221648891,0.4684384488,0.7108696068,0.1673270752,0.3962656759,0.07434750134,0.264950737,0.8979266007,0.39250359,0.4973315781,0.7201328971,0.7870842599,0.9154380628,0.4922994192,0.9972968756,0.4503900629,0.0008229490416,0.491780568,0.8481146043,0.8328060387,0.7267566701,0.3933694474,0.9008116609,0.3544302864,0.223859013,0.4723211736,0.5511534723,0.2819940261,0.2978678123,0.8520169452,0.07572534623,0.2244056207,0.2667379071,0.6735855088,0.2642477802,0.9857234143,0.3154076877,0.6980184753,0.1287080505,0.6877756077,0.3098955105,0.1008626108,0.415711485,0.6309227053,0.02656226549,0.1451799897,0.7441151913,0.5166337928,0.3679043842,0.8103716497,0.03435927532,0.3506267541,0.5622995999,0.8651803053,0.5216776892,0.9668385544,0.9075136165,0.3701143716,0.04829173564,0.4498854399,0.7614617941,0.6244988958,0.1437315179,0.4429403971,0.2733256739,0.9537614845,0.3465395379,0.9331412001,0.597704919,0.3047888557,0.5371960865,0.2935944685,0.8877650782,0.3375338618,0.4515417074,0.1215529603,0.7173939692,0.05684060352,0.1381120968,0.1097750268,0.5065239325,0.8648672747,0.6482311273,0.5202341662,0.4030342181,0.1715713274,0.7781719795,0.601593694,0.9447676177,0.1392947691,0.7199947025,0.02778390765,0.324744568,0.5807958691,0.9155039249,0.3408201475,0.9682308779,0.1245475018,0.2563950198,0.8390592067,0.7817817132,0.5781014446,0.03464771385,0.1925226336,0.4647819067,0.7720241921,0.8517519347,0.6722919739,0.101319973,0.1198560645,0.09131098887,0.4825182999,0.9755484458,0.4274744909,0.005896962737,0.1435629738,0.3846604894,0.8082288242,0.1375113243,0.547586032,0.8164691117,0.9564968344,0.5682253592,0.7343261708,0.03102638542,0.4154327573,0.4615249437,0.2161758607,0.796625804,0.5764880374,0.3467489225,0.403347962,0.113305638,0.502983852,0.3132005139,0.6260290951,0.3245020666,0.9237103908,0.2044908136,0.1590219864,0.8481877198,0.2751846483,0.07940013601,0.6292085395,0.707466728,0.61218917,0.9748292597,0.7266223605,0.6891305873,0.06709069546,0.05649321701,0.05293258351,0.8849123693,0.9231492797,0.767883839,0.8772979613,0.7969430509,0.3158566045,0.4886310852,0.7540073898,0.3659796535,0.4348514903,0.6100510577,0.8434102085,0.226155632,0.6370511122,0.4257869428,0.7362420301,0.8763952309,0.7069425154,0.6987721401,0.8965175466,0.2420851699,0.3055827427,0.9577572281,0.5767373703,0.5816156825,0.9791900523,0.7734970891,0.1184547374,0.6439590864,0.3800448988,0.01386749946,0.5529895551,0.1834204005,0.2188850142,0.9907815461,0.4317014803,0.04354217081,0.9356886775,0.3592382791,0.8973768458,0.9002151849,0.871372344,0.7575819234,0.6995831877,0.4466473614,0.8341764953,0.4269714703,0.8852818775,0.3311764378,0.2323932349,0.8021911099,0.6126093429,0.2951000143,0.8654788896,0.9699838663,0.1577432562,0.2314471616,0.6389333156,0.7491183079,0.9890818508,0.6400690556,0.9877214765,0.5119365632,0.7080273218,0.650416601,0.5578286708,0.1803431164,0.431562557,0.997317626,0.1914458637,0.2170916977,0.3714146541,0.6035372677,0.8548710435,0.2512403632,0.1574349484,0.1781044879,0.4158334909,0.2427358729,0.2575277582,0.08518434294,0.6607690119,0.5688967281,0.586269613,0.08900248864,0.515374369,0.5422106603,0.2799828293,0.02827758438,0.01519542713,0.7646782572,0.3874668429,0.7517190369,0.8004703355,0.01528061359,0.6602950634,0.3691788505,0.7887040695,0.4823673799,0.1765695888,0.9999707509,0.6407843467,0.2614357996,0.9999781121,0.530711561,0.3600524896,0.9999722846,0.6529304372,0.2461259571,0.9999780838,0.5049616275,0.380154399,9.780893009e-05,0.4755767725,0.4315650254,0.9999795232,0.6519463061,0.2439602464,0.9999855662,0.5718027951,0.3113675496,0.9999780921,0.2993647959,0.582473113,9.679480235e-05,0.4399302251,0.4587269121,0.999978101,0.47120582,0.38017526,0.0376736712,0.6627769858,0.2415691161,0.0001039697799,0.3129916495,0.5434907473,0.9999781909,0.4705279519,0.4850726698,0.9999781832,0.261868436,0.6453311866,0.9999834154,0.6744050448,0.2199204439,0.9999847072,0.5322252138,0.3294142754,9.721552279e-05,0.4808910419,0.3907697219,0.9999781395,0.364108589,0.5267704831,0.9999780464,0.5879434625,0.4237577991,0.9999780241,0.4270647312,0.3852766133,9.695362874e-05,0.2739423644,0.5644273059,9.958676337e-05,0.3814358938,0.4806105437,0.0001025698775,0.6483423374,0.2557918012,0.9999782854,0.4513213545,0.5562788579,0.9999759436,0.6056924671,0.2707555288,0.9999781277,0.2625755175,0.5239181159,9.688325387e-05,0.5515342677,0.47092466,0.9999786185,0.5794349524,0.2924078942,0.9999780117,0.422917784,0.3895040151,9.695923742e-05,0.2531287377,0.6666291787,9.703327046e-05,0.5616589271,0.3493472055,9.698681455e-05,0.3502959106,0.4607394286,0.9999781312,0.5150453212,0.4796539897,0.9999780656,0.6452816381,0.3889355693,9.719033127e-05,0.4852403868,0.5652435835,0.9999781337,0.2309310358,0.6825663743,0.9999780576,0.4093016474,0.6057258991,0.9999780026,0.6900735389,0.2015224255,0.999978153,0.4270069835,0.4647733615,1,0.5011769019,0.327719793,0.999978148,0.2407072424,0.5331045125,9.696747333e-05,0.2476788081,0.5797976372,0.2311127697,0.4493968199,0.3872776947,0.9999791413,0.5659941106,0.4630784399,9.70087272e-05,0.384825291,0.5261461435,0.9999841105,0.5907917862,0.2714270829,0.9999779934,0.6871894589,0.2021661382,0.9999780343,0.363326149,0.4378709991,0.9999780576,0.5086084802,0.5924182918,0.999984106,0.5187005329,0.3211402852,9.705251268e-05,0.5639519564,0.5096271316,9.729626731e-05,0.6518238114,0.2343501562,0.9999773018,0.4435028054,0.4995907606,8.513887532e-05,0.3125652305,0.6719234743,0.9999780421,0.6565238768,0.4133077916,0.2525093306,0.4350969301,0.389693878,0.9999780545,0.1762621293,0.6118115655,9.692989938e-05,0.3083045072,0.5077440193,0.9999773023,0.3699551959,0.6333374901,0.03587685808,0.5857368266,0.4037142064,0.9999780046,0.4950035937,0.4451878734,9.697821082e-05,0.1936851631,0.586396883,0.9996683854,0.5434229583,0.3053403135,0.4806663367,0.4023753053,0.5274961962,9.727664057e-05,0.5456365361,0.5857613356,0.9999689239,0.2924009759,0.4761940805,0.9999778547,0.5564715054,0.5183651457,0.9999779946,0.4616198255,0.3547382205,0.393228289,0.4686488696,0.4597118339,0.3631111588,0.5986764341,0.2711363083,9.708662895e-05,0.376477484,0.5831931204,0.9999774788,0.6700323929,0.3246835521,0.9999780577,0.2993401973,0.7155339455,0.5374259287,0.5265172824,0.4099578621,9.699680698e-05,0.3725599201,0.4343267177,0.9999779829,0.3918006031,0.5458832281,0.449507431,0.4568622153,0.489896645,0.38822182,0.6855500426,0.2044752676,0.001967688586,0.1852473039,0.6885496354,0.4008783404,0.5156365925,0.3425617437,0.9999780409,0.5623722489,0.6198623319,0.9999780093,0.6275496098,0.4675016423,0.9999780886,0.4661363957,0.4295506006,9.103625938e-05,0.2426676178,0.552904726,0.6686637184,0.3408362845,0.5735839968,0.3824875242,0.4777609524,0.5049009038,0.9999763434,0.5901204857,0.2523092853,0.9999779887,0.4746744806,0.3438256829,0.3193264416,0.60492509,0.3285358786,0.3499298098,0.3404090108,0.4778056831,9.702609442e-05,0.6209129828,0.4606140408,9.701683664e-05,0.4056052802,0.608668248,0.9999780963,0.5176142085,0.4244699813,0.9999778226,0.501340967,0.5306228973,0.9999779888,0.2183441473,0.5788860715,0.4526405997,0.408500372,0.4071871969,0.6169719293,0.4045988853,0.5019869479,0.9999816906,0.5955279391,0.2763815367,0.9999781073,0.5823664164,0.375011526,0.9999780465,0.1439538227,0.7061648765)
