mCurrentIter=100
mCounterStuck=0
mYPrev=-22.54922992
mParameters.n_iterations=100
mParameters.n_inner_iterations=1000
mParameters.n_init_samples=100
mParameters.n_iter_relearn=1
mParameters.init_method=1
mParameters.surr_name=sGaussianProcessML
mParameters.sigma_s=1
mParameters.noise=1
mParameters.alpha=1
mParameters.beta=1
mParameters.sc_type=SC_MTL
mParameters.l_type=L_EMPIRICAL
mParameters.l_all=0
mParameters.epsilon=0
mParameters.force_jump=20
mParameters.kernel.name=kMaternARD5
mParameters.kernel.hp_mean=[1](1)
mParameters.kernel.hp_std=[1](10)
mParameters.mean.name=mConst
mParameters.mean.coef_mean=[1](1)
mParameters.mean.coef_std=[1](1000)
mParameters.crit_name=cEI
mParameters.crit_params=[0]()
mY=[200](22.88242263,-27.068008,44.73900263,-5.506175795,40.85904169,18.86736867,39.59001081,3350.894827,-22.61235913,-27.7638093,2.328661699,39.19005401,1.721608768,-13.51181149,376.1157014,41.35526492,-33.61267729,-2.493258201,9.881895429,-6.408404768,3122.586828,114.2340615,1.215650381,24.83861489,38.01861431,32.46734783,-16.10293212,1001.275591,23.58683757,8.977933581,55.13076822,-13.67560363,-10.36929159,-4.387817359,458.6426746,-24.50201779,10.22113225,28.92802006,53.54254901,73.69449196,12.84345006,9.346738367,-24.92108512,-19.25527559,327.8860097,-6.102692821,33.3868751,-27.96364866,-15.58374801,474.189819,13.77866314,56.95502611,33.24812572,-31.99616634,-10.15367614,4.31292551,-16.4480707,-34.73085205,774.5847999,40.83710105,54.21148141,1444.936272,-7.496656384,190.7909005,32.87825623,10.81724055,-5.004111216,7.242497577,125.8003706,166.7166573,51.93475442,53.50421486,14.35626213,29.76346518,35.72625636,671.2732568,1670.79556,58.35839034,64.42788397,5.574380191,-19.41937426,794.6811597,1.882020441,61.5146412,3735.119156,296.7537898,38.18700315,79.71160832,-0.9564882059,38.98757838,30.14966588,11.64977694,22.80910922,46.35797944,36.07394987,-3.043465328,32.32899967,2451.884176,52.06533825,34.49210663,-34.37824484,-33.66821236,-33.24270966,-33.43683635,-36.00586935,-35.49191744,-29.82407509,-26.20552384,-28.31473772,-17.78558711,-33.7915143,-23.85669126,-13.05169882,-33.02968104,-29.00678829,-20.75341596,-27.13880304,-20.00243787,-3.458597613,-27.29155133,-34.02333522,-24.34950879,-31.83200415,-13.23136496,-34.93571009,20.06204386,-33.95742453,-13.8485915,-24.87930568,-25.64138584,-25.36127441,-33.0543638,-16.50714078,-31.61413309,-30.41900576,-23.52219107,-28.64101213,-34.65196552,-19.02919814,-33.48862282,-31.72904712,-31.43082216,-18.72972043,-29.56257772,-19.32042424,-33.41634037,-30.32861909,-35.11223072,-26.55323967,-19.47562345,-20.53502749,-33.12014661,-35.5317412,-18.80969087,-29.61861632,-13.17384146,-0.01930263774,-33.73448045,-26.00577804,-32.4036072,-31.65348522,35.07362173,-20.49892638,-35.51574857,-33.1368176,-21.14905051,-35.82553658,-28.88188241,-16.76756311,-34.45201338,-24.25632871,-32.43088615,-34.00729712,-34.22392277,-25.17373422,-15.58335787,-32.38183854,-35.05193473,-28.37284302,-27.71723909,-32.55544833,-14.87640909,-34.31805807,-28.58333609,-32.36264594,-29.45468355,-27.23456914,-9.261800019,-15.25278406,-34.12489009,-30.85947905,-29.82680332,-35.07094729,-33.84359822,-31.03840209,-10.27089161,9.214995513,-31.28513083,-32.22173738,-22.54922992)
mX=[200,3](0.2802591129,0.2608384535,0.3076388933,0.7521832018,0.6064147434,0.362909232,0.2297183775,0.9896972693,0.4273890276,0.9349725616,0.4663810204,0.5994193621,0.3240404243,0.6289518294,0.91063681,0.2617160376,0.5216515842,0.07448552616,0.5877064877,0.896373999,0.7201703359,0.1986585498,0.08132159351,0.02870267527,0.7017367941,0.6634294871,0.2265821917,0.2539902939,0.5916130356,0.4104547162,0.7837788495,0.7543938908,0.04945214259,0.6121225982,0.811431516,0.8160269741,0.8918000626,0.768296069,0.458236102,0.76665231,0.5865816387,0.05460582415,0.6909126104,0.1837502782,0.2554535414,0.3816977782,0.1007140735,0.9206203208,0.09799316758,0.4217806695,0.4839669032,0.5064074476,0.4160498672,0.7103046923,0.6443589075,0.8210359318,0.1682897457,0.553909713,0.5709893445,0.6547245371,0.1179132421,0.1570844337,0.008192062101,0.1705889641,0.05957193005,0.4931790028,0.6501404849,0.7757374231,0.432539971,0.2144460425,0.8846480068,0.1410034124,0.08568756782,0.6302408661,0.8893322021,0.16461801,0.3871839882,0.9066187082,0.9458569445,0.6844747678,0.1826122319,0.02463384223,0.03639874567,0.2754950047,0.4077648199,0.6923622443,0.7773285398,0.3725919677,0.1989992456,0.706341708,0.7266972471,0.9595178791,0.7963954584,0.3360128717,0.2305048717,0.5755615783,0.4544857074,0.4593344715,0.6634193289,0.1430810624,0.2016952181,0.6472255487,0.801921601,0.1605696801,0.2945306256,0.4365036885,0.4946437386,0.5531436511,0.5908900233,0.7254260527,0.6730162143,0.291721569,0.9102645646,0.1052747527,0.4767245809,0.6791246751,0.96682867,0.05972180976,0.1166521441,0.4662410279,0.9604380779,0.8345287229,0.4499648309,0.2486184166,0.2934443307,0.7828076475,0.4838563225,0.3445070153,0.5355484103,0.4618059682,0.4705988042,0.6017921692,0.8834408447,0.2492350091,0.2405118721,0.7956875154,0.6585550573,0.5827820029,0.8770649249,0.850546256,0.7355278291,0.1257141224,0.3526357438,0.5216927786,0.2381089339,0.5163436944,0.6134740941,0.6855160626,0.09144697834,0.3436217207,0.04905404245,0.6177543644,0.7491040426,0.9027395139,0.6474880021,0.9949426291,0.1347310824,0.129371515,0.8929020318,0.7371796911,0.5463720751,0.4046832223,0.03944725243,0.705811966,0.3898680911,0.5446523604,0.7961883728,0.3769237147,0.06717989947,0.3351310236,0.3205432305,0.7766260451,0.5657410292,0.08955624463,0.01613602325,0.141938659,0.1942206265,0.9534990166,0.368292149,0.3155188895,0.5186156062,0.7448980507,0.9503213985,0.208588136,0.2115150968,0.09942414303,0.9959709453,0.487386252,0.5418776289,0.1081971379,0.1774374916,0.2886901263,0.8355432046,0.4016740507,0.8771607419,0.3152143072,0.8422376923,0.3525886961,0.6046974953,0.5053613581,0.6802870243,0.004925975476,0.3140809017,0.769788901,0.9123111461,0.9313170466,0.03631227541,0.2701478238,0.2201175338,0.2396862645,0.9819206293,0.9268053505,0.801063704,0.92810188,0.9726109417,0.7559412925,0.3446497727,0.8767980408,0.1791162499,0.8531924715,0.395393882,0.8590638295,0.5217919923,0.0724216431,0.8698747831,0.7407417439,0.2778511549,0.132076062,0.1854017378,0.1373587714,0.1230296874,0.6209501196,0.04739350124,0.6261828713,0.8274516743,0.9949491007,0.8272853288,0.4992949789,0.7839886149,0.5064250175,0.8129931623,0.538658154,0.5160876621,0.8482653361,0.007915879488,0.3341532091,0.7146431983,0.8037003324,0.268180681,0.3587520302,0.3040966603,0.2146342074,0.4283766655,0.02080502339,0.01312769851,0.4440958387,0.3291932193,0.1105564253,0.3021470194,0.862770745,0.06002484269,0.3668938996,0.9640220401,0.9781981451,0.6734347754,0.4418385019,0.696362033,0.1545100825,0.4356245865,0.9330162992,0.3915423449,0.9057026064,0.5685561989,0.6612431206,0.2552651003,0.6360185313,0.5742151752,0.3793471837,0.2023240631,0.07753333727,0.557210809,0.9444097826,0.4114881604,0.9474547234,0.3978828702,0.6368808663,0.2865169306,0.4753846582,0.5367674029,0.7152051126,0.8328706911,0.9708690649,0.0656439483,0.1531539803,0.565262914,0.01160079395,0.9839909058,0.8600695695,0.7372619472,0.8400778866,0.05949116201,0.4776491595,0.2874868859,9.71090902e-05,0.4185912733,0.3386025644,0.3941204223,0.5232868973,0.2515535733,0.0001055682325,0.3797956331,0.3708190639,0.4840771182,0.5277163622,0.2478173767,0.09963089639,0.3837848443,0.3665723881,9.703267626e-05,0.6000458166,0.2104634488,0.7818107171,0.4594059185,0.306014282,9.696174485e-05,0.3481281827,0.39633128,0.99997798,0.5514441589,0.2351145122,9.70324484e-05,0.445331735,0.3064409194,9.691412858e-05,0.646728325,0.1847888773,0.7718078623,0.3867806333,0.3817756504,9.699611966e-05,0.4767971365,0.2810707364,0.0001052960411,0.3278322859,0.4141786991,0.999977991,0.5843513388,0.2113865713,9.164340865e-05,0.4206374018,0.3206174271,9.695729471e-05,0.6637452751,0.1736456439,0.9882564748,0.4612251288,0.3132568885,0.0001051061478,0.3245330205,0.4208845822,9.699148116e-05,0.5450030225,0.236879675,9.694820876e-05,0.6429611134,0.2869326818,9.728896993e-05,0.3978522701,0.3367570062,0.9999779883,0.6445535797,0.1722668605,9.691006928e-05,0.490157278,0.4198123145,0.972993388,0.3738680814,0.4164046934,9.703850984e-05,0.502444732,0.2507711175,9.692474787e-05,0.6276412158,0.5081956818,0.0001100084707,0.4245548585,0.307540343,9.669062981e-05,0.6810017577,0.1515554922,9.687547724e-05,0.3031468253,0.4777738157,0.5722980777,0.5465761104,0.2175969722,0.9999780086,0.6514309585,0.2972254291,9.679190743e-05,0.5629370766,0.3255584321,9.568233677e-05,0.362180616,0.3638555489,9.698513936e-05,0.3448779345,0.5937402166,0.7964828972,0.492703291,0.2629953789,0.1510456998,0.5667953762,0.2038935664,0.1208552789,0.7128993486,0.2506979733,9.682348897e-05,0.4720826146,0.4446763733,9.725765134e-05,0.419356513,0.3126574302,0.0001059466249,0.3285605578,0.4086146712,0.9676938557,0.6699804962,0.1498409301,0,0.5581357534,0.2090694097,9.681564469e-05,0.6007054002,0.48301702,9.703516682e-05,0.5434917156,0.3399706326,9.668123949e-05,0.4134430793,0.506603511,0.391349903,0.4491100268,0.2858083681,9.708721037e-05,0.341017007,0.3778026473,9.687012004e-05,0.6639731034,0.3036747875,0.9999846193,0.5594925212,0.323866036,0.7270304164,0.5548279011,0.2075719622,9.700435688e-05,0.4729449837,0.3961615705,9.674685364e-05,0.3416540057,0.6078211431,9.704830198e-05,0.3848928947,0.3355243021,0.9999779629,0.6273684204,0.4548133488,9.689723432e-05,0.6938101331,0.5773621146,0.1281910568,0.4896752769,0.2637880522,0.7912167351,0.5972365838,0.1853710247,0.6330337229,0.4176484039,0.3352610997,9.683079754e-05,0.4678509343,0.4877909878,0.999977807,0.3324660826,0.522314347,9.710379594e-05,0.6811561374,0.1408359209,9.703605285e-05,0.4564008277,0.278826652,0.2102881509,0.5436508224,0.2198511164,0.000105587948,0.2974324242,0.4466184798,9.706237198e-05,0.492686776,0.3730067013,0.0001021257372,0.4095096027,0.3146950974,0.4545256759,0.6756726352,0.1715266686,0.4989580546,0.5005959641,0.2463419797,9.674092374e-05,0.5334706742,0.5148200494,0,0.5944827243,0.3058507174,9.692287279e-05,0.3531046609,0.3709231624,0.668319776,0.4702740608,0.4004857877,9.70320434e-05,0.6368622784,0.4118497267,0.9999779337,0.695562359,0.2791845238,0.4895935201,0.4667988306,0.2814601507,9.684170287e-05,0.4186298843,0.4406649232,9.710759068e-05,0.6002756848,0.2520704475,0.4318632732,0.5984977889,0.1775610234,9.446691024e-05,0.407708575,0.3221962658,9.679717775e-05,0.3626527078,0.6364098052,9.705559249e-05,0.5192860228,0.3504223798,9.702242362e-05,0.3754707608,0.352210121,0.7485275828,0.5572598149,0.281069019,9.671516527e-05,0.4231422736,0.5320400523,0.7825539362,0.508691796,0.4269314599,9.707285211e-05,0.7334097143,0.2296355975,9.209170242e-05,0.5793273903,0.5660814384,9.679715934e-05,0.4023772595,0.4352590802,0.2795649595,0.4746189055,0.2698344555,9.678667693e-05,0.5616320348,0.42294705,0.5131366494,0.4183525557,0.3262723342,0.3408222658,0.5803997686,0.2777946218,0.2450983449,0.573920584,0.1959648534,0.999978011,0.6341126387,0.4943346507,9.703564861e-05,0.4945084109,0.7627942499,0.7016640948,0.605147341,0.175971267,9.692883045e-05,0.3779581935,0.348749646,0.0001063712717,0.2879877161,0.5252390188)
