mCurrentIter=100
mCounterStuck=0
mYPrev=32.68130008
mParameters.n_iterations=100
mParameters.n_inner_iterations=1000
mParameters.n_init_samples=100
mParameters.n_iter_relearn=1
mParameters.init_method=1
mParameters.surr_name=sGaussianProcessML
mParameters.sigma_s=1
mParameters.noise=1
mParameters.alpha=1
mParameters.beta=1
mParameters.sc_type=SC_MTL
mParameters.l_type=L_EMPIRICAL
mParameters.l_all=0
mParameters.epsilon=0
mParameters.force_jump=20
mParameters.kernel.name=kMaternARD5
mParameters.kernel.hp_mean=[1](1)
mParameters.kernel.hp_std=[1](10)
mParameters.mean.name=mConst
mParameters.mean.coef_mean=[1](1)
mParameters.mean.coef_std=[1](1000)
mParameters.crit_name=cEI
mParameters.crit_params=[0]()
mY=[200](13.24087919,2267.008248,13.89881192,73.29556233,58.00483982,7.658414883,16.50787539,-8.004969888,-16.90791143,75.04139872,355.9204182,51.65375675,19.09787382,27.36809583,470.6584239,-15.26217729,-6.713188577,326.3818404,78.54310538,20.93779495,267.0000348,2145.164799,-13.25647118,200.2899766,24.51668135,23.20481257,36.89417096,49.56324979,10.73730343,8.545052426,254.7494045,10.39137703,-7.208558166,-13.84152081,212.2173614,-14.84701884,54.21820728,-12.26767131,47.41541707,58.60309563,-7.089689842,54.97769925,39.58799803,35.49506328,47.26691533,48.48482476,9.809041294,162.308828,-6.540393579,21.00931421,53.05258768,-9.418233106,50.15647986,29.38327164,137.4287443,32.15641496,77.82985621,48.86934563,31.66657596,295.6022455,48.71834014,-0.2276241373,417.9989438,59.47493233,1752.153435,2239.058157,37.81643347,47.90080274,70.10916507,142.0788102,76.07619737,22.35122997,30.33981795,536.3620167,166.9077422,0.2961082838,-3.064320664,15.55002846,13.6468883,793.839427,41.3009558,8.72093889,22.44376978,6.534606787,44.82732104,-2.289175086,40.38140043,42.4961606,54.67044926,59.22911357,2155.125989,2187.649862,643.2600497,48.78935991,37.18477368,26.3314519,28.82149929,38.09506593,9.009199294,18.04835989,-1.468176547,-9.470066277,16.18921093,14.23186676,-5.714049374,-3.14865743,-0.3926611892,21.18418993,-11.99020238,-1.404338538,0.3489659033,2.81202659,18.45938016,-8.867487809,-7.774776234,-14.93814356,-8.407289465,17.77589642,-2.693867118,-1.925846026,-12.37410916,-14.76325193,-4.704342124,-4.546388242,-6.973985525,15.06939494,17.0583369,-13.38315203,-7.191192868,6.021475522,-10.14215702,-1.516130199,8.235426462,-6.545458696,-13.71364849,12.06177894,-5.708298747,-6.01288496,-12.99388834,-0.9418785106,-14.13924457,-8.142954575,28.15515632,-10.25810297,-1.297313916,-3.568222405,-13.79613057,-0.1936089297,-10.55680676,-8.938607723,-8.782684474,6.021051416,5.606697284,-7.105828724,5.369494373,-9.7121273,-1.81958132,-6.577769934,2.202197465,1.9591644,2.850283749,-12.70645356,0.1252003242,-15.10005959,-2.227993716,-11.85808799,5.154255665,-9.130807579,-9.923046149,8.645041961,-10.02524325,-10.30362159,-1.899439036,-2.833099078,-8.162177207,-12.40542899,-7.810986976,-11.39254397,-7.204491071,25.13067381,-1.177867021,-7.55159928,-11.21886159,-1.939155723,-8.004979348,13.45048917,-11.14368322,-15.01326898,-6.8143882,18.18182928,-2.920932405,-0.6275754015,-11.91364814,-3.067080323,-1.915012706,1.896552325,-15.40049325,-10.65590646,-10.64469465,32.68130008)
mX=[200,3](0.8850038204,0.5052760913,0.7099675181,0.01563003961,0.3036034683,0.003218487417,0.5165103926,0.4727597152,0.2539005561,0.1643011911,0.6387276752,0.04764063072,0.3288406138,0.870329661,0.06389385166,0.7003237081,0.6153101027,0.158537943,0.3378126079,0.6935217694,0.6712790975,0.1003407374,0.3610716227,0.6439927543,0.419868503,0.4553344463,0.5211149197,0.2096223878,0.8259465735,0.9916049083,0.6847578836,0.3338884336,0.1711861326,0.04285201962,0.8425764708,0.8276055471,0.2806042775,0.120952629,0.7478623854,0.5204084144,0.1520898586,0.7154331844,0.5584156434,0.02188551634,0.3929887753,0.2243556054,0.4862655037,0.4681415463,0.08050337851,0.2407920074,0.6032609825,0.008893207011,0.1322830201,0.2914802962,0.5398235728,0.9951567303,0.9015183821,0.3730382892,0.1446941576,0.5895568416,0.5014737996,0.2578105954,0.232784353,0.4818574986,0.05269342533,0.1351821752,0.5408666494,0.5840177628,0.2703920181,0.9361588207,0.4920017207,0.1232955867,0.4793418924,0.8658069659,0.4502058577,0.03344901587,0.7873765632,0.6282438249,0.8310330979,0.3409335203,0.8635723631,0.7473626467,0.7496219987,0.8993249413,0.06222665563,0.3844897222,0.762382907,0.2142879072,0.7590625453,0.3844062405,0.4326749323,0.1197116826,0.3387181028,0.07923373232,0.8032403506,0.2238260722,0.3122202164,0.622124097,0.3204136058,0.2515348233,0.418961902,0.4159759979,0.6114147375,0.1604057369,0.3690276914,0.4552654106,0.5114935302,0.4965720847,0.09093280663,0.4478451473,0.9831523857,0.1715678397,0.4022119169,0.4413601385,0.8786096578,0.1706685157,0.6636569468,0.2331867674,0.9316525153,0.7809627206,0.9132623995,0.5997705291,0.288875903,0.9763932627,0.4632045987,0.9719379216,0.8101328516,0.06481863525,0.794294115,0.9932799344,0.8164095983,0.7536801446,0.6683858994,0.2345924498,0.4868398856,0.1939925595,0.5392312312,0.9407433821,0.364694869,0.763935196,0.2140239261,0.9609387641,0.6674152544,0.03616133695,0.469685933,0.5538617052,0.5723712816,0.6932483623,0.7388928264,0.692404784,0.393777481,0.01738142606,0.6805723209,0.1229006347,0.5226805432,0.341706651,0.7147084508,0.7926697303,0.8765609623,0.597167568,0.2906586617,0.8415531536,0.351903394,0.3260893931,0.2469544525,0.6535013071,0.9224207265,0.3574557302,0.640967361,0.08191100883,0.595478272,0.6292061757,0.9737209539,0.5377187295,0.8951817647,0.8964360717,0.1482154812,0.8442434003,0.5644085167,0.02971280816,0.5845576778,0.09164410115,0.9257678487,0.9555499649,0.6537507305,0.3096503286,0.729454584,0.2656337359,0.2020532753,0.920960891,0.7212761784,0.05416190776,0.5780676229,0.03147006807,0.1871078289,0.4946233422,0.104373984,0.08703016224,0.05775681996,0.8557008117,0.1175136792,0.1321862087,0.5497855937,0.9319477083,0.1815835388,0.9632007157,0.8536609907,0.02055182424,0.2220569411,0.3143907997,0.7762251357,0.9415766473,0.9543825689,0.6072726486,0.2172641564,0.6592868303,0.8071347773,0.5722975629,0.8305287419,0.8597301101,0.04440343045,0.3738255804,0.5608787421,0.2811319284,0.2652815819,0.3405843991,0.7163426276,0.4360968668,0.4034727771,0.6027250024,0.5696945388,0.7993033992,0.438091116,0.7356414656,0.1186727837,0.7739352058,0.5162029274,0.2679543462,0.6716428087,0.01015167949,0.9466163776,0.3599997871,0.8814424021,0.3017986981,0.1835608203,0.7219187787,0.6731701863,0.2750391918,0.5448281471,0.7836995091,0.7016324565,0.1082560644,0.7645839965,0.9596520527,0.4723203164,0.3883974444,0.681381538,0.4078960859,0.2981879177,0.9110425706,0.5545754718,0.6327023666,0.8396180523,0.7742641756,0.737183092,0.2093179467,0.9691590445,0.8694572141,0.319844286,0.4280857151,0.8280571193,0.006538278407,0.165277914,0.2473064167,0.07014114468,0.09976835602,0.2760335092,0.3736044803,0.07895740311,0.986700206,0.9819820319,0.5043431175,0.7524926694,0.909203156,0.6163299038,0.4262646393,0.8813538241,0.1919050513,0.9044220804,0.4202085339,0.8121197881,0.4482393628,0.3976989613,0.9108978384,0.1450754527,0.6486814088,0.6315101509,0.1545035949,0.1953486489,0.8093956463,0.7491553963,0.4735453126,0.3467431617,0.4487102791,0.4665223843,0.3494408108,0.9999779855,0.4980651241,0.3367141353,0.9999781119,0.6832827446,0.2350446078,9.690890577e-05,0.4482610188,0.3654025167,9.700029791e-05,0.4659070854,0.3525124564,0.9999781135,0.6756533805,0.232552806,0.9999779332,0.4881112268,0.3413722306,9.695044265e-05,0.414745942,0.589087976,9.769347842e-05,0.4181847452,0.3894192321,0.9999780961,0.6164605709,0.4862606901,0.9999780918,0.6890957296,0.2276123789,0.9999779429,0.4282148744,0.6032274641,0.0001051088743,0.5984695317,0.2849502278,8.774959911e-05,0.5376397933,0.3146706933,9.685539536e-05,0.3983234148,0.496036085,9.700371986e-05,0.4210140901,0.3886621352,0.9999779503,0.4674166138,0.3880132985,9.684737956e-05,0.4305155441,0.6518004737,0.9999781335,0.7030848645,0.2324655518,9.687885416e-05,0.5667674068,0.4499762075,9.666596562e-05,0.3828378445,0.516308261,0.0001055044232,0.4029462154,0.4005017988,9.925984383e-05,0.6550322704,0.273369438,9.692229541e-05,0.5874355313,0.5086880473,9.706215319e-05,0.5666664869,0.7411615434,0.9970528324,0.5656363542,0.2873589725,0,0.3892236329,0.5676751728,9.7196116e-05,0.4902106044,0.3439989412,0.999978042,0.6897612089,0.5389785641,9.691109871e-05,0.3796584696,0.4467483516,9.450703583e-05,0.3340264609,0.6904393073,0.999984659,0.7357076312,0.2193290916,9.686666661e-05,0.502928988,0.5889518119,9.703239347e-05,0.5694010922,0.4077688871,0.999978009,0.4632759289,0.4919885997,0.344833137,0.4456071426,0.352156946,9.711227874e-05,0.6738060289,0.2759568381,9.678016302e-05,0.3715827613,0.5374605387,0.9999853747,0.6737000154,0.3632926649,9.669806969e-05,0.5392918548,0.4437282304,9.696815514e-05,0.3927362067,0.4112256847,0.9999779844,0.3651120851,0.6538978889,0.2171143074,0.5436507375,0.3092276625,9.673911479e-05,0.6303947352,0.5215700438,9.674806879e-05,0.5146110602,0.6288305853,0,0.4522672886,0.502453045,0.6312416173,0.5515201763,0.2957786254,0,0.5029034648,0.5367577539,9.69017427e-05,0.5797761333,0.4100281077,9.608596251e-05,0.3491750399,0.6121916547,0.9999781284,0.5808274522,0.6002905655,0.9999779642,0.7028374265,0.4852627637,0.3705559751,0.6594133335,0.2328506064,9.694242553e-05,0.3182857889,0.7250545285,9.644312349e-05,0.5102034886,0.5045644463,9.776916273e-05,0.4540630882,0.342492148,0.811367184,0.5381615234,0.4282445408,9.677020224e-05,0.6752694779,0.5243528407,1,0.7240066461,0.1984719042,9.840532711e-05,0.7171279901,0.3203769597,9.704015061e-05,0.3838013937,0.5543986476,9.685851997e-05,0.5127558295,0.6553626026,9.708313921e-05,0.4753995645,0.4556428404,0.8108437041,0.4542725781,0.551490225,0.5437105288,0.5636392207,0.2776917448,0.4453077287,0.4196261484,0.3509388212,9.70512872e-05,0.6101901199,0.3842987332,9.686685361e-05,0.3762930681,0.4800867929,0.9999780815,0.7606845107,0.3103814829,0,0.4983136539,0.5536803501,9.625323506e-05,0.3313545286,0.6178835808,9.698414979e-05,0.3988152152,0.3776749607,9.723967835e-05,0.6265660792,0.4624375141,0.257423036,0.658649403,0.2343286278,0,0.44783104,0.563279154,0.831941823,0.5890261164,0.4093423284,9.683665581e-05,0.4816450379,0.4598966564,0.7997448609,0.5319797457,0.5042001969,9.694138904e-05,0.6146440582,0.7775121305,9.692289871e-05,0.3113731047,0.7033944514,0.0001016751415,0.5254783055,0.3103552293,9.684312028e-05,0.3481596565,0.566705342,0,0.5843692841,0.5730992844,9.72965226e-05,0.6058148224,0.3554588353,0.9999749776,0.7247040388,0.5685356641,9.011247432e-05,0.3955168512,0.4792641633,9.69371443e-05,0.4980282547,0.4282768007,9.688498845e-05,0.4349379444,0.6272257511,0.9999479718,0.5975420316,0.2549200224,0.2380253283,0.7021634992,0.222413052,0.4920044079,0.4718112938,0.3229587113,9.684360007e-05,0.484287576,0.5129268228,0.7333388763,0.4085111369,0.564238528,9.694729977e-05,0.3922996061,0.3948467402,9.708905111e-05,0.6972370066,0.4639761327,0.5907021037,0.4985983072,0.4355177847,0.5497259663,0.6005017126,0.3656895916,9.704529001e-05,0.5278569854,0.496596507,0.9999779743,0.3060344671,0.7269886081)
