mCurrentIter=100
mCounterStuck=0
mYPrev=-58.47559554
mParameters.n_iterations=100
mParameters.n_inner_iterations=1000
mParameters.n_init_samples=100
mParameters.n_iter_relearn=1
mParameters.init_method=1
mParameters.surr_name=sGaussianProcessML
mParameters.sigma_s=1
mParameters.noise=1
mParameters.alpha=1
mParameters.beta=1
mParameters.sc_type=SC_MTL
mParameters.l_type=L_EMPIRICAL
mParameters.l_all=0
mParameters.epsilon=0
mParameters.force_jump=20
mParameters.kernel.name=kMaternARD5
mParameters.kernel.hp_mean=[1](1)
mParameters.kernel.hp_std=[1](10)
mParameters.mean.name=mConst
mParameters.mean.coef_mean=[1](1)
mParameters.mean.coef_std=[1](1000)
mParameters.crit_name=cEI
mParameters.crit_params=[0]()
mY=[200](-6.854718069,1.807176675,-27.06918986,-28.78262877,-0.228714576,289.9189007,-3.191140935,3234.430132,-51.53141021,-25.64637216,-14.7794571,2.93724909,20.09049301,-8.443617775,7.161784351,-45.44933184,-17.39535005,1.729346797,-25.76568315,3.810191986,-18.53601456,573.9272079,-20.61536128,11.58446712,2.57766468,-32.79619308,-39.83668953,-56.23163963,2571.103932,-36.92925397,-61.50508885,-47.64597153,404.2514087,-42.46826022,-6.774690712,15.76245397,-58.43546901,17.68832403,14.33708196,450.3913959,300.1854536,7.634380214,-28.50592707,38.43113981,21.92360795,-30.71347743,228.9670591,-12.16004475,-50.5112047,-23.26899845,-26.15357439,-56.03750208,-13.30902053,14.16793942,2321.220167,-36.12145382,-0.1067969528,22.93405441,0.389379002,-1.626772039,-12.37017921,-8.072961875,-14.06616283,-48.01722861,-62.00311722,15.80510807,222.1672302,-25.4471362,521.0694736,-46.35246227,-11.31557977,-45.72657875,-4.834347192,-57.54602387,1342.674017,2639.803089,-33.65928877,14.59768011,-36.40635214,-25.84704167,1236.684255,-17.4470655,165.9719805,1026.801634,40.72988364,19.36887744,19.26598072,-1.159735676,-8.840011932,-17.28843584,23.26308862,-33.69585698,26.838869,-35.90453586,587.5867507,-27.44771187,76.13129393,17.40807601,-50.19519723,-44.06266296,-56.573145,-46.48690143,-54.55955098,-47.31046532,-53.05944308,-30.84956045,-54.995726,-59.7825389,-60.77887845,-52.02128295,-51.10974809,-58.89759441,-57.044076,-45.18510629,-60.84468663,-48.03665875,-40.27627511,-32.34106127,-48.36397473,-48.56718253,-60.41751963,-49.79193391,-54.38058449,-26.56398785,-34.38058808,-62.88571083,-61.21274364,-52.12592192,-56.39607132,-50.3157979,-55.49001576,-52.70094418,-49.36325438,-35.94108678,-63.54096161,-51.29637767,-42.58409669,-44.96195703,-42.93572808,-51.93610597,-60.51024673,-62.09675998,-57.59580023,-49.51431217,-60.56958409,-34.38339837,-53.82154985,-14.8277111,-54.96969213,-41.86784762,-60.99245046,-48.47031966,-55.83669029,-46.92678988,-46.90255202,-34.22607289,-58.41698182,-33.34660167,-43.96263944,-42.58191421,-61.02840132,-56.5680148,-43.2754558,-58.38788378,-50.55800161,-34.2083498,-54.57108879,-10.56953468,-39.23636947,-60.39647303,-58.5059589,-46.95464097,-43.01892659,-59.01911354,-48.70086674,-61.22781939,-60.9486822,-46.77801906,-42.61346763,-46.72420643,-49.88466064,-57.85391928,-54.63077844,-62.38458272,-59.33538091,-56.88373235,-55.878816,-42.92688436,-45.91202125,-59.69537163,-57.55209488,-39.3287966,-18.2090736,-57.79566147,-29.55275155,-39.71078469,-43.90723225,-57.56856625,-63.04706999,-58.47559554)
mX=[200,3](0.1672872039,0.8721487606,0.08133543903,0.3942167503,0.09661721938,0.5585436858,0.005717460066,0.7208546905,0.5971133811,0.7967441727,0.7630422132,0.5008798998,0.4364284826,0.1907652034,0.4018650355,0.2007921372,0.2527571564,0.1706168782,0.1065132236,0.8945595944,0.4906487338,0.0850055527,0.2181034338,0.0007416012883,0.6495613492,0.4242807219,0.5781291826,0.4646975446,0.1413265476,0.6249954767,0.2371796805,0.523311875,0.8147205032,0.2773478842,0.3677139058,0.9285614919,0.5234052788,0.8822337052,0.8498252546,0.8261511578,0.8372039659,0.05263082216,0.7014122141,0.9578005742,0.4650997784,0.7708696307,0.6919885417,0.1462304493,0.7128601982,0.8661206818,0.3068675867,0.7898374316,0.3293196528,0.3169517162,0.4027103356,0.2474866728,0.7705689819,0.3805690582,0.9195301725,0.2743649937,0.6833676132,0.2094119641,0.6050672821,0.6164082853,0.4536258056,0.01617027962,0.4973824097,0.4848926292,0.79693974,0.482098338,0.6775038331,0.9164861052,0.2846454796,0.433385132,0.1888755931,0.9896334539,0.7576181841,0.3932299197,0.05100277922,0.3565225829,0.697803406,0.3419611654,0.4697718821,0.2896083285,0.3007182006,0.1148021205,0.0444437866,0.9119283954,0.6883028346,0.5342808469,0.3323259975,0.4125474141,0.4799539272,0.1293473381,0.669409477,0.3760206998,0.8600319856,0.1012560565,0.3459982772,0.3664371662,0.7118246516,0.2217436314,0.7426491183,0.1397449617,0.6486374455,0.5810203921,0.07780818021,0.9778242855,0.02612154859,0.5531620028,0.3324154395,0.4161619241,0.8253547408,0.8753068326,0.8509066568,0.9442717081,0.7111068913,0.6768835992,0.01513653472,0.3651424236,0.253595032,0.3414723983,0.1262755253,0.5155785545,0.5443470759,0.9353876637,0.5594641739,0.2351112706,0.7073358776,0.0714573427,0.9678917221,0.8886205698,0.9421079202,0.9990510043,0.2601514441,0.8370112645,0.3136184795,0.5110348974,0.6931885574,0.3738204009,0.1351432109,0.4534172877,0.9091797415,0.3214565058,0.8188025192,0.5362733326,0.5276596911,0.1415525196,0.7912610007,0.5411366096,0.3238685924,0.7366143123,0.5826719424,0.01701063117,0.2995592477,0.4128418817,0.5078818545,0.1220895166,0.6306132259,0.8722930245,0.8453421821,0.8579475215,0.9584677012,0.1665800134,0.09583671062,0.3170373195,0.157724412,0.5649843803,0.7562785903,0.9364854466,0.2554801026,0.1747230493,0.8040629934,0.9096408583,0.9068177225,0.05609012637,0.6605457371,0.7681434483,0.03650923811,0.8610508883,0.6256630875,0.2734183513,0.8246144067,0.1932238908,0.007495887771,0.743120455,0.1357161558,0.8507179175,0.3859653928,0.9277813575,0.6548566775,0.3566947713,0.06834842682,0.3323965302,0.433256631,0.9604821563,0.495421038,0.1512142206,0.03594239161,0.1737428361,0.2382551651,0.890455227,0.4000666135,0.7250458842,0.2445412719,0.3060091138,0.1035285631,0.04539717649,0.5998441027,0.2133591675,0.2626511716,0.7729576173,0.06362655878,0.1833714388,0.1848797475,0.4894862182,0.5912501204,0.06621895094,0.8356524382,0.5364012111,0.5778561688,0.4442893209,0.2997475712,0.04719726353,0.2003380164,0.1525848655,0.02774913763,0.1142251363,0.6349425479,0.6192114796,0.6551164111,0.4443064408,0.5665885617,0.9629011622,0.3579442616,0.6430697922,0.6108262669,0.6066691616,0.5860693221,0.7399828318,0.2218356364,0.08590917603,0.1658299425,0.9737817601,0.6048090124,0.7590367087,0.1149761453,0.2847317002,0.1907507812,0.9970790025,0.3865888872,0.02573807729,0.8834014987,0.981263206,0.9524687508,0.09682845262,0.9751549455,0.6723883342,0.4788891197,0.9298663335,0.787066624,0.4251317156,0.473828019,0.8974702373,0.9371428804,0.2274681471,0.8071991211,0.6609556271,0.6285484505,0.7660554257,0.8432022676,0.8101975685,0.9418560884,0.5444964922,0.2662408475,0.6872127818,0.5621511272,0.7096328216,0.9912222086,0.3728464558,0.7478794821,0.2990512468,0.7361759526,0.3995473823,0.03570613388,0.6588316364,0.7852052868,0.4500640002,0.5780311714,0.5115260992,0.07688129581,0.800825618,0.440718826,0.9894311247,0.2163551934,0.6399993724,0.4272363071,0.7270262342,0.5057727476,0.2467836522,9.050514441e-05,0.4475731109,0.3096248333,9.00400635e-05,0.4690566888,0.2869358869,9.697963963e-05,0.4270579216,0.3496060325,0.9999833481,0.5714842892,0.2512478437,8.372040857e-05,0.5320525552,0.2449891259,0.9999779701,0.4537625151,0.3753028166,7.700616731e-05,0.4700934117,0.2759669693,9.684917461e-05,0.3840023588,0.5477518259,9.712887818e-05,0.423890077,0.4042792292,0.000106271419,0.5968676951,0.2195905916,8.964366631e-05,0.420788968,0.3183308828,9.705700985e-05,0.4816873631,0.4954081609,9.709521872e-05,0.3378896268,0.571951201,0.9999693843,0.6436359909,0.2205320873,0,0.404895703,0.3957783265,9.693525571e-05,0.4779554503,0.6116635961,0.9999765132,0.5098422505,0.2888395324,0.9999781317,0.4221094442,0.4643352851,9.903793966e-05,0.6631907955,0.1989844896,0.0001010062139,0.498342849,0.2563042104,9.089363926e-05,0.3305001897,0.5114430661,9.880569592e-05,0.4166810178,0.3158161571,9.692212675e-05,0.5505838926,0.4924959544,0.9999780749,0.3894615998,0.6083041653,0.9999781347,0.7396685899,0.1983033311,9.707896757e-05,0.4955615525,0.4108005832,9.67974796e-05,0.3657787046,0.4649339516,9.569175272e-05,0.5313818758,0.2414610866,9.685904758e-05,0.3966049036,0.3496792049,9.671124334e-05,0.5261361882,0.5610769664,0.0001157756268,0.3068000549,0.5887761472,0.000292881335,0.5936729504,0.2966745396,0.9999781092,0.529834125,0.37328421,9.691144584e-05,0.7507944107,0.19227191,9.672227207e-05,0.3830942324,0.4662907522,9.695482897e-05,0.6056613566,0.4746340514,9.696533936e-05,0.4654139883,0.6567585429,0.0001044376873,0.4703970601,0.2648002113,0.9999784439,0.5136660684,0.529916779,0.999970661,0.5865661482,0.2280522977,9.897782106e-05,0.3135551,0.5308803682,9.672610698e-05,0.462445796,0.4327986837,9.688532781e-05,0.3874552465,0.3678515518,9.909673663e-05,0.6591100955,0.3045502697,9.689330268e-05,0.4279087448,0.5156401324,0.9999714632,0.4873758858,0.2858495119,9.918362306e-05,0.3082402483,0.6191307105,0.9999781267,0.3370553741,0.5321277022,9.692935665e-05,0.5384719766,0.3884042411,0.9999781253,0.6848552723,0.2759448867,9.692566734e-05,0.3717836398,0.4238362368,9.677331338e-05,0.5842533749,0.5292179322,0.000100986388,0.5551538749,0.2168693883,0.9999781251,0.5954346858,0.4500262781,0.0001014615921,0.4427546417,0.2800276536,9.629342554e-05,0.6160168293,0.1895358656,9.678323786e-05,0.4544578293,0.470338668,0.9999781231,0.5130275002,0.6245193608,0.000101180852,0.4317015254,0.2923158211,9.64350394e-05,0.6775288857,0.4369378044,9.970374452e-05,0.3157246717,0.5010282211,9.685161101e-05,0.4408327142,0.5587431961,0.8499063658,0.4150149974,0.4145370865,9.767013e-05,0.5386490352,0.3657475827,0.0001003663931,0.306267443,0.6321644597,0.9999781078,0.7650183648,0.1845313688,9.601722711e-05,0.3783481625,0.3891607334,9.762565236e-05,0.7403401638,0.7179805102,9.233398379e-05,0.4698870132,0.6821374313,9.671201381e-05,0.4759751156,0.4697249077,0.0001037848764,0.2989526015,0.5302650477,0.9999757826,0.5848097222,0.219485659,9.715518257e-05,0.6963008522,0.2967009377,9.687539472e-05,0.4294405931,0.5324999401,0.9999848905,0.6014120353,0.3287262964,0.0001443791487,0.3510170681,0.4650134702,9.683233856e-05,0.5019958338,0.3903540116,9.941838123e-05,0.5658369899,0.5746886618,0.9999780011,0.6112032511,0.4908544419,9.458828389e-05,0.5056370328,0.2444552933,0.0001008300386,0.4104315123,0.3154297271,9.681201889e-05,0.5042132358,0.4494825546,9.695782081e-05,0.3726833042,0.6016419882,9.037898068e-05,0.3614635936,0.4701931125,9.685906721e-05,0.5200329761,0.2403442564,8.935696542e-05,0.5596093016,0.3217203232,0.6422270362,0.52337608,0.2452932552,9.688568546e-05,0.655305398,0.4802912072,9.90369324e-05,0.6761504482,0.172165731,9.678235431e-05,0.4304877507,0.5131033202,0.8015062174,0.4796908886,0.4409255543,9.656338098e-05,0.1982181089,0.7245501653,0.9999694102,0.326130252,0.6323997699,9.694737813e-05,0.3910838318,0.3981175931,0.0007896845036,0.3738647068,0.7622747055,0.9999778994,0.7182800109,0.2953952352,0.6258899935,0.4571891807,0.290135862,0.0001032533927,0.2763031651,0.5607297062,9.668111111e-05,0.3384782853,0.4792130563,9.042218345e-05,0.543055005,0.4173767363)
