mCurrentIter=100
mCounterStuck=0
mYPrev=-42.97891469
mParameters.n_iterations=100
mParameters.n_inner_iterations=1000
mParameters.n_init_samples=100
mParameters.n_iter_relearn=1
mParameters.init_method=1
mParameters.surr_name=sGaussianProcessML
mParameters.sigma_s=1
mParameters.noise=1
mParameters.alpha=1
mParameters.beta=1
mParameters.sc_type=SC_MTL
mParameters.l_type=L_EMPIRICAL
mParameters.l_all=0
mParameters.epsilon=0
mParameters.force_jump=20
mParameters.kernel.name=kMaternARD5
mParameters.kernel.hp_mean=[1](1)
mParameters.kernel.hp_std=[1](10)
mParameters.mean.name=mConst
mParameters.mean.coef_mean=[1](1)
mParameters.mean.coef_std=[1](1000)
mParameters.crit_name=cEI
mParameters.crit_params=[0]()
mY=[200](-3.456586725,-24.91781062,-26.17457195,-13.3646009,19.91900461,32.92716612,40.88248146,2166.50618,-41.49413687,-16.86601333,-11.41706494,27.78566321,-50.64098172,-14.54158731,21.65564274,20.28254923,43.25997854,-27.27757323,-10.55811793,-34.05107278,-35.14006635,5.31548942,25.12170701,-34.45630959,22.21368006,-19.62601876,-28.16376638,2597.465663,49.87160805,-21.43816203,-18.43394069,109.1934645,-38.05111887,-50.99071862,-17.91304902,-3.686438229,45.31359292,1.017355084,19.6304307,48.929739,-46.61939646,-10.22374841,-34.17762549,-26.20269671,1773.595467,28.3263344,-14.40104921,-8.887255456,44.01887269,-36.3023358,74.19252125,33.04839862,1062.719655,-43.44383193,-40.01046151,3.608359528,-22.50260317,4.395958395,2794.407517,26.1865204,29.98716138,-20.38088774,54.01585967,-21.51956734,-35.09155601,-17.83859113,-28.07612727,35.72421273,11.62602213,-27.38013928,-44.94359364,22.70916895,-30.43109638,116.7533419,-31.16807876,2.282926831,-1.889875511,-42.14230935,41.52764346,53.86808985,3.563916473,508.1673301,96.64294847,-16.73189957,-32.16373041,13.3969727,-21.56906428,326.4965352,-33.25540347,19.08192893,-11.16636773,16.06030613,-9.145742793,-46.36026194,-29.64481135,583.1788475,-41.21455712,912.6299383,29.31878233,-36.1118099,-45.79902203,-45.35755421,-43.47021585,-42.71550084,-48.43996178,-46.85056613,-33.71276673,-36.8478975,-49.88353245,-40.70864699,-40.61575706,-48.17980591,-45.96429969,-47.47946413,-49.64715315,-41.91182025,-43.75761587,-33.75013607,-44.23157016,-44.05347453,-40.81451759,-24.08302075,-49.80109951,-38.20252168,-39.99951537,-43.32420384,-49.40143171,-44.76137341,-44.68813703,-46.67012868,-41.38991754,-42.45049242,-45.82013263,-33.65935629,-41.84440954,-42.48544864,-46.14805164,-45.87125028,-33.57956752,-37.62111846,-39.6682071,-40.35322624,-52.56092489,-46.46543854,-41.62442174,-44.42949069,-42.2231239,-28.9338075,-49.44189924,-44.19821209,-39.45709921,-39.88716454,-42.68248364,-37.52081776,-46.14630403,-51.95677836,-51.41305846,-42.13585164,-47.61095458,-46.77237493,-46.03291621,-45.09930812,-47.37880613,-39.50061257,-29.37997494,-53.30637983,-44.15660901,-36.90676841,-42.7028919,-46.79023465,-43.25581347,-45.17703286,-50.77332333,-52.85558714,-49.31635026,-50.14526693,-35.84488822,-44.35026985,-47.23461415,-51.12641404,-43.29027157,-39.26829766,-48.62600962,-30.70796943,-40.23316217,-40.09271736,-32.56848144,-44.28489822,-39.86826494,-49.07820209,-53.23164251,-42.9331608,-42.74851952,-41.50462158,-50.76476926,-50.11876729,-44.22548576,-45.26319138,-21.2189202,-42.97891469)
mX=[200,3](0.7899098116,0.1214411377,0.8587080278,0.2412843764,0.3388912588,0.3298944236,0.03755313437,0.3144396663,0.3422021467,0.008700292495,0.7927571881,0.4757747847,0.1406140861,0.3293071305,0.2713307352,0.1221680724,0.8598325204,0.8717157291,0.09544667324,0.3869693934,0.188130302,0.8236727311,0.1007399609,0.08790947815,0.2797280127,0.6070467641,0.3626506694,0.7758905795,0.7825486806,0.457316013,0.8645431508,0.2860014835,0.3802315152,0.3424834761,0.8380555181,0.845584092,0.1864642803,0.3953109062,0.4148600978,0.9433554618,0.150584841,0.7914651464,0.1695515043,0.918940385,0.6728703149,0.9300387173,0.2362645008,0.9767343391,0.0664189995,0.9087972862,0.8975979702,0.2544473286,0.3615639439,0.7128481486,0.9808314854,0.4985669528,0.80201955,0.3102137927,0.5425801487,0.6024782601,0.4369636537,0.1475551027,0.6213824066,0.7201368781,0.1711511444,0.9039002054,0.8127474476,0.9927804696,0.4880675702,0.5616851905,0.6525592781,0.5112388941,0.7013155984,0.3042753877,0.256264652,0.2965805651,0.6902215882,0.07970339628,0.6072202563,0.7030995538,0.4263509769,0.683529346,0.08947192557,0.04369789531,0.1316575905,0.9308160792,0.9348607919,0.3637116696,0.7553137255,0.4437557796,0.2172865754,0.5111860285,0.7235435737,0.9101792408,0.01694670098,0.4000666133,0.6993112961,0.5705749992,0.5752128051,0.4852140301,0.5081547832,0.3749068193,0.3893067966,0.0570503747,0.7703117798,0.8567161091,0.8433152015,0.09805956059,0.4587920894,0.9899256475,0.8384354706,0.4089948321,0.4617852809,0.1921221081,0.7192704965,0.4315156446,0.9621700477,0.8392756159,0.4759417603,0.1065008032,0.9787363804,0.5536150138,0.171288804,0.2266160966,0.8225063014,0.2022551474,0.3380843669,0.612196727,0.535898218,0.5909650585,0.744331404,0.3904126823,0.8409686534,0.0005944927596,0.1429519283,0.730785494,0.9774341461,0.6453258018,0.6334826409,0.45425213,0.7860077048,0.8080925847,0.8121618608,0.5459122208,0.07192158518,0.8764877092,0.9236229417,0.5479486752,0.2603019032,0.6619375651,0.2831001854,0.2713671926,0.2468808103,0.1121252635,0.07182926841,0.4326621756,0.3993199905,0.1312983421,0.1509131436,0.6736502295,0.5676613646,0.4994017532,0.1037704258,0.6323063646,0.212205332,0.6543422318,0.5399365887,0.8660599912,0.5393455866,0.2198755722,0.7528120288,0.7598271954,0.8814489904,0.5219753604,0.6276210825,0.04157660845,0.05911040741,0.2369432421,0.7643623428,0.8874691481,0.04819473731,0.4416251831,0.1672836774,0.572076814,0.7773004093,0.2974900557,0.05750401429,0.346263876,0.2297596335,0.300632532,0.02482927055,0.737443938,0.421958463,0.6734345871,0.3022407788,0.7623820321,0.06172065008,0.5575421741,0.5510721351,0.7217477898,0.1107646849,0.9560484221,0.7358072457,0.9953526965,0.1567307572,0.8966239869,0.5951739905,0.503409475,0.1634409104,0.7076321368,0.3720029126,0.5201463607,0.5092552661,0.9280011335,0.3508489631,0.9852724591,0.1733539732,0.2210537944,0.6843631266,0.6421473257,0.4189640699,0.1289568312,0.5236106879,0.3755381147,0.6913402118,0.2026205426,0.712273963,0.7616489753,0.4192468241,0.8097577742,0.6158661731,0.1943689301,0.5908842542,0.354591878,0.7470046238,0.9209211964,0.915710552,0.4757624414,0.9674764966,0.9501747066,0.01746045795,0.09743983654,0.4604476633,0.5873468031,0.4073841083,0.02358365505,0.9064084182,0.4276153836,0.1335222788,0.8922072104,0.6444222446,0.06316557428,0.2627116881,0.118674469,0.6359282726,0.7913910708,0.03680400099,0.9446411051,0.02835679698,0.2086888652,0.7493995558,0.997466339,0.1976776607,0.2372246405,0.3200343639,0.1801942658,0.6594494421,0.08547350536,0.9598086681,0.2814657998,0.9687372307,0.299386355,0.8139250113,0.8753123187,0.9420545151,0.3109643859,0.6113198,0.2490007995,0.8288461957,0.4614271903,0.5819053091,0.3353185315,0.4948319874,0.6281368442,0.5800537982,0.8812868842,0.8661394319,0.01246005764,0.4418872693,0.2533920415,0.5663856963,0.357262803,0.4877265998,0.005977541895,0.5176862632,0.6812039095,0.03112223865,0.669558047,0.6668039146,0.2626964876,0.7487150145,0.5228019273,0.2606467822,0.7449426663,0.506212684,0.2736809982,0.3626298202,0.5428372027,0.2489218811,0.3561264491,0.4804933877,0.2954297238,0.726156866,0.3406379499,0.4856743144,0.9642909768,0.4660363462,0.3172146228,0.0001003496294,0.5839797433,0.2275193323,9.630140027e-05,0.4550248486,0.3225171924,9.698983653e-05,0.3334320413,0.498574921,0.9999780107,0.4210678712,0.388992305,0.9999779614,0.3504686862,0.5523345676,9.688870284e-05,0.4049873305,0.413482259,0.9999621488,0.6175963544,0.2095561487,0.9999797299,0.6083648418,0.2133250068,0.9880653235,0.5426650006,0.2468087557,0.9130371228,0.4665230399,0.3038591938,9.727924991e-05,0.2818597809,0.5065213069,0.0001030762514,0.5221880252,0.2608558909,0.9999780592,0.4027380013,0.4457787628,9.700503532e-05,0.3865993994,0.5740482024,9.700996227e-05,0.4432622897,0.3345713961,0.999977989,0.254061716,0.5113654724,8.978854881e-05,0.4459133246,0.46034491,0.9999784731,0.4680231279,0.3045059715,0.9999780158,0.3983950814,0.6027771642,9.699755051e-05,0.4214552888,0.3657538646,1,0.4879204111,0.4463243368,9.709745961e-05,0.3193924679,0.451573922,9.689698606e-05,0.3356845568,0.5827865081,9.691756668e-05,0.4406606945,0.5103692874,0.8701140468,0.6389568985,0.1976461894,0.8642692173,0.4209482229,0.3575209587,0.9999780316,0.4247280782,0.5154421561,0.0001012682691,0.622269694,0.206059177,0.0001061512395,0.5213532604,0.2589472072,9.706197751e-05,0.238725932,0.5443238179,0.7011788923,0.3302228666,0.4424035766,9.699581707e-05,0.5169806719,0.4406321751,0.9999780201,0.2852114991,0.6075124191,0.0699534212,0.5990161876,0.2107330207,0.3868264385,0.5228799618,0.2510203257,0.3724858854,0.467926141,0.2945486794,1,0.5352455158,0.4240737567,9.709278452e-05,0.3751034498,0.4183498787,9.704374331e-05,0.4312435452,0.594804356,0.9999779899,0.44063127,0.5094438173,0.874366935,0.4226440583,0.3628431386,0.9992288596,0.5522899092,0.6579847004,9.717897918e-05,0.4229628808,0.5061372192,9.629496044e-05,0.5433360501,0.4448202468,9.57252543e-05,0.4623816008,0.309966555,0.7911503314,0.2871517927,0.4815737703,9.684383307e-05,0.2998023934,0.5991665493,0.9999780416,0.3945624304,0.6303052715,0.9999773432,0.5646403407,0.4275774837,0.59276853,0.4036789249,0.4148756269,0.4585667996,0.417647904,0.5174885903,0.9999701292,0.6397165183,0.1964562968,0.9999821321,0.5892946319,0.2153610843,9.686720598e-05,0.3136358191,0.4659010543,9.710037574e-05,0.4328793261,0.3733750146,0.9999779753,0.4752594879,0.5356404158,0.9999947233,0.5718843338,0.2231428773,0.9999545294,0.4564981437,0.3024831209,0.9999780045,0.2356841038,0.5660353661,0.5387370684,0.436004865,0.45616931,9.066657275e-05,0.4596414368,0.5573578256,0.9999871827,0.661428741,0.1907195892,0.9999739225,0.5492391762,0.2368459293,0.0001055077041,0.3251999627,0.5315935091,9.016949081e-05,0.5607149428,0.4632145465,0.9999884111,0.6551756372,0.1876672928,0.9999759043,0.5429934114,0.239587878,0.634583922,0.4217517889,0.4543339496,0.9999851082,0.5612392387,0.3655106439,0.4220994635,0.4292173372,0.3509301693,9.700938162e-05,0.3734767828,0.6383631775,0.9999848885,0.5702553095,0.4725906804,0.1145014272,0.4725701395,0.4138187714,0.6003405955,0.3817779374,0.5149694573,0.8521787513,0.3814046551,0.4132921904,9.713711979e-05,0.223917483,0.554274376,9.700772989e-05,0.4245634001,0.4843640206,0.9999841686,0.2932838492,0.6695293907,0.9999635496,0.6350264777,0.1871990708,0.9999891438,0.5343240075,0.2468230327,0.0001065380438,0.6413067217,0.1926179415,0.4346755464,0.5611483718,0.2200556646,0.4156795334,0.5043097705,0.263793591,0.7376758354,0.4083596089,0.5585714982,0.684883714,0.4841268091,0.404681147,9.710893759e-05,0.511687036,0.5159396855,9.704154123e-05,0.3369392247,0.43702931,0.0642123376,0.4819465793,0.2911804479,0.798714317,0.4610794961,0.4707874979,0.560851747,0.3471902298,0.5265597369,0.9999787904,0.6201796283,0.3108776039,0.5912969355,0.4343735818,0.3475416178,8.99843151e-05,0.6192212373,0.6474480404,0.9999779583,0.4828920027,0.5827651879)
