mCurrentIter=100
mCounterStuck=0
mYPrev=-18.13491825
mParameters.n_iterations=100
mParameters.n_inner_iterations=1000
mParameters.n_init_samples=100
mParameters.n_iter_relearn=1
mParameters.init_method=1
mParameters.surr_name=sGaussianProcessML
mParameters.sigma_s=1
mParameters.noise=1
mParameters.alpha=1
mParameters.beta=1
mParameters.sc_type=SC_MTL
mParameters.l_type=L_EMPIRICAL
mParameters.l_all=0
mParameters.epsilon=0
mParameters.force_jump=20
mParameters.kernel.name=kMaternARD5
mParameters.kernel.hp_mean=[1](1)
mParameters.kernel.hp_std=[1](10)
mParameters.mean.name=mConst
mParameters.mean.coef_mean=[1](1)
mParameters.mean.coef_std=[1](1000)
mParameters.crit_name=cEI
mParameters.crit_params=[0]()
mY=[200](21.49534057,-17.39697683,1104.363329,-21.6189425,-1.836797729,64.35291409,-27.78493371,-13.77608348,16.53094234,-4.145555222,45.0640942,10.70894802,18.39998562,9.455678869,59.91419579,-28.80190673,-28.95258778,2299.342854,36.48041354,18.99305314,25.59684044,-6.711712828,22.89907176,-24.38127403,41.86021088,26.95847109,507.7251009,52.78017006,49.1360002,-3.154362549,3.320435713,55.26031485,-5.374765915,13.3283758,114.5413262,-11.42214485,11.67806965,-17.57326958,-30.51535604,36.96782836,-19.99673745,3026.732008,-11.51315675,17.36001418,19.72526007,200.016771,10.25715646,2747.579191,226.702405,42.04654189,28.42565368,349.8322863,30.42180365,16.97997548,39.33394518,-4.295658748,-7.099885187,82.07730024,34.17941888,25.92575333,-20.91718528,30.11711146,9.326404955,24.84023817,0.5303824068,-3.690291227,34.09775517,63.78348952,22.23307011,1378.004946,241.7772181,17.60595382,21.4405558,75.02871403,-7.140111401,46.0457607,9.315743034,121.2530225,-22.98938309,974.8624034,-6.76335256,25.1280936,13.96830099,35.51337479,311.9825247,-25.7596387,4.878021393,-1.639538765,897.9296775,74.74245487,2.753630796,-24.28470223,-27.99957066,38.99323899,29.64194331,-16.02907491,527.2017211,15.0848831,5.740792842,-11.38532341,-27.2723476,-20.26961286,-29.73875948,-18.18299188,-31.27597159,-30.44808528,-29.0997885,-19.22194092,-32.50088129,-33.50620353,-26.92553889,-25.43098873,-24.89278948,-27.14672546,-31.50391606,-26.94124394,-25.35287377,-23.31985547,-17.07484884,-20.88084139,-31.04943001,-30.28530546,-19.76614141,-21.8185217,-27.06529084,-25.72656779,-2.563828087,-26.43903527,-14.31631599,-31.45439903,-24.61399427,-5.725075927,-23.38325966,-22.43919524,-24.07609914,-29.60860315,-12.01925465,-21.37130795,-31.34610219,-11.85384539,-26.22702395,-22.9225564,-28.59428309,-22.20630776,-26.51940364,-27.52972645,-22.92386606,-13.67358702,-20.0318444,2.083128478,-18.25904507,-19.4844066,-32.10718024,-22.42954955,-23.59065427,-20.32300492,-25.87295701,-30.27283306,-27.64695539,-20.56684086,-16.93258177,-30.01876034,-29.82994703,-28.90865538,-27.38495868,-11.61057372,-30.88404666,-6.48419262,-23.92129936,-26.36118913,-23.40971842,-19.38672475,-22.69074139,-20.68025246,-22.17407109,-30.34261523,-20.63362982,-29.51668964,-31.72839601,2.492364406,-26.75602809,-30.0552916,-22.34738912,-26.51096647,-33.39399484,-28.42807881,-19.15768169,-29.28441175,-19.52455126,-18.17481474,-36.14667664,-19.41837244,-2.804993354,-29.80422152,-32.7307921,-33.83661945,-25.635771,-25.92112174,-30.42737256,-18.13491825)
mX=[200,3](0.6850353043,0.2869230811,0.9164419689,0.3729075882,0.3488444677,0.6961427449,0.1757954324,0.5280086857,0.005275250378,0.819286664,0.4718181997,0.6131932022,0.4434244123,0.71113201,0.6644877733,0.06624831571,0.2253470954,0.3571196996,0.5275323875,0.3825670609,0.5853370119,0.296788033,0.7302837064,0.2577464661,0.22627087,0.1256102074,0.8920312695,0.9164804128,0.794831787,0.2053493088,0.4666867833,0.9916308348,0.7278824063,0.7783360017,0.1532400161,0.621208948,0.1196476945,0.5438641071,0.870693545,0.3936623275,0.07306266614,0.6310566484,0.08233585767,0.2751205532,0.325692608,0.6549215541,0.5687069762,0.4859497164,0.4193601493,0.637491964,0.3420901099,0.4389178478,0.1444941337,0.08217240548,0.2386466444,0.9823923892,0.4988846888,0.9288723984,0.9251429278,0.2784151459,0.6034863462,0.9045789368,0.1298191125,0.01270693449,0.7786457155,0.4297297423,0.4253263534,0.2457620839,0.3819212565,0.7458565715,0.6713412205,0.07700970425,0.1089363642,0.6005016131,0.9786141338,0.4010175555,0.8757721433,0.7371337704,0.853304374,0.4032498579,0.06422125715,0.5671228689,0.9775552083,0.8610590045,0.4847148985,0.1696449962,0.4311088325,0.258045123,0.499714869,0.7608411107,0.312776035,0.5002252559,0.8050038043,0.1935408846,0.8100366036,0.9914537712,0.3592119972,0.1357577238,0.7191915587,0.7517837369,0.8541392477,0.6056371088,0.2493546301,0.1973668881,0.3302511759,0.5982294195,0.7884019539,0.1774131406,0.1500072018,0.8690199734,0.5409500367,0.1694987917,0.6827647435,0.5029535873,0.636275598,0.4342247082,0.4570989175,0.128083226,0.6266150961,0.9465769098,0.2195684112,0.647004423,0.1448322231,0.335509783,0.1011435277,0.03842569173,0.6286887865,0.7099659653,0.5782878008,0.9582613708,0.3337287427,0.4067328027,0.7938637599,0.2624392893,0.902122093,0.6151613353,0.4289538038,0.1182790813,0.367908758,0.8016419877,0.6594827586,0.8488652594,0.1819585561,0.0279920093,0.003065560227,0.237663255,0.2617840849,0.5849036689,0.8282933392,0.04468510818,0.6484533527,0.4401936726,0.1988761575,0.07512335564,0.02081722905,0.3724113499,0.04539283279,0.04282850462,0.5643942683,0.9473140901,0.6612113832,0.8499235756,0.7823125442,0.942896085,0.7820229808,0.5386910053,0.2111772141,0.5203278856,0.9794688213,0.3704589376,0.5185492585,0.902210863,0.3247718106,0.296370742,0.8699676062,0.9652958792,0.6826999859,0.7684428137,0.9577833244,0.3682150448,0.7314676626,0.6924313661,0.1844181527,0.4709978073,0.008835901748,0.9594212396,0.5036087001,0.8808659254,0.4613570832,0.2006913134,0.3976194525,0.283998808,0.7255751231,0.7663979544,0.6400564193,0.6730379307,0.4695341762,0.7712588347,0.02478188742,0.8471356739,0.8172124203,0.933108502,0.0112902988,0.5397552481,0.3249278939,0.7299451963,0.8282224184,0.709047644,0.2099821163,0.1372753682,0.8056239965,0.2575500181,0.2453345114,0.149541962,0.03150991917,0.8833408397,0.3864227453,0.2986881915,0.9254485132,0.7111975526,0.4591141113,0.1610060873,0.8858827822,0.5856724406,0.1019331656,0.573142959,0.937653078,0.09328043501,0.6685774806,0.5553205593,0.8329533229,0.548279878,0.3109273549,0.2342516619,0.3431721949,0.5978567297,0.5548431373,0.9998764287,0.1793245385,0.2127937052,0.9859142177,0.4130769315,0.3987994946,0.1361840095,0.8383934028,0.7529528819,0.6979961611,0.09395820748,0.8555510176,0.9625763933,0.7491042935,0.9367100038,0.05628936524,0.3610072091,0.1522197376,0.03207576274,0.6542590761,0.4163699241,0.836665914,0.1167856401,0.740565531,0.4930368932,0.357069523,0.7908433114,0.09946929888,0.4820780143,0.01132761226,0.2677031747,0.9189200673,0.05757297295,0.2864316154,0.06547354948,0.6708089623,0.1834231483,0.5194067608,0.5980911926,0.5585487947,0.6136906983,0.4452511169,0.8985385859,0.5787639664,0.9890838149,0.3005223026,0.3038772868,0.9659500176,0.2716510043,0.5389713168,0.2261308159,0.8212837475,0.08363056418,0.3170864233,0.5167806357,0.8961512483,0.303684438,0.4506125772,0.05124055492,0.7098112421,0.8791288211,0.7508387397,0.4771538531,0.6396195852,0.5475068666,0.2855020247,0.2746182113,0.519548142,0.3060046682,0.9999731327,0.5923160757,0.2538219634,9.698738244e-05,0.4705544031,0.3512939277,0.9999803244,0.5982435231,0.24890804,0.999791207,0.5985179104,0.2469555375,9.699205637e-05,0.4562913787,0.3639226327,0.9999880464,0.5196634832,0.3022824921,0.9978335571,0.6392806044,0.2281935127,9.678684161e-05,0.3903610093,0.4568422867,0.0001003382042,0.5799548789,0.2663213694,0.5436403071,0.4853751482,0.3243469815,0.0001088973843,0.3022629707,0.5910520506,9.68446877e-05,0.4156223055,0.410013287,9.684883264e-05,0.3585150761,0.501826036,0.9999759499,0.6474265846,0.2209132237,9.749918503e-05,0.5998828806,0.2558516623,0.999977426,0.5128818064,0.3032225963,9.66331767e-05,0.2768631918,0.6834922811,9.69872676e-05,0.4526849061,0.3561745131,9.719614454e-05,0.4748707577,0.5092925821,0.9999742962,0.6554243888,0.2149540225,0.0001114089393,0.6253000871,0.2476120918,0.9999783762,0.6929530412,0.3401005176,5.793142175e-05,0.3087229491,0.5379084014,0.9999773095,0.5156311404,0.388209786,0.9999761541,0.3041415774,0.6515321327,9.695689775e-05,0.3990981393,0.4129301785,9.699365806e-05,0.5405613759,0.6534922629,9.68612532e-05,0.5086104447,0.4827841281,0.9999800388,0.5694852927,0.2470459764,9.69529838e-05,0.2498460187,0.773279021,0.000101677868,0.5139396972,0.2962576849,0.999978174,0.5165067878,0.5354147987,0.9999739385,0.680822044,0.2050430126,9.68897075e-05,0.4065706184,0.5867567071,0.6741490462,0.543502991,0.2626426916,9.684752257e-05,0.3543952839,0.4660605181,9.725044223e-05,0.5348654622,0.412214357,0.9999779937,0.5719253477,0.666609602,0.6265023518,0.4598254703,0.3437359914,0.185811848,0.6848175952,0.2277418084,9.686830083e-05,0.5224605911,0.5400392231,9.693507222e-05,0.3932153474,0.6450321637,0.999973999,0.6716923932,0.2057256781,0.9999838939,0.5428344643,0.4460401493,9.698577865e-05,0.4196067643,0.3828970632,0.9999781116,0.4008924626,0.5385138981,0.9999780026,0.6962087378,0.3658825229,0.9999780474,0.2734740103,0.7471116029,9.881607522e-05,0.5307030892,0.288467099,9.693248939e-05,0.6231569717,0.5452766701,9.676816307e-05,0.4180495705,0.5125955037,9.696036219e-05,0.2589837375,0.6051563232,0.999980412,0.5948677532,0.2304113375,9.684065297e-05,0.6998452224,0.3211027829,0.7439961847,0.5605373565,0.2540893444,9.69089211e-05,0.5432248765,0.4284760703,0.7572256324,0.475223898,0.3420426444,0.9999782351,0.6306840958,0.5150227454,0.9999780533,0.7129887638,0.1955386533,9.695124402e-05,0.3675914991,0.4525434548,9.64951449e-05,0.4498695648,0.5582930711,0.8562911887,0.4693258175,0.4586405576,9.729158337e-05,0.5781457882,0.3782800025,0.9999780908,0.4372839204,0.651803007,9.714253047e-05,0.500465965,0.4696443953,8.718894831e-05,0.60136888,0.6836837839,9.729229811e-05,0.4242743853,0.3744362059,0.9999779618,0.5832936773,0.360842963,0.0001000469325,0.3007140432,0.5475065222,0.4315359322,0.6005474951,0.2340990394,0.9999780065,0.7067541974,0.2771390203,9.788600504e-05,0.2590734766,0.6538876051,9.703532442e-05,0.62737605,0.475061124,0.556947472,0.5238694056,0.2817197205,0.9999889851,0.5765841032,0.5752398545,9.573964214e-05,0.4525579867,0.5625652272,0.5785290513,0.4369880825,0.4393766289,0.9940259558,0.3012341999,0.5810026878,0.4944659897,0.5571706481,0.2579701187,0.9999647032,0.6449889845,0.2052326735,0.9999851556,0.6728125218,0.4356487002,0.479506251,0.4767794779,0.3292656586,0.5137854966,0.4856283237,0.4974850453,9.960519046e-05,0.3532034455,0.475677519,0.001111216322,0.4192042863,0.6642974878,9.105176707e-05,0.4961586635,0.439698943,5.774739801e-05,0.590575573,0.5724245271,0.9999779386,0.7133476876,0.1881038383,0.5981958209,0.445780913,0.3782778006,9.08587062e-05,0.7071735297,0.2203062799,9.01720387e-05,0.2415792924,0.7869377994,9.791136578e-05,0.6001898423,0.3512501074,0.857433681,0.5634138911,0.4112223719,0.6843118475,0.4770251024,0.5177762253,9.689588121e-05,0.3998896885,0.406484117,9.696607609e-05,0.5697643201,0.4798458839,9.687070026e-05,0.4031936401,0.5522329626,0.9999758309,0.6828952154,0.5106030541)
