mCurrentIter=100
mCounterStuck=0
mYPrev=-22.99935522
mParameters.n_iterations=100
mParameters.n_inner_iterations=1000
mParameters.n_init_samples=100
mParameters.n_iter_relearn=1
mParameters.init_method=1
mParameters.surr_name=sGaussianProcessML
mParameters.sigma_s=1
mParameters.noise=1
mParameters.alpha=1
mParameters.beta=1
mParameters.sc_type=SC_MTL
mParameters.l_type=L_EMPIRICAL
mParameters.l_all=0
mParameters.epsilon=0
mParameters.force_jump=20
mParameters.kernel.name=kMaternARD5
mParameters.kernel.hp_mean=[1](1)
mParameters.kernel.hp_std=[1](10)
mParameters.mean.name=mConst
mParameters.mean.coef_mean=[1](1)
mParameters.mean.coef_std=[1](1000)
mParameters.crit_name=cEI
mParameters.crit_params=[0]()
mY=[200](1.801742508,1981.009987,745.8897577,29.65812199,38.73257716,9.983313505,5.511361967,442.819184,1514.097358,1663.54682,123.0127394,622.2502021,3354.429809,2.800923561,39.91497046,27.27882511,18.38635524,19.6748079,-0.30147781,2153.930318,25.95210474,-7.620282402,7.733158099,-16.13719302,146.510027,-14.26130237,-4.201383042,-18.89622707,45.04530743,42.33611281,-15.49445391,28.74401556,9.60362134,-23.4444011,31.43306152,12.80170673,-11.99247044,28.62226099,73.84553747,17.45379871,368.729993,1.68352025,-20.92081717,19.34134064,11.75860198,19.89682902,-17.12114207,53.36241228,107.8948259,27.03511406,-7.417861352,71.02802412,-10.7820481,7.295337755,46.88658036,33.56924341,39.35995067,43.88091234,-8.577446126,727.9211488,23.71613441,1.640127787,-8.280189814,31.20602629,-7.329544144,28.25810868,50.87199697,-6.493601872,171.0047171,409.5295389,-0.833546817,27.78553816,-24.35631381,141.3000289,735.6763786,66.82326783,-11.95338651,40.10168819,5.05849283,2111.143293,309.8631088,-14.49571804,15.40184263,-1.524561896,67.24758569,2.009672261,1433.036039,38.91622189,-17.704881,17.61910425,134.8298099,37.55397623,14.40924603,-18.70207344,-7.289397562,13.86796523,19.96365987,-19.68637222,-25.22160974,908.4523512,-17.41572338,-19.33748667,-27.36084342,-18.10981285,-13.9028824,-19.18439655,-21.68461215,-27.53777306,-16.27834896,-22.42420211,-25.37716963,-11.19370974,-19.30243577,-24.7679817,-24.79446207,-12.21802194,-16.1860091,-18.9274462,-18.92444452,-23.35365003,-20.42834511,-18.22902944,-2.459965045,-26.72497165,-21.56091948,-16.0261011,-25.25515112,-19.08175337,-23.09739307,-15.92903426,0.6298551585,-24.23105117,-17.21467698,-14.99900651,-23.40632339,-19.40867142,-24.05878157,-14.16738939,-24.02319868,-21.53305982,-25.34859437,-21.04558738,-18.50514427,-19.54412788,-22.86983197,-14.16497802,-21.57335348,3.265569689,-15.04482895,-23.81637473,-24.32509866,-18.15308205,-20.9472625,-24.25334652,-10.93193885,-25.63634684,-14.43819086,-25.07333251,-17.27807221,-26.82759606,-16.43254356,7.050292654,-24.45548753,-18.4330531,-12.9150329,-21.81599496,-14.10520059,-14.54502314,-19.07332488,-25.24022163,-24.24274289,-20.8618455,-24.62173191,-10.823415,-10.78586456,-24.02058887,-26.88977819,-23.20415117,-21.90979866,-21.68333469,-15.26953376,-26.09467079,-22.64134211,-24.44589605,-25.8359926,-25.68310465,-10.84538955,-16.51555474,-16.39454951,-9.371552024,-13.03591118,-11.65744802,-29.62367757,-4.511464001,-14.89870747,-25.87608961,-17.48431889,-20.29297932,-27.78685891,-22.99935522)
mX=[200,3](0.5918194179,0.2848665997,0.4187552804,0.8854831937,0.1247214062,0.09181520113,0.7644719881,0.8288187722,0.0107076174,0.6734567086,0.7703160407,0.8162082016,0.1061236131,0.5959597423,0.922892515,0.08743387401,0.6389621796,0.1635225146,0.5465681202,0.8010149613,0.2371271898,0.3702305531,0.001604989127,0.3349617221,0.6931244627,0.2228012121,0.0759942053,0.1357241669,0.4114590583,0.003856039178,0.4997851383,0.3713584525,0.2190821851,0.9606052213,0.1181900116,0.2633846542,0.8344244104,0.01687597203,0.04167184963,0.4295670076,0.6788583008,0.6663935492,0.431020251,0.3026032177,0.9820651581,0.9843991157,0.2777399541,0.9120527345,0.9130261368,0.2527298192,0.8594983294,0.2804813944,0.0471847878,0.8664611824,0.01958867045,0.1339084754,0.5315263424,0.290329478,0.03617503368,0.1129385136,0.2334799173,0.08886538933,0.5130353349,0.5378340242,0.1817091156,0.638519618,0.8297156755,0.4660492425,0.7984760415,0.8193388406,0.6461401466,0.1791006914,0.8653070052,0.05011466739,0.4393826599,0.002162307166,0.5295484739,0.3197420534,0.6093717526,0.7588124908,0.2042718994,0.3497136448,0.3589486808,0.6470832244,0.9908170283,0.9190166472,0.8201686843,0.6381295545,0.3315361278,0.9900367564,0.450408593,0.3490709856,0.6718304347,0.409597177,0.782959098,0.7840183621,0.3316038809,0.8177878907,0.4947047023,0.04612448744,0.5155082694,0.4602376377,0.3649063328,0.8813292699,0.6808842326,0.7405834828,0.8688346902,0.2555853149,0.6209689274,0.4000061976,0.6922014524,0.4810720397,0.605967666,0.8846158919,0.414996586,0.1599488383,0.3834718873,0.3158235218,0.8363395101,0.4830741883,0.7551360462,0.4975929958,0.05542625261,0.1622436965,0.06291754476,0.7035431106,0.8488717022,0.4892560095,0.4402780429,0.0963733902,0.2389505859,0.3795860573,0.2065646441,0.09274614391,0.5456352788,0.6104063019,0.8547471814,0.6031504138,0.465126073,0.700731201,0.1878225751,0.1152502026,0.7601420372,0.9466134916,0.2481179264,0.7927240559,0.03348003005,0.1971737974,0.730223765,0.8017028495,0.955363398,0.4580540048,0.3451334191,0.5659660396,0.9697085749,0.963355767,0.03870218335,0.6124400512,0.5561591596,0.3923464246,0.566381027,0.7675054209,0.7821088275,0.9869986277,0.5767098414,0.06692203037,0.9380009144,0.524138457,0.3244687388,0.2938263123,0.978650383,0.1898024833,0.9088032432,0.7568620874,0.3572403154,0.7103950492,0.3934557657,0.855433885,0.3130049338,0.1045976469,0.6656630837,0.4315500573,0.8916883993,0.575850007,0.3680375456,0.7754908076,0.9343386082,0.663212919,0.5986503857,0.9096340612,0.581720902,0.1262048087,0.2790002433,0.325424863,0.7341096762,0.9244771738,0.9259450863,0.3610701839,0.8754376047,0.9416274053,0.8467500753,0.7067715532,0.7429417433,0.1318821892,0.8973537755,0.5459893886,0.08280444701,0.1578735689,0.4438088649,0.06909930377,0.474054208,0.2672114222,0.4093854253,0.2108646592,0.3822609195,0.2887933872,0.05693221322,0.4763610494,0.4553492976,0.5227383791,0.2114481293,0.305053079,0.5560024708,0.1411925217,0.1984352617,0.02947253048,0.8968315691,0.9554138351,0.07172036169,0.6575623468,0.2466039884,0.7944859588,0.9559135211,0.6188568633,0.3813223364,0.07290464804,0.6514158803,0.7268460677,0.175484496,0.0273150424,0.1741036283,0.2469671715,0.2226282885,0.2614811923,0.2084504191,0.5850745365,0.2280429013,0.02773207173,0.8358714686,0.583464184,0.72797132,0.5642962705,0.5006706334,0.9905726391,0.9060424067,0.7779080643,0.6299039248,0.720369234,0.7381716337,0.1093433671,0.1463611695,0.1286943013,0.5563635139,0.9361574031,0.6893031641,0.507622228,0.6216404176,0.517166264,0.877861015,0.426840401,0.6444977497,0.1995545971,0.3249468125,0.2544621431,0.9746023954,0.3519815523,0.6563186945,0.848115738,0.5064737139,0.945923019,0.6882376862,0.2908233973,0.3081240747,0.4299361824,0.7187131754,0.444425037,0.6964091588,0.7409116589,0.7173075071,0.3946905272,0.8778802967,0.9718436974,0.5791704427,0.2743978035,0.8057047107,0.5316994915,0.4736516645,0.1482623479,0.1609977808,0.1560782363,0.2977677686,0.5939932094,0.3144199466,0.3596884973,0.598048749,0.3090952039,0.1137954763,0.3779129416,0.5206778272,0.1186899753,0.5223873213,0.3661159798,0.9517922555,0.378911656,0.5279675658,0.9208140806,0.6264033704,0.2855007159,9.702683511e-05,0.4833134499,0.3882971643,9.698911884e-05,0.3794737182,0.5344684654,0.1994765187,0.6333540744,0.2750684724,0.9999779773,0.558564829,0.3699431122,9.691493976e-05,0.3958117167,0.4605541389,0.9999780684,0.3777425121,0.541334363,0.6034833982,0.6339697939,0.2681665419,0.4732244525,0.4875325114,0.3869315523,9.712592578e-05,0.3937248194,0.5755130919,8.99017983e-05,0.6338697483,0.2807503771,0.9999742883,0.6445314613,0.263665984,9.098707301e-05,0.4247202507,0.4277426842,0.9999771917,0.5758739604,0.4080748645,0.769142676,0.3880124759,0.4825135776,9.694098913e-05,0.4613659439,0.5805413492,9.711766829e-05,0.5380358707,0.3500374209,0.9999780403,0.3380409176,0.5912441958,9.706846685e-05,0.353134482,0.4951822525,0.961856897,0.5685113677,0.5053688599,0.8862177719,0.6436474617,0.2580677822,0.6086934543,0.4566520339,0.4007235763,9.700554121e-05,0.5648759968,0.5014149772,0.000105196901,0.329268442,0.5983700316,0.6851720558,0.5766651582,0.3198871305,9.708583905e-05,0.2548944254,0.7675131847,0.0001055940579,0.368352207,0.4762460041,9.726576287e-05,0.6191521858,0.3929619432,9.723038625e-05,0.5197830624,0.6113582573,0.733742569,0.4180773367,0.446743913,9.710406507e-05,0.4523830356,0.3886265279,0.8188283235,0.511997406,0.5436247558,0.2310920223,0.6470412974,0.2537637805,9.765981516e-05,0.3260535212,0.5487482324,0.9999779718,0.6307383588,0.3579582439,0.5888697836,0.3743540731,0.4871841894,0.581684701,0.6448481649,0.2509520242,9.691064675e-05,0.3006459049,0.6381408585,0.3921285327,0.5967831263,0.4675010449,0.5528277607,0.5064192987,0.3518619452,0.9999781235,0.4542967028,0.6038915984,9.729875305e-05,0.4948408229,0.5297363294,0.9999780698,0.2457047891,0.710728322,0.3919589279,0.644434352,0.2523938151,0.558525551,0.4340789962,0.4251267657,0.4582875221,0.325093237,0.5334831921,0.9999779939,0.6301252803,0.4553735252,0.4815466008,0.5513179013,0.3182022283,9.726396356e-05,0.4077993073,0.4406457331,9.702885732e-05,0.5047455833,0.6444489803,0.5008142169,0.4823321692,0.5222787892,9.66424648e-05,0.6749893295,0.3273851938,0.1892034909,0.319212129,0.5766087064,0.6223965266,0.4627864446,0.398151787,9.709544067e-05,0.3474935481,0.4991891217,9.707865793e-05,0.6000805879,0.4599686818,0.0009764030154,0.3192897185,0.8060517348,0.6853071319,0.3974894887,0.4838761658,9.97147657e-05,0.2938116154,0.6423037482,0.4786324794,0.6468979549,0.2457952807,0.5706537471,0.5347203705,0.5524557667,9.701797901e-05,0.4652393999,0.3783455214,0.7800494484,0.3159450221,0.5814013547,0.999978015,0.6584385375,0.3421413308,8.987036555e-05,0.4459969054,0.5280182579,0.6628386125,0.4335307691,0.4507692129,0.5091358212,0.617341044,0.4176954651,9.034423871e-05,0.3244292842,0.523903471,9.724154628e-05,0.6020451912,0.5889642371,0.9999780894,0.4869836075,0.6413542617,0.6935942159,0.650949217,0.2433235072,0.5092729188,0.4788251309,0.50626406,0.5809308892,0.5563297929,0.3067464518,9.71176741e-05,0.3547487663,0.6088536314,0.5649664747,0.5143073843,0.3492327709,0.9950978354,0.6234679272,0.5171622509,9.709705855e-05,0.4030634021,0.4487727145,0.5835757764,0.3340352143,0.5241949535,0.4071051059,0.4443876273,0.5577423362,0.6511205697,0.4531669555,0.4223407051,0.1610834914,0.5258650147,0.477407442,9.684968533e-05,0.2650408716,0.6888882168,0.2875051968,0.6507439648,0.2457487748,0.3841527917,0.6603166116,0.3616081617,0.0003592336283,0.4711485003,0.6782430455,0.6500800217,0.6611229744,0.2389905891,0.4141922588,0.5506192157,0.3089851838,0.4143284341,0.3907456655,0.4741364199,0.9298947432,0.3020537894,0.6274787126,9.695852499e-05,0.6159461878,0.5036891249,0.2000559906,0.4253163938,0.5617068035,0.0001056087961,0.4393075316,0.4075533395,0.8038479583,0.6123590774,0.4318505492,0.5969735354,0.4633219345,0.4956037256,9.696930531e-05,0.3073970001,0.5620024296)
