mCurrentIter=100
mCounterStuck=0
mYPrev=-27.34497644
mParameters.n_iterations=100
mParameters.n_inner_iterations=1000
mParameters.n_init_samples=100
mParameters.n_iter_relearn=1
mParameters.init_method=1
mParameters.surr_name=sGaussianProcessML
mParameters.sigma_s=1
mParameters.noise=1
mParameters.alpha=1
mParameters.beta=1
mParameters.sc_type=SC_MTL
mParameters.l_type=L_EMPIRICAL
mParameters.l_all=0
mParameters.epsilon=0
mParameters.force_jump=20
mParameters.kernel.name=kMaternARD5
mParameters.kernel.hp_mean=[1](1)
mParameters.kernel.hp_std=[1](10)
mParameters.mean.name=mConst
mParameters.mean.coef_mean=[1](1)
mParameters.mean.coef_std=[1](1000)
mParameters.crit_name=cEI
mParameters.crit_params=[0]()
mY=[200](228.4919723,-12.78690202,54.39676068,29.68748682,860.4521106,79.78798802,30.23757778,-17.86764422,903.5981127,4.416514063,0.3945234817,-21.5534225,0.352759797,42.46158081,-0.7537354449,-5.356594941,131.151751,-33.60945307,32.77656098,-18.24523286,1799.768192,30.99525488,1581.043839,19.2824986,32.85400567,299.8042258,-35.4538108,-7.046493995,-4.308670873,461.3826118,-1.804430969,676.6528181,-23.37752335,8.482207453,-28.51398648,3039.440277,55.00768051,213.5524677,-31.56045597,3.558402162,42.92388978,20.28460107,-13.51212738,-6.902057228,18.37047742,426.3598872,22.62768269,10.21090538,40.0176043,-12.370686,-16.9609182,2.020888775,-35.53029653,18.29499757,1498.544459,9.206558933,-1.691558145,2710.659661,459.6676943,306.7931431,30.30122652,914.5542296,18.94512828,54.75433032,-23.10254866,10.9467947,-0.7515826161,-8.8494132,65.13852246,11.78233583,43.25845876,790.0892155,-15.47144247,21.11960685,-27.46205054,19.08476226,19.30318843,6.523839029,284.4632422,216.8194143,34.05640905,23.22652748,8.644198651,-9.238298346,35.56195682,20.7833052,-5.484205103,45.19064954,37.7944479,8.819470848,171.3200455,15.61591969,36.76384308,-19.92177598,15.64213852,-20.0041731,15.75889743,161.3844042,-22.58367113,8.096387625,-30.22148412,-26.88549434,-27.25748647,-27.98146511,-25.08176966,-23.7801367,-30.30104409,-19.88664377,-29.08408144,-25.4811358,-25.53514995,-30.31606824,-29.8898907,-34.25546429,-20.61790167,-17.68047554,-23.30029646,-25.37330876,-29.53634613,-24.58407315,-24.25964927,-28.84060101,-25.83500395,-4.129049659,-26.89031983,-28.95801805,-21.27922781,-19.71419094,-24.2710427,-21.0662421,-27.12299654,-29.58333469,-27.59698921,-23.91318225,-17.88250206,-32.39643807,-31.43656242,-20.27776772,-24.38714926,-25.39586633,-18.6321764,-27.27475549,-29.87019147,-30.35625425,-25.11019397,-27.47087802,-21.84297101,-31.70985879,-32.35849825,-25.91980355,-13.57421822,-27.30757575,-24.40145352,-26.88917063,-33.77003278,-26.04774721,-15.24948065,-28.32234652,-10.57208073,-29.43813526,-26.73186089,-29.12145816,-25.36795115,-18.59265901,-25.20844675,-31.97541671,-14.12227488,-30.27989532,-31.98536191,-21.75252062,-16.56947679,-29.99828672,-30.31111545,-25.35527392,-26.70050857,-33.61699295,-35.16005518,-24.99043911,-30.76110152,-15.02564754,-25.45047424,-2.886676111,-33.75074078,-26.1902265,-29.79053641,-27.49518204,-31.13741982,-26.82403604,-30.33492325,-20.64671107,-29.58123283,-31.40218759,-29.54074805,-31.85931523,-22.67371856,-26.46403081,-26.09278478,-23.39858273,-14.98859701,-27.34497644)
mX=[200,3](0.4328811905,0.4117174252,0.1051712104,0.3422184802,0.3184839083,0.7276107033,0.5190534491,0.04946039039,0.4974596055,0.9483792415,0.140922409,0.5254343038,0.282840225,0.2920692738,0.09168999317,0.1431970535,0.05185819636,0.4420029786,0.1212139666,0.9344502161,0.5544138033,0.8688399899,0.4319015664,0.6450029817,0.8051611695,0.02341050067,0.2611359265,0.7222892517,0.6321126698,0.7645511155,0.8586696889,0.3361203566,0.7805053352,0.3864348569,0.6564338946,0.3107181946,0.295605147,0.07964012356,0.5738566938,0.2052532283,0.6173812303,0.9702469333,0.2319039809,0.7388127874,0.5848857991,0.2602662886,0.4288185781,0.7557115659,0.9733346019,0.2433418096,0.3269467196,0.1774412285,0.4657968115,0.4113032747,0.5797730576,0.6777483068,0.9117999237,0.671982342,0.443479663,0.2943275408,0.5493747612,0.01165210848,0.167526291,0.6163915301,0.3970897528,0.9565380974,0.1309491347,0.2069408165,0.07216128543,0.04788671053,0.8945776737,0.4250789622,0.4940003364,0.9406840299,0.6011417589,0.1921020929,0.171479803,0.2437181682,0.6613594633,0.506076165,0.3752896163,0.5370035936,0.7882161901,0.1569456658,0.7629799633,0.7166827563,0.6210993284,0.1033304781,0.1989286058,0.2035052797,0.2735251682,0.7954244677,0.3921583205,0.8456384061,0.06541261476,0.2787634279,0.02501765553,0.2122091065,0.5373427262,0.7534971499,0.8024263314,0.658775447,0.6575349333,0.6002860603,0.4316462375,0.7325864833,0.006372259047,0.06740593341,0.4677669231,0.7726417909,0.9976000897,0.2575323952,0.9258617127,0.03212644854,0.5529773207,0.562763659,0.4709870066,0.3051658799,0.6800286051,0.6987834615,0.4039023607,0.7427796596,0.933190035,0.6950147783,0.6446786824,0.8557385471,0.5034047544,0.5389457395,0.1814080078,0.8313241132,0.6629476216,0.6657879217,0.2243027766,0.5164292322,0.1231163069,0.9814754035,0.1103988205,0.3084332483,0.01839858845,0.721509868,0.8074441457,0.07982186155,0.5289039755,0.8125944607,0.1886746023,0.5573291931,0.9658756317,0.03063867108,0.4794770363,0.6899396056,0.5936669801,0.697317955,0.4555753145,0.3321076202,0.1024073431,0.7932268719,0.3196356009,0.4056086329,0.4687132889,0.09570831074,0.8441010133,0.6383924092,0.328007513,0.3038480073,0.05509753983,0.6278031545,0.3275353444,0.8488958612,0.1524240931,0.4985074884,0.7475554483,0.114107079,0.1656205461,0.007631266816,0.6848054149,0.8318558386,0.0162156296,0.5692043636,0.2875391232,0.178811187,0.3544681683,0.7096485039,0.8782927102,0.8806550926,0.2312177766,0.1310096406,0.648646469,0.8268537842,0.7157233276,0.1690675671,0.9009486003,0.08308788365,0.08727013377,0.5825568727,0.5191147045,0.7063533898,0.8809993419,0.1972048033,0.6380180548,0.8106067194,0.3683938032,0.06451132555,0.3508867519,0.7366023743,0.8197782928,0.9591505557,0.9818298255,0.4735516481,0.8748392594,0.3391526074,0.8918743657,0.857951185,0.8921731262,0.7837173508,0.099880499,0.2374688433,0.7792349139,0.48676487,0.2148134739,0.928497318,0.3416235849,0.3504503084,0.2465210982,0.2739953204,0.4895860162,0.2196933955,0.9177786831,0.3823272404,0.9036802587,0.6286833056,0.8632015528,0.007482543783,0.08592716031,0.8276893196,0.6023886917,0.9679296576,0.02617417953,0.9357425025,0.1595495776,0.3420181264,0.4277837455,0.9788613859,0.1460708646,0.3674204918,0.1220655873,0.9205773801,0.9636286522,0.8645605825,0.1105263654,0.7152347449,0.5469690537,0.7042547455,0.7937436217,0.9847757807,0.5078611023,0.5829090815,0.1872328101,0.9070222005,0.8739494468,0.2571326029,0.5476279753,0.4852497538,0.7614772934,0.9473032172,0.9132510437,0.5906217795,0.0463526818,0.8215416179,0.03419210387,0.6111744895,0.5247589076,0.2665004048,0.2278437334,0.4106771958,0.3654394896,0.8807799149,0.4595273396,0.9902698057,0.4019243835,0.7456713449,0.5711833046,0.5939047884,0.05582333233,0.3855121989,0.2822558084,0.3751162928,0.3734606358,0.6703558114,0.9925585124,0.7505464355,0.7799054371,0.398739766,0.2239925627,0.2540731335,0.9564418072,0.4523582785,0.560494341,0.4492196843,0.1397693907,0.8349527419,0.4178308077,0.6026741007,0.2629546764,0.4920563581,0.5965230625,0.2656727941,8.608613217e-05,0.5296715987,0.3067063496,0.9023943941,0.6334788984,0.2479872941,9.059844863e-05,0.4918727942,0.3306133237,0.2644951223,0.6484618074,0.2386201087,0.9942116036,0.5442582115,0.3018603209,9.69920144e-05,0.4253758233,0.3812984359,0,0.3778770025,0.5383646359,0.9999710823,0.6494061994,0.2376176245,0.000110880121,0.6229310879,0.2506284489,0.667487004,0.5072441796,0.316346474,9.70804189e-05,0.4004482277,0.4098673494,0.8687544182,0.5268042623,0.3062088301,0.9999779787,0.4229232138,0.4467208083,0.07553698432,0.6678811367,0.2321492424,9.720756128e-05,0.2654256901,0.6246266244,8.872753926e-05,0.5003041092,0.3148377801,9.700439933e-05,0.4021060353,0.5405719928,0.9999692708,0.6568746456,0.2297466931,0.2681595046,0.5116279275,0.3009908123,9.696463621e-05,0.3745478473,0.4368442934,0.9999779331,0.496810457,0.3492804426,0.9999779239,0.249500545,0.6568407077,0.9999691664,0.6557113569,0.2296317933,9.03071192e-05,0.4616535012,0.5625331775,9.704771064e-05,0.4491763662,0.3541476227,0.9999779335,0.3927496689,0.5068976012,9.694502296e-05,0.6029057285,0.3793650273,9.70544557e-05,0.6684839217,0.2287665875,9.696073603e-05,0.3033493758,0.5941951102,9.705704493e-05,0.3596642459,0.4662148432,0.6302498724,0.5453386615,0.2725023099,9.692693762e-05,0.5644730124,0.5341261033,8.923517451e-05,0.2084950658,0.6750909024,0.4856066412,0.5437264992,0.2732133705,0.688084219,0.4473104657,0.3805530497,0.999977994,0.65284157,0.5023884692,0.807297274,0.3562302552,0.5772404376,0.9999852785,0.6446129157,0.329965257,0.9541120225,0.670031547,0.2199264375,0.2091364988,0.5356661311,0.2796625237,9.727378741e-05,0.4923803938,0.4639938461,9.661273122e-05,0.328084072,0.557475648,0.9999779389,0.473343429,0.4632244341,0.2030496182,0.4398120282,0.3525707608,9.687438774e-05,0.5021853385,0.5980736319,9.706503066e-05,0.3470256405,0.4734143685,0.8892319966,0.548552046,0.2727963648,9.697948813e-05,0.6028448628,0.4213447053,9.703606273e-05,0.7273269872,0.2455277161,0.5437079177,0.4702852517,0.3326947931,0.9999779103,0.50697271,0.5399539397,9.589867521e-05,0.3037376,0.6038235913,0.5426513368,0.3695411423,0.4866030141,9.710660124e-05,0.4020486766,0.3918674693,9.700529063e-05,0.6782618487,0.5092284288,0.9999780387,0.6118058284,0.3765957948,0.9999792768,0.3204436099,0.6206312869,9.729919922e-05,0.4642485323,0.4988357674,0.563597503,0.5726103239,0.2507438045,0.7800342642,0.4627631973,0.4074744316,9.700985615e-05,0.4538464256,0.6018189498,0.9999779873,0.7364571298,0.2581789302,0.0001022782176,0.5532179367,0.2745935088,0.4046756933,0.3435725698,0.5182408252,0.9999780254,0.7077335975,0.5043650651,0.5973241238,0.5185012469,0.2896418273,0.4482877744,0.4921642668,0.4772036471,9.710824381e-05,0.6268105468,0.3501029108,9.706121381e-05,0.2146858644,0.6968524356,0.507877847,0.4628691636,0.3358903923,0.0001058364592,0.2998170393,0.5430294628,0.7927530289,0.5213837967,0.5789343121,9.710415092e-05,0.37901374,0.4212367505,0.5740644173,0.520251039,0.4237311976,0.5534407965,0.4013995618,0.5257687395,9.727080127e-05,0.380494918,0.6134749909,9.706980525e-05,0.5007682143,0.4863202403,9.69877551e-05,0.5907794162,0.5955145114,0.5707774478,0.6390555656,0.2127046853,0.9999779897,0.2307912852,0.7154971885,0.8707946924,0.5721335372,0.2557163588,0.3261728835,0.5714464712,0.2529547229,0.3844806554,0.4692586246,0.3255635321,0.999977983,0.6524767246,0.3469701054,0.6505541228,0.3933494433,0.450987467,9.70199413e-05,0.2462012025,0.598928147,0.2589598454,0.5367273197,0.4044841256,0.5217636633,0.6590829209,0.2097215766,0.6171563706,0.3620926566,0.5543609939,0.6871519385,0.5185738308,0.2929139662,0.7478070114,0.5290774322,0.4999796475,9.694054397e-05,0.338979419,0.5007571286,0.2621227688,0.4513101536,0.3414936906,9.708944842e-05,0.4490646517,0.5110696701,0.6563254619,0.4045137225,0.6085851802,0.999977948,0.6495878103,0.4243209716,9.706964899e-05,0.6769106119,0.4701523039,0.4125063695,0.5727403487,0.2542080945)
