mCurrentIter=100
mCounterStuck=0
mYPrev=-10.61823239
mParameters.n_iterations=100
mParameters.n_inner_iterations=1000
mParameters.n_init_samples=100
mParameters.n_iter_relearn=1
mParameters.init_method=1
mParameters.surr_name=sGaussianProcessML
mParameters.sigma_s=1
mParameters.noise=1
mParameters.alpha=1
mParameters.beta=1
mParameters.sc_type=SC_MTL
mParameters.l_type=L_EMPIRICAL
mParameters.l_all=0
mParameters.epsilon=0
mParameters.force_jump=20
mParameters.kernel.name=kMaternARD5
mParameters.kernel.hp_mean=[1](1)
mParameters.kernel.hp_std=[1](10)
mParameters.mean.name=mConst
mParameters.mean.coef_mean=[1](1)
mParameters.mean.coef_std=[1](1000)
mParameters.crit_name=cEI
mParameters.crit_params=[0]()
mY=[200](12.5140347,115.4086815,-3.618472082,431.5219465,-10.56900668,60.82271512,359.4304361,-28.34534167,2247.336648,68.69035998,14.75881642,-15.17383927,8.752761734,70.30899605,43.94777765,6.89924437,24.19538665,330.0646533,21.20567142,913.4128839,-7.51509863,-11.38168125,448.8596061,-8.221616197,32.55514845,125.1104179,351.4447336,-8.179905103,16.36079199,-19.19838768,30.20398147,17.7395928,-22.23035173,4.118326314,29.17013139,10.36543974,-8.775919104,837.745525,34.37624403,2.347747507,-16.85377315,127.8429153,1226.320509,-3.253032666,-16.03856899,-15.75880115,-0.5522428283,-18.79210122,17.72213345,15.54288299,-21.41820124,29.07543264,44.25831591,22.13814597,6.785537601,34.32247729,2.315868478,-10.20819825,23.30820418,416.5586533,29.71931596,-13.39753292,-17.86050686,-0.09971223496,28.65853612,16.68584801,15.5962398,12.35123475,29.83789262,34.36410403,1318.215368,-19.04170066,-18.17346502,20.9799396,-25.31437497,60.0955494,26.95280559,435.405372,17.95519908,10.39525907,668.1953588,0.198261362,19.55430141,-2.192490042,10.15417858,55.56385462,9.812262025,2056.422894,36.10562447,396.7765676,-11.31919644,1.130448027,-1.123917517,41.13763695,-23.85421413,181.6473514,920.7558147,530.1561721,171.610749,-20.08694682,-9.337454657,-10.91738589,-11.19176479,-14.36268223,-24.72988733,-23.9144334,-27.23007235,-11.57544574,-15.04381028,-24.31146612,-26.67562233,-5.364370245,-19.75137885,-28.27375535,-27.49649782,-9.719644745,-18.65112776,-1.4871693,-22.92921853,-10.50586506,-27.32810458,-28.19243481,-16.48413907,-21.24550271,-23.05035641,-24.98479884,-4.527405655,-22.27432626,-28.13294102,-7.588432639,-22.83016296,1.444153521,-19.10109032,-13.79450525,-16.69538246,-15.91587072,-27.58822009,-30.03853272,-12.41363148,-13.41154884,-24.61303203,-20.06876314,-4.682845525,-15.74838305,-16.10890252,-16.10903115,-14.75168523,-30.5518012,-26.27344031,-29.39466868,-20.72815632,-17.02042759,-6.555566749,-28.47767111,-16.31547516,5.517003076,-16.93342229,-25.11420872,-11.25566313,-29.11211504,-0.7776087485,-5.780185166,-16.55426642,-18.40508528,-18.08090624,-31.00250984,-15.6131247,-28.19296524,-29.23789502,-9.814496328,-20.76348461,-26.19805705,-20.27273079,-16.56304184,-26.93957564,-31.56884634,5.445499336,-16.57298658,-24.94663746,-23.68807791,-14.5250792,-25.58709281,-15.30086647,-21.09692342,-30.27347972,-9.76128993,-27.65312384,-25.18781605,-30.17926703,-18.8952006,-5.001321397,-11.98941877,-23.43327455,-26.64294769,-29.84259963,-16.18719135,-28.36355821,-17.92904374,-4.81426969,-10.61823239)
mX=[200,3](0.263336659,0.06204157551,0.8195819925,0.6103690112,0.5033668179,0.1184427416,0.5730786284,0.5142127592,0.7463505943,0.6318452026,0.3377500968,0.1548986894,0.7691091952,0.7433601619,0.4266345686,0.5948698034,0.9957542287,0.8723847217,0.5364166335,0.4982520912,0.05940680697,0.4033760536,0.3424421202,0.5826249699,0.5148510134,0.2243777291,0.01522226988,0.327253436,0.9159317507,0.9987230073,0.3872965301,0.7921504394,0.6756730453,0.08646242242,0.406550504,0.3872170143,0.5243189321,0.6598452313,0.7561801642,0.3942746517,0.1189592925,0.4172593685,0.303746989,0.9565938575,0.7233212804,0.5802221238,0.7575113176,0.6533510017,0.02616619628,0.920825559,0.4667589091,0.2499542136,0.4597855226,0.1002104335,0.7343361002,0.2107953145,0.5154625743,0.7061289075,0.3610144378,0.06188478014,0.1112410197,0.4168786714,0.7336716183,0.5452329929,0.6889741015,0.2774513276,0.6626475052,0.03125180092,0.3530915434,0.1638345274,0.4668602251,0.3266078039,0.1370480266,0.3290922172,0.9665595933,0.7409907262,0.1309332612,0.4345476506,0.1494639406,0.8137893766,0.02042063551,0.3109832659,0.3121431313,0.3955411346,0.5633120938,0.8219878217,0.07061928631,0.04691017557,0.1832749445,0.6456637007,0.5016294095,0.9458204072,0.5029095793,0.620789089,0.8010166196,0.6888942491,0.2572433049,0.5608666312,0.4942274619,0.1979664514,0.7806447636,0.5524044243,0.6473136631,0.9372875949,0.5985862035,0.336683375,0.853798295,0.3693223324,0.3660693158,0.7043498568,0.4816061576,0.1710705003,0.4221229542,0.04284754525,0.06788340435,0.977848521,0.2530992946,0.9486857224,0.7707128824,0.5658121333,0.8757944207,0.6620440428,0.4097056907,0.7757141523,0.2352603294,0.3475241678,0.8388791752,0.08328572856,0.2090182362,0.4542439838,0.7682913485,0.09781874937,0.05581243163,0.629700638,0.2964485862,0.4675387402,0.5510437828,0.6344948659,0.1039541612,0.3584288384,0.7913877116,0.9586610402,0.5215935119,0.5237660658,0.9266467514,0.1014180519,0.8520690466,0.9137801198,0.8615120881,0.1710404791,0.2011064733,0.3873650579,0.6619573139,0.7818874834,0.8495469728,0.7671464317,0.6897618803,0.647569726,0.984898213,0.5594435423,0.8326349918,0.7179127295,0.417364784,0.2644840081,0.83111045,0.09357441136,0.1284292807,0.9718182709,0.6989052517,0.1925560136,0.7043433976,0.7903121599,0.7313693736,0.1494796771,0.2239855956,0.8783105758,0.08500829801,0.1202977119,0.2839992161,0.1801266527,0.8691252464,0.6393739246,0.1248884067,0.2165072234,0.1506939857,0.6022613686,0.4871438881,0.2476737106,0.5370811465,0.1556065738,0.439135432,0.316730473,0.3744341997,0.4408487661,0.9388434915,0.6096589059,0.02034386514,0.8422361378,0.0702941364,0.2922370756,0.884734852,0.9366299827,0.07749410142,0.6953248666,0.2916219644,0.2523606998,0.9526036814,0.8893340307,0.9645896521,0.4493789232,0.03396056199,0.01891775046,0.2179023829,0.7242304593,0.5770880962,0.5710388986,0.7107942444,0.476253901,0.6210068703,0.9796357726,0.6022532437,0.862886836,0.6733950447,0.3963310977,0.5434885282,0.8243564132,0.9893592237,0.8971825396,0.9887751316,0.3023760027,0.9185222358,0.005551457431,0.05692370517,0.3075195329,0.9924962277,0.8894532589,0.1630942418,0.7541347231,0.4886312964,0.8272779886,0.2759328331,0.04852459853,0.2809800328,0.1857498584,0.1695887825,0.7860875579,0.8159337165,0.9002305866,0.2231711734,0.9079736747,0.5964020138,0.1346408606,0.8069881445,0.2778982245,0.4750883144,0.4248123215,0.8957175173,0.9290391741,0.3484884507,0.09737206773,0.8090519985,0.01247662273,0.7110903232,0.004066797947,0.4489754518,0.7216546272,0.9022883601,0.8401660207,0.2026605307,0.2643305307,0.3544921342,0.6949851631,0.3770250119,0.4925234034,0.5437525082,0.7725250701,0.2301093301,0.5314641558,0.2412432954,0.287171172,0.6772641132,0.9487690703,0.4304470257,0.3773442179,0.6187144855,0.854060911,0.5822517353,0.03615739163,0.8939871061,0.1713672516,0.1968824724,0.4751969811,0.1424822618,0.2376786593,0.9624754408,0.006934328966,0.4569076443,0.652346622,0.6126855172,0.332504798,0.9999779928,0.7314303663,0.2607490169,0.9999779744,0.7320599474,0.259521215,0.9740376276,0.7281326115,0.2595348246,0.9556849143,0.7301584952,0.2574869803,0.155446653,0.516267668,0.4632320585,0.4463754058,0.5524954624,0.4242139145,9.692613301e-05,0.4717232171,0.5089820841,0.9020068056,0.7288443938,0.2552153572,0.5763701225,0.6881385225,0.300599163,0.5008835752,0.5352858537,0.4366915302,9.720861903e-05,0.4562875442,0.5257009744,0.9999779916,0.7478462664,0.2352201202,0.393585455,0.5785279529,0.4018073942,0.5391513409,0.4867953512,0.4793749297,9.885685783e-05,0.4389360108,0.5530351136,0.5792915362,0.720294551,0.2670802792,0.03886519748,0.5960309002,0.4061641885,0.9999781557,0.3662781021,0.6597641557,0.8476772721,0.5115825586,0.4585083256,1,0.745594921,0.2265366755,9.003819099e-05,0.4301411535,0.5477721956,0.4851298116,0.4696712328,0.4906110195,0.4232625083,0.6300301039,0.3496475539,0,0.4499935406,0.6117916065,9.709142268e-05,0.5202454895,0.4592661674,0.7273705319,0.4505630495,0.5246845167,1,0.7432371505,0.2220113597,0.8115761287,0.5683313383,0.3949082389,0.2799978606,0.4368283475,0.5037480488,0.4059451274,0.7113661794,0.2678712342,9.71716704e-05,0.3478298493,0.6507521223,0.9999780063,0.3534307552,0.7051472509,9.693886368e-05,0.5786740307,0.4155972146,0.9999781927,0.447000192,0.5547483152,9.698073415e-05,0.56175136,0.5775642328,0.9999851132,0.5317595821,0.4379638621,9.687984209e-05,0.4333234046,0.4942497504,9.716680809e-05,0.3562252323,0.575409242,9.418137544e-05,0.7228456687,0.264392228,9.751164813e-05,0.5216334804,0.646714467,9.055993446e-05,0.5119488752,0.4538096555,0.9999781105,0.6108804736,0.3505381899,0.9999781034,0.3948460436,0.5831025784,0.0001058813964,0.6241350509,0.3646050606,9.688507571e-05,0.5930791532,0.5317179288,9.575651726e-05,0.3150449404,0.7058543601,0.9999779552,0.5042614765,0.4671729222,9.682513202e-05,0.3671042983,0.5377008682,9.768926348e-05,0.4430602381,0.4760348599,9.163620863e-05,0.3316712613,0.5953828243,9.683826906e-05,0.5509909101,0.4202007181,9.515936211e-05,0.5650385425,0.5756638446,0.8595491243,0.7254062976,0.2159629831,9.697405979e-05,0.3823423788,0.520224407,0.9999780995,0.5750762248,0.5256136304,0.9999766197,0.331799313,0.7587278764,0.9999780611,0.6145199263,0.338167389,9.707082592e-05,0.3255749815,0.6260109718,0.0001032978964,0.508610118,0.6775419375,0.0001987889708,0.4398901505,0.4804696891,0.9999780244,0.3556165725,0.5974263297,9.327421428e-05,0.7204466855,0.2495808413,9.69824217e-05,0.6083672686,0.4898033064,0.8753366195,0.4870580717,0.4459063238,9.689471823e-05,0.6094506542,0.3668524319,9.719637908e-05,0.3703176451,0.5456100976,9.625239046e-05,0.2900840136,0.7123162325,9.693460553e-05,0.4442968481,0.4664464315,3.291416368e-05,0.3648063588,0.5739750478,0.9999780562,0.5447037786,0.6376070052,9.86791185e-05,0.5234835389,0.5689965188,0.6929132303,0.4303817357,0.4945335209,9.86844811e-05,0.5188640466,0.4241367129,0.9999779821,0.5621726863,0.3885905806,0.0001017863431,0.3170551087,0.6147340279,9.691031405e-05,0.386028295,0.5138447979,0.0001517347421,0.448182238,0.8081901305,9.677560818e-05,0.6056310957,0.5089822735,0.6866345798,0.4208127537,0.5161906004,9.715162473e-05,0.4470178005,0.6013791671,9.028427844e-05,0.6407290934,0.3256535715,9.071587978e-05,0.4464008179,0.4599378166,0.9999779434,0.619607942,0.4944513865,9.690982309e-05,0.2936417833,0.6722831461,9.692476351e-05,0.3481317787,0.5520593105,8.992812656e-05,0.5366840464,0.6722749106,0.5671013486,0.4292539678,0.550927062,0.5477187948,0.4807337147,0.4362619604,9.691975783e-05,0.3942068875,0.5035964634,0.0001057223157,0.5511731813,0.4025133012,0.8480957271,0.3072933924,0.6213004757,0.253679365,0.7176811343,0.2234861364,9.704109422e-05,0.4804243649,0.5633196516,0.6126247253,0.4375288455,0.474841211,0.0001014072214,0.3197989423,0.5742157116,9.703094416e-05,0.6259032623,0.4663345994,9.696973559e-05,0.4025139854,0.4939176494,0.9999703137,0.7186639454,0.2043516784,0.9999711405,0.7187048252,0.2048387459,0.9999723462,0.7191434712,0.2053013657)
