mCurrentIter=100
mCounterStuck=0
mYPrev=-41.46863268
mParameters.n_iterations=100
mParameters.n_inner_iterations=1000
mParameters.n_init_samples=100
mParameters.n_iter_relearn=1
mParameters.init_method=1
mParameters.surr_name=sGaussianProcessML
mParameters.sigma_s=1
mParameters.noise=1
mParameters.alpha=1
mParameters.beta=1
mParameters.sc_type=SC_MTL
mParameters.l_type=L_EMPIRICAL
mParameters.l_all=0
mParameters.epsilon=0
mParameters.force_jump=20
mParameters.kernel.name=kMaternARD5
mParameters.kernel.hp_mean=[1](1)
mParameters.kernel.hp_std=[1](10)
mParameters.mean.name=mConst
mParameters.mean.coef_mean=[1](1)
mParameters.mean.coef_std=[1](1000)
mParameters.crit_name=cEI
mParameters.crit_params=[0]()
mY=[200](39.47505399,-27.5569511,18.83512772,-32.22815582,0.9951736242,-46.66903833,3035.928831,5.514672729,-20.95829732,30.34632693,-34.12041012,-11.95690143,-29.73772482,-49.56461011,18.87237461,-40.72236987,28.65031013,244.9368611,18.76447132,-21.20097981,8.623546196,418.7815357,-2.240387128,562.4326683,-26.19566693,-28.80604125,-37.42695545,-21.67781469,-33.81470031,13.87903116,-24.9322767,23.24865894,24.27559086,-2.25772966,-45.91318269,112.2705167,-2.410493246,-3.447611789,-20.47033534,652.1171144,4.39544634,-40.98922688,6.039264429,-26.62175316,-5.71826368,-30.72255717,9.95939674,-42.21232968,-27.42216371,-36.33038704,-17.21368787,37.38746174,-24.73416708,-35.18148131,481.4215643,22.80733917,44.90143391,-4.703671368,-11.8707805,-27.19370175,45.03063487,-9.503723595,1.269367237,48.52816888,22.91706979,125.6513487,-28.44502627,3.409228839,24.19130305,-42.28353104,119.0607303,29.38238566,763.6295538,-12.38786813,-22.13398694,22.83428394,1565.992386,-18.66280853,-13.34757396,-10.14737664,-41.59950831,37.98620821,-47.02290098,51.55753679,18.25394709,139.9873226,0.7699079936,28.6894946,33.99680876,-16.04526495,901.8568527,-32.37873949,15.96995135,15.37818296,13.40740939,338.3897452,7.804312154,38.48592471,1605.536757,1834.61819,-41.98573104,-36.74836367,-41.71722157,-39.5676568,-37.76445015,-39.63607779,-48.16681869,-43.01378158,-33.64519355,-43.9700476,-41.21980318,-33.71558387,-42.10746845,-35.79166106,-44.91972668,-45.93338777,-33.28983754,-42.99858448,-32.17435173,-44.13323027,-45.48085267,-42.63354158,-39.68843709,-37.69916853,-36.55188298,-43.29108645,-30.71330669,-32.49024212,-43.43259947,-43.58476075,-42.45484178,-35.29421818,-36.61211545,-40.06849976,-38.3748587,-44.22590657,-38.20997858,-47.45273696,-40.09630228,-38.06575936,-43.13679787,-34.45059104,-49.8859648,-33.76152329,-44.9538178,-45.36543807,-45.42220637,-42.1055598,-36.54923765,-39.2985565,-43.19820583,-39.11806056,-39.60255941,-47.48167654,-33.67650068,-45.2874123,-40.22856063,-41.23455888,-27.86687401,-21.68098017,-49.49052104,-42.41176947,-32.49148983,-43.69566368,-32.99006853,-39.75810413,-42.47058256,-43.71343281,-41.76042328,-47.17213455,-39.1047378,-38.91546966,-43.70583913,-44.49017351,-44.41861828,-39.75944859,-22.54023618,-34.4813141,-36.78999918,-39.77834511,-48.05716631,-42.70979736,-46.74987139,-42.15078493,-42.6808392,-42.80267116,-43.49600011,-38.61404153,-44.18522722,-48.48938593,-33.81783971,-47.56163466,-35.21900047,-41.01737778,-31.11711848,-38.61062453,-45.80104737,-43.06769029,-49.03460213,-41.46863268)
mX=[200,3](0.7896176243,0.9992377116,0.1147822174,0.622266047,0.5500969467,0.09517887849,0.4631585343,0.8998384592,0.586258992,0.1274563445,0.07876123176,0.6097178925,0.195525063,0.4263341879,0.2338635933,0.5720590462,0.5029182261,0.3891531715,0.1491699876,0.08225309203,0.004458489018,0.0879495229,0.7565269672,0.6965990791,0.3446142992,0.2944882452,0.7371555978,0.1029267766,0.3872492866,0.9748858399,0.05305092331,0.6302700076,0.1366790413,0.3855350777,0.1432594389,0.429617546,0.03903498669,0.5189755846,0.1991670738,0.9538231044,0.4767754515,0.3648358086,0.3780610702,0.9478186545,0.2841610469,0.7446607156,0.6280666796,0.3050426034,0.8039982805,0.9868921948,0.2755414766,0.8481912174,0.1386111526,0.2642686517,0.1541860227,0.9324406812,0.3487027494,0.517284199,0.7220669189,0.4345577234,0.3033427102,0.05410042415,0.8995261046,0.1392441926,0.2374556634,0.1728044548,0.9302362427,0.8554000113,0.3180894724,0.9642119151,0.01561441758,0.2564934165,0.6171861095,0.06125863272,0.6885081141,0.7256381379,0.1063420734,0.557826283,0.2961923407,0.6153433781,0.1657311225,0.9487777821,0.3704329973,0.7265054245,0.583697729,0.5808887226,0.5434666794,0.3333559075,0.7362032614,0.7765451297,0.27491187,0.3362602816,0.7063288736,0.09814402373,0.8451120477,0.7453800388,0.9900926617,0.4922293815,0.9567283586,0.5438266071,0.7088534893,0.05354593152,0.6489468072,0.5333415049,0.3939227676,0.5993079854,0.9626788532,0.03874656485,0.4818663296,0.4876224906,0.8070561147,0.7674465659,0.2554288252,0.8362875708,0.2297066911,0.5960902982,0.6260842538,0.4523229367,0.2156768104,0.1517426621,0.697013388,0.5671170949,0.8294755278,0.1604535274,0.4357305335,0.5266688561,0.3975548033,0.7887828071,0.6751105631,0.7134880538,0.698652397,0.4676156733,0.4101759983,0.5499706067,0.7677275285,0.07008355882,0.1247074307,0.513731585,0.6838101129,0.8883389271,0.4955439092,0.862127263,0.6063278647,0.2909116637,0.6369271915,0.003232425381,0.6699491247,0.2830028492,0.2485554866,0.6490207341,0.7018338677,0.03484077019,0.7590842155,0.0156962811,0.4540931455,0.9978264988,0.6731286015,0.3205592208,0.7153412613,0.2362095371,0.57938196,0.2182297064,0.4903764177,0.3655296701,0.0823684017,0.8162689085,0.2609067693,0.9635944699,0.4310361875,0.8223605084,0.94299545,0.1811353844,0.2034698522,0.3731197502,0.2157667343,0.681648383,0.6119283011,0.3571080854,0.6507385267,0.4888358926,0.2560787709,0.4668366212,0.1499450289,0.7760017452,0.4479180637,0.7871762273,0.1730983898,0.2706396295,0.8522661778,0.6003203246,0.9215230235,0.9096194207,0.04692912342,0.7632439908,0.81962763,0.5686123151,0.09052694102,0.3303023968,0.8248695831,0.02855619094,0.6541055231,0.2090668742,0.8374492407,0.501410966,0.4289659237,0.9556361469,0.3211937894,0.7337772745,0.4033910235,0.5773645917,0.8324150764,0.398661434,0.1070680844,0.4730079582,0.8109793314,0.8464126873,0.8984227808,0.04731072668,0.2213015977,0.9129092092,0.7954134895,0.4098709957,0.0653707445,0.6613846695,0.5372249756,0.9006409005,0.7712757112,0.8633521869,0.002091120181,0.3184992506,0.01432754172,0.40663201,0.7190232474,0.1810253681,0.6558192962,0.7410723997,0.07084173807,0.8807475677,0.8070224902,0.2433741233,0.2480516961,0.2888917501,0.441774366,0.8530699238,0.1870651117,0.3576872194,0.3227078705,0.3408329664,0.4706932474,0.8745717893,0.9790005872,0.8866092562,0.5393988836,0.9011931676,0.5984201737,0.02001113917,0.3080433178,0.2030693505,0.9255275708,0.1973899431,0.4122996759,0.7951794565,0.4125846324,0.9824400653,0.9725176183,0.8759232292,0.8731135212,0.367256795,0.6442715912,0.6307744653,0.2694771556,0.2206688612,0.1244039626,0.5221516436,0.1163951952,0.5636839746,0.3184154683,0.1592398191,0.9324822718,0.66626143,0.3582081847,0.92206855,0.7511961525,0.9142434057,0.4525268414,0.1198843797,0.5288930484,0.02608148324,0.5579835037,0.6775621511,0.7950638677,0.9802217942,0.8609565879,0.9124621584,0.4448132841,0.1790291361,0.0608599308,0.5098337232,0.1651817787,0.04644129109,0.9999711471,0.6126448114,0.2273414441,8.562475457e-05,0.5363956915,0.3082718922,0.9999668712,0.6260011645,0.2182648782,9.689744413e-05,0.4652429022,0.3540644301,0.9999712982,0.6268914924,0.2166912203,0.999978044,0.3213603952,0.5282198916,0.9805202437,0.523697947,0.2859959484,9.719416008e-05,0.4157431396,0.4244887655,0.0001110935703,0.6291538152,0.2564861771,0.9999780695,0.4055435958,0.4421352826,9.6920947e-05,0.298248937,0.5629733599,0.9999780028,0.6710480548,0.1890170293,0.8013511682,0.4999416346,0.3041311882,0.9999781226,0.2743848192,0.5860267096,9.706591467e-05,0.4419857965,0.3737707012,0.9999781406,0.4046813134,0.4608060925,0.09362544305,0.6172855795,0.253332639,0.0001042861184,0.32458031,0.5132998106,0.9999769498,0.6688899913,0.1871124476,0.9999835182,0.4887427629,0.3144597152,9.683674908e-05,0.4397266087,0.4466641101,0.9999779824,0.4107215605,0.3918000532,9.698087668e-05,0.2739911405,0.599566084,0.9999781008,0.2946932899,0.5191716666,9.061187544e-05,0.5549537915,0.2985247572,0.9999780548,0.4863074911,0.4950842815,0.09707078122,0.6847928771,0.2062750729,0.9999780053,0.2325354474,0.630783966,9.693886839e-05,0.3666643802,0.4501035902,0.7623052046,0.5592237305,0.2528026608,0.4806466272,0.4384065291,0.3503384159,9.70543658e-05,0.4077022176,0.5969657908,9.706192839e-05,0.5937280702,0.3808511646,0.9999648151,0.576020485,0.2389727496,0.9999780115,0.689516864,0.1732457607,9.694131264e-05,0.2878591463,0.511353628,0.9999780825,0.4463966506,0.6020397362,0.9999780043,0.5034213032,0.4508371998,9.789589452e-05,0.479802368,0.4780181645,0.9999785109,0.329582367,0.4787303293,0.4403461316,0.4063116748,0.3829391136,0.0001069188086,0.2014130988,0.6574067996,1,0.5137318004,0.3105398294,0.999978063,0.2457590193,0.5908406614,0.9999779602,0.5884384104,0.3735446823,0.6470191356,0.3909082239,0.4104355153,0.9983974106,0.5529281495,0.2683870372,0.9999781175,0.4766494453,0.5247013285,0.2652426515,0.6011119876,0.2403671337,0.9999685954,0.6574915549,0.1843329118,9.691241344e-05,0.2806381729,0.5308564316,0.0431911114,0.5004597624,0.3184163066,9.007289223e-05,0.521814716,0.4465747647,0.5771296236,0.3392696631,0.4786974014,9.715831122e-05,0.4064174205,0.6169227343,0.9999780596,0.5363592865,0.4208612717,0.5972611171,0.5765600589,0.2417298078,9.702881255e-05,0.4319719904,0.5116360345,0.999978079,0.2004458132,0.679600226,0.1073074117,0.7078910067,0.1875407124,0.740093851,0.4288450285,0.3668876396,0.06483160822,0.380941789,0.4143335764,9.731119473e-05,0.6335606017,0.3500265269,0.7328671019,0.2686397878,0.5312017608,0.9999850598,0.4614991538,0.6302959894,9.706206551e-05,0.2279497824,0.5998732041,0.9981738841,0.4956270038,0.3132255775,0.9553489404,0.3862927684,0.4442224494,0.9999780485,0.5329828023,0.4869101684,0.5763477463,0.3822160002,0.5261528333,0.3623024626,0.533061097,0.2778971332,0.9999780351,0.6019847882,0.3651991918,0.9999739844,0.6062056579,0.2078579678,0.2989009362,0.4872135206,0.4253544626,0.2046874119,0.310992886,0.4811299071,0.3344827577,0.4570306838,0.3413965708,9.701966269e-05,0.1774352599,0.7197666694,0.9999780126,0.6824022999,0.1693041231,0.9976248969,0.2981897009,0.5970499799,9.731247819e-05,0.4621520828,0.5316998899,0.7760824225,0.3925277415,0.424446671,9.702654771e-05,0.2396205754,0.5677255551,0.7785056729,0.3954822831,0.5100977029,0.3857429371,0.522503528,0.4311344421,0.7666902628,0.2627321885,0.513904962,9.705411285e-05,0.3522755881,0.4418503836,0.9999774043,0.4443517508,0.377971473,0.999978076,0.542561899,0.5451832101,0.9999242267,0.5807572491,0.2184480607,0.9981241089,0.5730050207,0.2618880084,9.700775277e-05,0.3553719274,0.6270055018,0.5588695482,0.4171360638,0.480206586,0.3725034488,0.5905194277,0.2343396573,0.3660052384,0.4948760688,0.3121206686,0.9999756777,0.2045602821,0.6361825296,0.9999791228,0.6379479113,0.3355273293,0.5197740928,0.3575898485,0.5469918378,0.9999780183,0.5428014231,0.4332973761,0.627796947,0.382009269,0.4250748621,0.2129373803,0.5043764872,0.3820728436)
