mCurrentIter=100
mCounterStuck=0
mYPrev=-11.46636606
mParameters.n_iterations=100
mParameters.n_inner_iterations=1000
mParameters.n_init_samples=100
mParameters.n_iter_relearn=1
mParameters.init_method=1
mParameters.surr_name=sGaussianProcessML
mParameters.sigma_s=1
mParameters.noise=1
mParameters.alpha=1
mParameters.beta=1
mParameters.sc_type=SC_MTL
mParameters.l_type=L_EMPIRICAL
mParameters.l_all=0
mParameters.epsilon=0
mParameters.force_jump=20
mParameters.kernel.name=kMaternARD5
mParameters.kernel.hp_mean=[1](1)
mParameters.kernel.hp_std=[1](10)
mParameters.mean.name=mConst
mParameters.mean.coef_mean=[1](1)
mParameters.mean.coef_std=[1](1000)
mParameters.crit_name=cEI
mParameters.crit_params=[0]()
mY=[200](28.2615789,-23.50117826,-16.82306719,-24.893003,-21.37879586,1373.212026,-10.33642677,-30.87056517,22.01588914,-24.60890107,723.9279779,84.54164607,9.210283766,71.99835872,183.3470837,13.02131664,377.298589,460.9278641,-34.30116322,1168.54988,7.196075758,30.12226335,8.150420798,10.21926888,-6.619472051,658.1607024,-7.008600579,379.2757777,58.04203936,15.25081077,7.898642138,3.21278976,2207.339655,44.95426793,5.310178875,-25.72105169,-23.03379751,-13.90127997,40.04496876,208.1163744,3.719580343,14.67932523,1978.717522,-19.56883622,25.52061827,31.52809661,-24.96184958,32.79773316,75.17281033,-25.36143138,33.49721489,19.37753854,14.95488703,28.92648325,1268.902148,2.679123681,-26.91847027,26.72869536,3582.660967,838.2391767,-2.993267255,10.03898073,27.47766008,32.11293768,39.27262866,25.5500095,43.88107105,8.068651533,3579.029993,-30.80269579,4.453805133,0.6258403386,3530.229469,30.83285888,-2.740189095,22.32991126,30.78509424,114.9509372,1527.880074,29.24170556,32.43707258,119.5862228,365.4945613,31.22467927,46.62351399,-18.68362752,38.83023221,97.98059891,-14.39696657,8.414941619,-20.84972643,15.16182022,-8.655144272,-23.15133102,42.48852541,11.64915579,-24.97610572,1462.757117,52.16642308,-8.698823472,-29.37574885,-30.06150036,-25.73636439,-27.38360332,-29.79631204,-18.53198832,-32.45920042,-31.32997283,-24.94198375,-30.80311758,-30.38180852,-27.9762511,-26.5463751,-14.77708621,-20.2461588,-36.00070483,-21.23248061,-27.20214617,-28.5129742,-24.58351795,-29.93489501,-19.89569609,-20.90023655,-31.34555868,-15.92819449,-31.31104446,-29.13544513,-20.89163778,-33.78734689,-26.92322753,-27.97472932,-23.11429749,-27.04350088,-16.95454957,-24.92752961,-31.36036001,-32.34672963,-16.92278494,-3.312070372,-17.45670093,-15.15752908,-28.23521131,-10.61714847,-27.70898916,-28.87532298,-35.58833286,-19.0274604,-23.49687979,-27.73822027,-33.77759425,-27.33533174,-19.4134868,-24.63057176,-19.96105394,-26.22996963,-29.83673409,-28.73199188,-21.97141519,-32.17902374,-17.42330365,-27.20939811,-18.89527053,-32.27763154,-16.10825328,-25.64352817,-30.12302645,-10.37546844,-31.81622904,-25.8638787,-19.78236473,2.140266953,-26.39454058,-29.14006235,-30.03611397,-30.75287737,-29.53980892,-28.0606167,-29.9838447,-20.54838838,-19.82053973,-11.51602902,-10.68888901,-26.9750669,-35.01119092,-29.04267492,-30.70027649,-29.16737757,-21.44935106,-16.63256712,-29.77369432,-31.94742725,-31.2143361,-28.98569654,-26.97432613,-19.14536706,-26.91104014,-2.951610741,-32.37328906,-6.164936947,-11.46636606)
mX=[200,3](0.1157425519,0.8786473244,0.7698264405,0.3177660859,0.2731188181,0.6058703761,0.7463615192,0.5363995187,0.6175991727,0.03400826729,0.6735237026,0.2979240021,0.1098279326,0.3307314768,0.6710950121,0.4687473561,0.261382905,0.08096165537,0.2787817623,0.4746799128,0.3043718211,0.1340258256,0.3594250275,0.5726111954,0.7350291781,0.2415533017,0.7903914262,0.6884021204,0.5025153253,0.5441324623,0.5588436889,0.06963708661,0.3501514005,0.9492951257,0.02924183838,0.6453062049,0.2953720629,0.695682033,0.7802539413,0.530612346,0.1167832164,0.5975684002,0.7943890261,0.9172920941,0.03028624957,0.2646123583,0.831254543,0.6670724353,0.250873496,0.04481641923,0.4237561175,0.01048335253,0.3463817924,0.1469562587,0.4230005026,0.6040825596,0.23839024,0.7195539609,0.09325136735,0.2813237573,0.6480258892,0.8846442269,0.3451892964,0.923072596,0.2905700121,0.8890136665,0.08794814186,0.6232828524,0.09663907982,0.9704478929,0.4458358417,0.7092639841,0.4913775931,0.7968511735,0.4825937937,0.5450162346,0.4058564722,0.05130425676,0.6160192445,0.7495957642,0.5840500044,0.2319585214,0.1686511255,0.2703179029,0.00496221316,0.9721926748,0.9071794717,0.3902484472,0.9071702488,0.2256651274,0.1547052392,0.8680072974,0.4641138359,0.2052427901,0.7560597022,0.6811791788,0.4771743976,0.05467551008,0.1938587826,0.06721432513,0.9491945457,0.8415191059,0.3358697879,0.2889266315,0.8289537085,0.8562329843,0.6611633479,0.2029882271,0.7610253986,0.5169629468,0.4781353629,0.1479217221,0.4564565775,0.3374060733,0.4811371921,0.2133351878,0.9940333982,0.7590663073,0.07734119613,0.5195905522,0.9180653406,0.7687853629,0.6574851735,0.05994050498,0.5461654831,0.8651836594,0.864098565,0.2501363559,0.1194978821,0.800338983,0.7051531981,0.4565635705,0.8190244255,0.4339706097,0.8999435042,0.3583440412,0.1816898427,0.9452406291,0.6249684464,0.6118796794,0.4906795181,0.1731046984,0.9965138336,0.5056866887,0.4533804494,0.3795617602,0.2574318222,0.5957952763,0.6832089002,0.3113500862,0.4196309298,0.9316599831,0.7373386998,0.5624564994,0.9544276831,0.3217989322,0.1261747288,0.6396878335,0.8388428609,0.5867919818,0.2371244805,0.9177873825,0.9652069115,0.2049370561,0.2163189677,0.3788376423,0.3290414815,0.4032914459,0.2249376418,0.5924865632,0.5369227562,0.9837804165,0.8486153314,0.81198892,0.8951869236,0.1224440972,0.0145016257,0.5027167349,0.1951467309,0.1891059665,0.5170725415,0.8192564028,0.1044282198,0.2475066025,0.7367381571,0.7556871342,0.6311836223,0.9674194894,0.3919898214,0.9904438814,0.5622838101,0.9333364945,0.6752119226,0.009769317799,0.9584227603,0.5742848,0.363367507,0.9260635617,0.6053945472,0.8599402872,0.04289111073,0.8331064512,0.4252217246,0.7726605985,0.7863824223,0.1458504323,0.002911024613,0.3462858973,0.396866768,0.5640162771,0.407889821,0.8080065059,0.6209328222,0.04132516766,0.2204731794,0.8076473606,0.7044090735,0.03617737629,0.07562534754,0.8864810571,0.9293188717,0.1232728716,0.3814623361,0.6422601464,0.7288215805,0.8791287749,0.3122839907,0.6968587361,0.9343837549,0.7797848083,0.8783503825,0.1835147707,0.4139430395,0.1598302454,0.284892752,0.1091589758,0.165697464,0.6903070246,0.1557089162,0.8547748807,0.4457916595,0.5545391244,0.9659217735,0.09613814323,0.5708699447,0.06089044795,0.9087603461,0.1371720269,0.4320950278,0.3058183372,0.9826028393,0.2432147431,0.4306665766,0.782935799,0.9757151197,0.5207026653,0.7118651899,0.3691962878,0.8273661455,0.4916958848,0.9847190321,0.3671820108,0.08122192134,0.555379375,0.9521588489,0.5868679144,0.5276178823,0.1993410392,0.5284629555,0.1787060734,0.7279970442,0.7267175557,0.2609445418,0.2142231346,0.8987571771,0.132020144,0.668691203,0.3887063204,0.4163307412,0.6596115079,0.4888541503,0.3880337687,0.07713794858,0.01541033281,0.7431693218,0.7795893938,0.8204087305,0.7113600949,0.02100588439,0.4619063431,0.3763405995,0.165601239,0.3049879434,0.02256489033,0.3295761939,0.1760122881,0.4404070235,0.8497363525,0.6597463454,0.638775374,9.069325731e-05,0.5863983483,0.3278254551,9.694697025e-05,0.4876229829,0.424661109,0.05109955218,0.658020998,0.2642348393,0.1194340454,0.5691546587,0.3508063455,9.730718748e-05,0.4127796006,0.4735791287,0.1354641971,0.6982154048,0.2429887785,0.1943155691,0.5554786269,0.3733956366,0.09026546255,0.4126806491,0.4817166337,0.195372917,0.6975832921,0.2454019093,0.2507104052,0.5710423185,0.3573680623,0.1908513949,0.423493853,0.487487083,0.1876058571,0.5954986935,0.3087234437,0.06025574043,0.3430797188,0.5268957281,0.2563448561,0.7344035682,0.2269267269,0.2246860009,0.4756654057,0.6680907874,0.2567866319,0.50213633,0.4319548172,9.527538816e-05,0.5609063748,0.2945649112,0.4227260103,0.3856416533,0.5448550373,0.4211815924,0.5894172636,0.38299736,0.0001057812168,0.4349533206,0.4184616449,0.3133328597,0.4978130795,0.4586776139,0.3828913458,0.7314616364,0.2609046896,0.2613934874,0.2869141581,0.6478306289,0.3666613648,0.6130302057,0.3248608091,0.3388582484,0.4709448575,0.7005225832,0.3659194914,0.4122272494,0.5136498728,0.1908359571,0.6411155118,0.4719615503,0.1972359193,0.7069608336,0.2244612922,0.2742091096,0.5077780874,0.4077347591,0.0001055355464,0.3152890481,0.5308892368,9.72967033e-05,0.56061919,0.2994479169,0.1592227577,0.5553437941,0.5883080342,9.686704614e-05,0.4500850231,0.400675793,0.3192688798,0.7360602826,0.3630312572,0.5051934269,0.3813375123,0.5819821329,0.4196133333,0.6018596645,0.3388938116,0.3443345134,0.4649008983,0.470555288,0.2910301883,0.2623758624,0.6798411431,0.6202817748,0.5674054128,0.7447076283,0.06442243033,0.6359876234,0.2377575166,0.5031823918,0.7574446059,0.2399805736,9.68387256e-05,0.5174558699,0.332094839,0.1910429415,0.401270404,0.7522603292,0.2737891158,0.5208087357,0.5503949675,9.702366197e-05,0.3734029065,0.467862667,0.387452504,0.5437303039,0.4035768708,0.2661674706,0.672166126,0.5136197003,0.4520888712,0.3769588844,0.5567073987,0.3231942439,0.6089887092,0.2879348098,0.2989325304,0.4706151476,0.4423420898,0.5432110614,0.649274068,0.3774779309,0.4058822755,0.5905077331,0.6260981681,0.3183765242,0.3144664923,0.5786684854,9.689086544e-05,0.6941432641,0.198590788,9.658585112e-05,0.5825278361,0.269148839,9.68820461e-05,0.4939808735,0.3645761514,9.708830471e-05,0.4608729608,0.582704817,0.2013908287,0.7274511565,0.1978699755,0.3215349041,0.4904214734,0.4805390862,9.855459984e-05,0.5868555773,0.2673647131,9.685776812e-05,0.4073967517,0.4447966591,0.08530728784,0.7137708662,0.4091384543,0.3460962203,0.5539399239,0.4401818536,0.5931790217,0.76034863,0.287489353,0.4209306883,0.4341845543,0.6234434263,9.690074022e-05,0.5021675826,0.3559264591,0.2100408402,0.3808384518,0.7509978913,0.3666379911,0.4444965211,0.4972864206,0.3628182245,0.616941389,0.2891518037,0.2510634928,0.6385118559,0.5762494828,0.7412534415,0.6037745802,0.772344491,0.0001058655525,0.2915330609,0.5951706815,9.699827863e-05,0.3761400723,0.4800199404,0.3442242626,0.5369928557,0.3902187394,0.3949802512,0.4573708439,0.5366552647,0.3112790591,0.6381885149,0.2612040218,0.4260352722,0.6273857305,0.4392375322,0.2289085395,0.4685267374,0.4249353246,0.4605166805,0.3592606927,0.6419710604,0.3741312077,0.7447072379,0.2108161296,0.2562595813,0.2356112972,0.7106499118,0.1886921388,0.7735388473,0.3248477128,9.695449603e-05,0.5457613229,0.3060694138,0.3050616213,0.4023211946,0.4998900066,0.3734461395,0.5938724816,0.3212540746,0.3009254607,0.5289460897,0.5023468426,9.690060701e-05,0.4594398185,0.3945670558,0.3657754897,0.5216158493,0.6426711149,0.6710561782,0.7355918657,0.4182565315,9.700827495e-05,0.3377132162,0.5270855208,0.3197746707,0.5348850312,0.3798015579,0.3505842309,0.4125627317,0.5033197912,0.2259137913,0.6376875165,0.2470017488,0.3127286386,0.3354046688,0.5341772063,0.5163524816,0.6600440264,0.5583653064,0.2726295908,0.4379850799,0.4362793288,0.4337098669,0.4712907886,0.7754922808,0.4303420428,0.6356793706,0.3085389121,0.4405927904,0.261265064,0.6879094164,0.53121222,0.7807317501,0.2654271891)
