mCurrentIter=100
mCounterStuck=0
mYPrev=-44.49638634
mParameters.n_iterations=100
mParameters.n_inner_iterations=1000
mParameters.n_init_samples=100
mParameters.n_iter_relearn=1
mParameters.init_method=1
mParameters.surr_name=sGaussianProcessML
mParameters.sigma_s=1
mParameters.noise=1
mParameters.alpha=1
mParameters.beta=1
mParameters.sc_type=SC_MTL
mParameters.l_type=L_EMPIRICAL
mParameters.l_all=0
mParameters.epsilon=0
mParameters.force_jump=20
mParameters.kernel.name=kMaternARD5
mParameters.kernel.hp_mean=[1](1)
mParameters.kernel.hp_std=[1](10)
mParameters.mean.name=mConst
mParameters.mean.coef_mean=[1](1)
mParameters.mean.coef_std=[1](1000)
mParameters.crit_name=cEI
mParameters.crit_params=[0]()
mY=[200](-21.28337935,3.022671514,-46.22501673,10.24130474,-34.13527552,932.7399876,1073.257807,26.43746623,3009.067458,-25.51320298,-3.511171099,663.2670699,15.4861535,-8.720682967,-31.2545653,-33.89682882,-39.59455963,-4.446424665,8.499519598,148.0964576,18.22570796,-31.05878255,99.90808265,-17.52558744,2202.38363,77.58219769,-42.09628494,-1.890218968,-38.86657603,16.0048301,1324.70779,48.88521638,-46.97017662,30.67451883,-15.03105579,-27.37112148,9.598585049,1307.597612,17.86732033,-38.54805918,31.4588725,436.0263914,950.230548,8.757357941,172.8966477,85.88149958,-19.72534151,-11.19946761,29.61219382,-16.58391789,-0.8208024439,-13.83542626,-43.00741303,1372.580678,-26.92704276,-3.476943314,-14.2990725,-7.444388506,-34.87272905,-13.23685261,29.77814558,-32.36894904,-17.45061072,26.09634501,13.43671817,166.5412711,-22.96427802,-25.32705858,-12.64290346,52.13719346,-42.64770499,-36.96479151,2.118994714,20.97244028,23.30607864,-6.448194138,49.96390671,-34.43619661,13.85122267,-26.45137962,1171.482666,27.57253286,1.80365402,6.79577916,622.2855923,-24.87396518,20.583198,463.9512265,15.82223455,5.469316109,-25.52449825,-17.2716628,21.8728213,-12.96040012,-50.4103448,24.80134525,-39.69425039,-13.53853208,-45.01447309,51.50098854,-40.72289796,-41.88538635,-42.2229066,-34.70986544,-36.81340991,-48.86001936,-42.796489,-22.54030272,-40.94893855,-33.64419771,-39.41323395,-50.01757291,-44.90377464,-42.93085721,-47.65912243,-51.14264261,-34.28176464,-34.46055114,-49.79868509,-41.3409129,-28.2822755,-41.35660614,-49.02514266,-18.93581577,-43.93585061,-34.53746201,-50.1246153,-45.94512546,-23.28974888,-36.14311184,-45.91535852,-32.14231093,-38.62931613,-52.71960206,-42.15519558,-36.1447918,-42.35164687,-36.30850974,-44.67640084,-44.07391545,-35.27207555,-42.62011239,-23.33772149,-47.17935406,-41.46769554,-51.20841078,-39.72796872,-39.10998504,-45.2341226,-48.84486835,-32.44241162,-28.07967677,-37.88866525,-40.43848944,-51.78529601,-46.31194433,-33.69569327,-44.02117913,-37.6789233,-43.00835192,-32.48377465,-17.5600682,-49.68007358,-45.80740321,-51.73088775,-49.64269563,-49.05997717,-42.58162462,-36.42839096,-39.90415341,-42.01790384,-48.87077599,-32.80084706,-49.53750935,-42.60182949,-42.78153369,-49.22128901,-49.16339432,-32.29949035,-40.11132621,-47.74774385,-53.03908997,-32.04738538,-44.43726102,-38.49151241,-31.72826825,-50.09663402,-17.04357036,-28.24540409,-44.6097838,-49.71621286,-49.32958802,-39.61521283,-42.37967422,-42.0768757,-51.54089356,-50.6705643,-46.86909936,-47.60736102,-44.49638634)
mX=[200,3](0.1497849856,0.7437390995,0.3499890598,0.04297821119,0.8266066719,0.5929050854,0.004893015302,0.5012434544,0.4730024082,0.3718272188,0.9278558853,0.2349778926,0.1664683329,0.5743148127,0.1761798161,0.07680526952,0.1448865245,0.1480329751,0.8040189123,0.2679878194,0.08605315307,0.1943119392,0.9819356821,0.4028053733,0.06505790321,0.1682680504,0.001302856891,0.7108999591,0.4234754597,0.2841672109,0.2430158961,0.1179638305,0.8361255234,0.8999191572,0.3173609876,0.09628584928,0.4182031956,0.8440583221,0.7299483028,0.3335616219,0.02333691708,0.7892637151,0.4928443994,0.2589748286,0.3726047719,0.3187221055,0.5800906517,0.5602364304,0.0941005777,0.5622587906,0.4599013831,0.2896542328,0.8389056878,0.3586291266,0.7424652956,0.3855283182,0.2204323345,0.703360023,0.3609808644,0.1586651102,0.7219810174,0.8822904902,0.1026365399,0.1241824227,0.1366921165,0.6555210761,0.6630044949,0.04621096189,0.42239428,0.1362234462,0.7309448293,0.5064418626,0.398378382,0.1950911922,0.02585858887,0.08059540517,0.8991739111,0.03728082935,0.7517260418,0.4312479514,0.3284886449,0.5945801563,0.5914540519,0.8067122289,0.4480528583,0.5315031877,0.2187124829,0.4757197536,0.06309010479,0.9375519614,0.4660737611,0.2269078147,0.06371342543,0.790398645,0.9750868339,0.8970342196,0.05301616065,0.4479512159,0.3913624017,0.7787567451,0.9553811949,0.7165055792,0.118237323,0.5248275694,0.7312514306,0.01182491704,0.2187944711,0.7090440691,0.6044814941,0.5538143619,0.8765518833,0.9643986249,0.1224757307,0.1635456058,0.5272903603,0.8580956603,0.7434032108,0.5474334405,0.2735472407,0.4337914167,0.4093888085,0.9190645034,0.7916289888,0.251963448,0.8624955807,0.01328999263,0.4813659542,0.205233011,0.1225740197,0.6852175124,0.7781169385,0.7619040611,0.6242385647,0.1889740406,0.2522285934,0.3885358906,0.3287356886,0.20754583,0.9935842802,0.619469236,0.6717078465,0.1099824101,0.03048350503,0.7753872808,0.6387577467,0.410950275,0.9969938634,0.3036507383,0.01368685282,0.6886758224,0.4530262804,0.28522113,0.8574643709,0.2346835907,0.7535039258,0.526576567,0.737352851,0.2990702014,0.5363606422,0.2923814888,0.2343252322,0.05208066661,0.5773000391,0.4620951067,0.6969415633,0.1535192216,0.8158137955,0.5529451602,0.3608450465,0.6846698911,0.07907267329,0.1813395187,0.1504711075,0.8184925868,0.9858902404,0.4050943233,0.5899526111,0.5618445271,0.004603497556,0.6228807255,0.5500637322,0.6010646339,0.9702854149,0.2246072484,0.6456306526,0.4810959123,0.8465673333,0.3944408856,0.7502804044,0.3260104435,0.1081061612,0.9868196522,0.8262799471,0.4912429848,0.9100913721,0.9497936716,0.5156925971,0.04556718272,0.882073728,0.7121424984,0.5190223072,0.6542367495,0.4832588474,0.1969573855,0.03156217545,0.6790146828,0.6636443207,0.8536981472,0.05668827012,0.4676763131,0.7614478539,0.4567606475,0.3310770406,0.4348453089,0.1749293648,0.57780491,0.6411692696,0.8770547448,0.304511813,0.9740796369,0.7809966976,0.8658459676,0.8122740091,0.9467041418,0.641476729,0.3459271756,0.7674734176,0.612401089,0.02564623108,0.9980598976,0.8284949856,0.2679009474,0.3543490188,0.3178268634,0.5124626096,0.3488145348,0.9271712553,0.9548260614,0.7232795074,0.3827819577,0.6749110599,0.07757777192,0.1885069601,0.5390764184,0.9661877894,0.6365658004,0.9032371988,0.5407133124,0.8411122867,0.9374478615,0.09608822974,0.8893125307,0.6948041864,0.0819225395,0.2456501908,0.1791807619,0.669539862,0.5493183582,0.2005506463,0.6206698572,0.9034793095,0.7870019357,0.3031901566,0.1371004335,0.4212912126,0.9370198683,0.2606414911,0.927301872,0.246899037,0.418793513,0.2138043924,0.6969221522,0.1114988765,0.5874057781,0.7029727162,0.6022880419,0.5008174583,0.3360470258,0.965053419,0.6169769781,0.7994359113,0.3690674357,0.2707053492,0.3795351657,0.4449224359,0.8654267444,0.6562091675,0.9400033868,0.9133215869,0.634175455,0.2781320335,0.8345195252,0.8085801543,0.2905080714,0.8732776123,0.4777440019,0.4941078367,0.3503633149,0.9067352746,0.9566621333,0.9999858786,0.5454325484,0.3003579487,0.09654422397,0.5577010381,0.3034114137,0.9999780496,0.5028806151,0.3322570446,0.9999781026,0.4294653391,0.3947654454,9.362559533e-05,0.6159999199,0.2696204151,0,0.3345029395,0.5515645783,9.055510874e-05,0.4996199916,0.3306833205,0.9999781464,0.2497810466,0.6489142752,0.9999830989,0.6247152476,0.2365213065,0.9999779991,0.4070648346,0.4175085472,0.9999960464,0.5467373074,0.2758287773,9.68210495e-05,0.3601989266,0.4818784127,9.699803539e-05,0.4706743727,0.346940555,9.68519146e-05,0.3462370152,0.6086477109,0.9999775176,0.5332890773,0.2832171622,9.707981001e-05,0.3933797467,0.4158593401,0.9999781269,0.3635841283,0.4927055302,0.9999779369,0.4653999953,0.338974823,9.718655055e-05,0.255745232,0.5470819277,9.035723822e-05,0.4477158605,0.5721313788,8.076978001e-05,0.6710214878,0.2447570057,8.955123891e-05,0.5235334206,0.3083933281,9.68921617e-05,0.3814598243,0.4269765542,0.9999783424,0.2101394195,0.7004239212,0.9999780075,0.5676445917,0.4008678165,9.754274823e-05,0.3217102073,0.6669260188,9.76038023e-05,0.3001914271,0.5084211475,0.1259261321,0.4306431033,0.3683115288,0.9999747111,0.2735588259,0.5532813413,9.727897205e-05,0.5993754315,0.3472593328,9.704019854e-05,0.4339767199,0.5204427396,0.9999779892,0.4042254225,0.3878663421,0.9999780362,0.4950939718,0.5658017028,9.758933684e-05,0.3578926471,0.4646888276,9.159916668e-05,0.2185319534,0.5891036201,0.9999760399,0.6591909039,0.2217293071,0.218850693,0.5228842999,0.283393677,9.677962892e-05,0.4664938389,0.6078996515,9.710240021e-05,0.4225528812,0.3768725158,0.9999844317,0.5357539945,0.4427941436,0.9999779315,0.3755251276,0.4916493615,0.9999624369,0.5913405046,0.2419643554,9.780811021e-05,0.3158297862,0.7350800019,9.679155798e-05,0.4536595199,0.475166496,0.9999715482,0.5040015541,0.2853065669,9.686817043e-05,0.3019527653,0.5022086988,9.70835371e-05,0.5889773046,0.3854364791,0.5202626437,0.4883056442,0.3009054177,0.0002040288721,0.3556435709,0.5773420581,0.4309025363,0.3872802103,0.397848969,0.9999930964,0.6887491065,0.2255082394,0.9999780264,0.3530414394,0.6191642852,0.9999780285,0.6201147245,0.3449677198,9.685109824e-05,0.2035863109,0.6093574786,9.716221736e-05,0.3385730293,0.4667024001,9.70604516e-05,0.4587033361,0.49859296,9.699907269e-05,0.6840857823,0.2430578945,0.3684750715,0.4890652465,0.3007755214,0.9999780458,0.5463057124,0.5323123965,0.7847217101,0.409904016,0.3706920809,9.723996322e-05,0.5235018343,0.6066662849,0.9999782519,0.1497782202,0.6870645041,0.5788708991,0.3813767337,0.5002819963,9.709369641e-05,0.4942821459,0.4187793387,9.71716304e-05,0.2592193801,0.5234259405,9.700701849e-05,0.3611537713,0.4265115002,9.685953338e-05,0.3677436866,0.5431628992,9.675790915e-05,0.2850099806,0.6119096532,0.8740067144,0.3187424063,0.4931707642,0.1151964866,0.4540724964,0.3308660382,0.9999780477,0.6046651088,0.4217647268,0.6358183855,0.4617116194,0.4474570517,9.318194087e-05,0.5931480339,0.25623631,9.714431373e-05,0.4004744291,0.5137607786,0.9999750831,0.5639289606,0.2479348254,0.98975022,0.4956047969,0.2904311767,9.70965088e-05,0.364676734,0.4191357415,9.716139265e-05,0.2384166583,0.5297850921,9.706614757e-05,0.6405816758,0.3772783352,9.693280836e-05,0.5324190152,0.5078277121,0.5747519056,0.4910319086,0.3978384854,0.0001110936294,0.3234284539,0.4813707506,0.9999779912,0.5041294567,0.6216862749,0.7479230612,0.3718726663,0.4178168387,9.688271819e-05,0.3799389307,0.6264764095,0.9999779653,0.6925019594,0.2264448524,0.5790734158,0.4019500503,0.5242293695,0.9999779802,0.2220891642,0.5688558424,9.639185738e-05,0.1806675533,0.69079441,0.4150076715,0.4307341453,0.3428334171,9.706558124e-05,0.3619261538,0.5245315797,9.757159252e-05,0.4421090616,0.4479781444,0.9999779313,0.5781796025,0.4942773619,0.9999783399,0.5658901719,0.2478594843,0.8632113474,0.6328044748,0.3200109957,2.225827507e-05,0.3110747954,0.474249847,0.6523286344,0.431083284,0.4781556608,0.5483317684,0.5184156361,0.3775763975,0.000116416088,0.3040986148,0.5784177093,9.703299063e-05,0.3885869648,0.3896939648)
