mCurrentIter=100
mCounterStuck=0
mYPrev=-20.68004544
mParameters.n_iterations=100
mParameters.n_inner_iterations=1000
mParameters.n_init_samples=100
mParameters.n_iter_relearn=1
mParameters.init_method=1
mParameters.surr_name=sGaussianProcessML
mParameters.sigma_s=1
mParameters.noise=1
mParameters.alpha=1
mParameters.beta=1
mParameters.sc_type=SC_MTL
mParameters.l_type=L_EMPIRICAL
mParameters.l_all=0
mParameters.epsilon=0
mParameters.force_jump=20
mParameters.kernel.name=kMaternARD5
mParameters.kernel.hp_mean=[1](1)
mParameters.kernel.hp_std=[1](10)
mParameters.mean.name=mConst
mParameters.mean.coef_mean=[1](1)
mParameters.mean.coef_std=[1](1000)
mParameters.crit_name=cEI
mParameters.crit_params=[0]()
mY=[200](-32.10930132,-2.930276955,6.975213673,-26.34933666,414.7915254,-14.0230684,-22.31989725,396.1864847,70.1462171,363.6374043,180.9127868,-17.8855039,-14.11497529,144.7382909,26.68326768,-17.41489186,19.72190712,29.52582902,27.22301333,30.41122678,1263.336375,52.59021553,48.41850057,25.93094719,36.10406442,-37.38695287,16.47580717,43.11512516,652.0366307,-1.101699987,120.2647396,-0.1689312188,803.0066517,6.696436752,47.59777673,45.07778342,35.33503546,1373.801487,49.77721707,-4.306921433,-19.7605036,7.444807613,11.13736252,100.2890288,293.1902792,374.9174812,2194.264105,25.01044838,2.445349355,11.57129228,40.27601308,26.88476657,8.064775171,16.03642,45.85402672,-26.12914588,2.490458519,-34.89704076,35.93471529,33.69735681,241.9679552,38.29461802,46.68816654,-11.00749455,1657.516717,37.74615828,1215.938004,24.25821717,7.639732785,35.61305656,-16.53403812,-16.62989013,45.07266833,38.0538731,1207.37234,11.8777916,26.55123554,316.0531736,60.61331584,34.58882552,-0.04519725073,55.61081353,-4.353883806,23.314004,71.45724278,31.81939747,36.60932481,684.6515482,79.508062,47.0872272,734.559748,1082.974969,35.4759842,177.7247988,39.40805677,40.14989281,5.155625422,49.29091548,165.872112,-9.676970782,-33.9365865,-35.93894382,-33.76585564,-36.89234373,-32.66351532,-37.94533362,-31.77646072,-35.53815273,-32.18891654,-38.33202346,-24.74950109,-36.03501284,-38.13622644,-21.57114731,-33.46321526,-37.86137473,-26.61767783,-33.97991453,-27.09917114,-15.24670008,-35.14864048,-31.42424287,-35.2748347,-34.24049116,-36.82612716,-24.41862113,-30.59482136,-33.86140873,-19.94870239,-18.73328748,-34.21329818,-34.1704411,-30.7094587,-33.27698849,-34.55085555,-15.59917622,-33.40503435,-25.36694848,-33.59369628,-32.71085573,-36.78095279,-21.89329065,-34.37341529,-13.52588387,-19.75022615,-32.52150582,-24.69662032,-36.84015791,-35.15755033,-35.00106827,-28.1520951,-32.54986099,-28.97946703,-32.40023288,-32.32018103,-33.70023724,-33.79080658,-19.20708494,-11.60141248,-37.44723201,-19.79742741,-34.84738945,-33.30670736,-34.18191696,-35.07935545,-25.58025573,-13.13506508,-32.00383602,-11.58751298,-36.24890608,-31.37838544,-32.6022534,-28.36893062,-25.55736392,-35.84932476,-36.42578482,-38.46121074,-31.55401869,-36.64797834,-36.63687959,-36.39452325,-30.45918987,-35.89103037,-35.43132878,-33.10326764,-11.29022888,-19.85975321,-35.24490671,5.301895035,-36.81683532,-37.90707278,-22.47341362,-31.3596057,-26.15065779,-36.24126763,-36.23626358,-28.52478855,-35.62177155,-38.06435784,-20.68004544)
mX=[200,3](0.1048019963,0.5678765782,0.3661126304,0.3625774181,0.7662843004,0.4493689833,0.3048492244,0.433725046,0.167706364,0.5773219241,0.5933447924,0.1102872927,0.006167728675,0.3026656696,0.1279995324,0.1667643034,0.6605862659,0.5098624793,0.1530396296,0.5448948955,0.5599705934,0.1160234214,0.1004309995,0.3382474779,0.9571199245,0.05799116801,0.6282400114,0.9688887563,0.8816945807,0.01937863788,0.5889813755,0.2858844948,0.2106030874,0.4416931915,0.5761491709,0.5784914537,0.7568441742,0.3841723145,0.4897826567,0.2181566527,0.3749370986,0.1063337254,0.7708080122,0.2450490629,0.7877040598,0.06649124836,0.472392274,0.141338423,0.6254221487,0.8561487751,0.5628628817,0.2384546858,0.9280783346,0.3957514232,0.1967867923,0.2771105936,0.8790497055,0.3406332238,0.09959604046,0.7196895908,0.2957220999,0.07393959702,0.2269071909,0.9081787137,0.4993402593,0.9943096356,0.1490363143,0.8798670812,0.8158725248,0.5081556164,0.2373046247,0.8327484304,0.7834799567,0.6315805408,0.8994684029,0.356870072,0.5342657202,0.3027390352,0.47155978,0.1990907714,0.7411942285,0.9912762111,0.8294172496,0.8534946707,0.8791370568,0.2298372065,0.23333461,0.08932240393,0.2991768085,0.3129958808,0.2503975087,0.1430083843,0.414547432,0.5276611378,0.652424303,0.6531693337,0.9313017329,0.3696285913,0.08644498382,0.2698135083,0.5152712285,0.7616618798,0.4243746752,0.5268781312,0.9785584312,0.1728950115,0.7214060019,0.906892468,0.6079279244,0.903675428,0.6796829595,0.4305340611,0.1536065958,0.1562908629,0.4663494126,0.9336715249,0.7746811548,0.6540985041,0.3207511891,0.5810617953,0.6958139073,0.5851262087,0.03891438563,0.8351357515,0.8303391481,0.3480270724,0.8572016934,0.7344523662,0.6880060999,0.5485079573,0.9678506117,0.05168318891,0.8857121733,0.03197096254,0.4555856431,0.5918801515,0.451092971,0.0248414577,0.4568594552,0.1788208154,0.07241761308,0.8402975376,0.48583143,0.8488531919,0.6439961528,0.6133695764,0.707023303,0.5619861657,0.8456819002,0.4251821533,0.2006917462,0.1802721814,0.9315421981,0.410844131,0.8029311376,0.7331004842,0.9267500841,0.7826012272,0.5948831013,0.684042192,0.2508305622,0.6312369572,0.4942535689,0.7195965888,0.925144717,0.6718839682,0.5055597409,0.5305547436,0.3775342438,0.8129815592,0.2943987027,0.5129346004,0.4161100845,0.4645141997,0.8224540018,0.6732756178,0.8892092634,0.1364216529,0.2038443528,0.3831696995,0.8916245007,0.06111737119,0.471965072,0.7229732566,0.6448530023,0.9108060977,0.0563579292,0.3497886825,0.1938374108,0.7031618037,0.6090991468,0.6076136191,0.4048345096,0.4297263518,0.00519772927,0.9724947581,0.9575099796,0.4329798308,0.7331674907,0.08256766174,0.245452401,0.3801191314,0.4480211905,0.8667803292,0.7698371803,0.3355507948,0.4939765048,0.74355428,0.9789258634,0.3286388487,0.9181928677,0.6904220342,0.1713876339,0.6166157381,0.5536770245,0.06897927142,0.8036134207,0.9471755632,0.6997696714,0.4813738702,0.9968500509,0.2590634851,0.07805781046,0.1106326626,0.2088184759,0.2496563672,0.1621566027,0.6665206698,0.01044542775,0.7019866537,0.8015987017,0.1284736827,0.4083294492,0.04977578751,0.8679054327,0.8644571092,0.9637241779,0.1872727588,0.9148979221,0.135253524,0.716023333,0.7531686771,0.5139248906,0.3107437467,0.9803833884,0.754122504,0.2852889088,0.7739524448,0.1874477296,0.2711954253,0.681292122,0.7970584163,0.989310923,0.3981217072,0.2694068233,0.04162207404,0.8917779314,0.6448924471,0.9408811074,0.3179105055,0.5428043009,0.6380104195,0.01140932819,0.358939759,0.6624482468,0.009939511397,0.6134782968,0.3223814484,0.6237550437,0.9563407359,0.7951993305,0.130112471,0.2865478967,0.02468939313,0.04547294231,0.2750024686,0.550345922,0.7961852816,0.8206938038,0.09511623156,0.123860958,0.4015890498,0.3387527175,0.4686183473,0.9452138532,0.03669452106,0.2191380945,0.3784997595,0.3955713134,0.2644465527,0.7244802134,0.2244371782,0.3597124418,0.9881601685,0.8106847333,0.02145468919,0.5225085651,0.5318687464,0.7492971575,0.09503542799,9.692604366e-05,0.5246304046,0.2807545365,9.694851187e-05,0.4936649073,0.3065404795,9.693126147e-05,0.5748102539,0.2475968911,9.688453679e-05,0.4443865628,0.3596956922,0.002893725585,0.579355856,0.2462164433,9.688457148e-05,0.4389541768,0.3646401362,0.0001004346855,0.5771889395,0.2392281215,9.698505518e-05,0.4340048207,0.3684608448,9.540367901e-05,0.5009910092,0.2845126465,9.687081648e-05,0.3944709731,0.4173480766,9.72211609e-05,0.6138348183,0.2244831331,9.883768779e-05,0.4775520137,0.3081327643,9.68604814e-05,0.3796396895,0.431790968,0.9999788812,0.6035253133,0.2642882685,9.744177814e-05,0.4851115668,0.2968646646,9.686975184e-05,0.4120183465,0.3953220257,9.017465341e-05,0.6192027059,0.2154685193,9.698103096e-05,0.4985261288,0.278359148,0.0001056556262,0.3314119567,0.4821900569,0.999978124,0.5413653356,0.335277606,9.688678832e-05,0.4430472997,0.3472278143,0.005501640527,0.6179462039,0.2122457524,9.68762062e-05,0.3843879537,0.4211257157,9.748712167e-05,0.5152845345,0.2590328562,9.785048767e-05,0.459685437,0.3181730772,0.8498102221,0.6232023023,0.231824687,0.0001125913511,0.3061013536,0.5041001144,9.76303721e-05,0.4191821224,0.3818541809,9.263786053e-05,0.6747576595,0.2983935452,9.69757653e-05,0.4140758693,0.6218554407,9.676996595e-05,0.5037377803,0.4321391336,0.0001099886809,0.3603324528,0.4498170762,9.719942132e-05,0.5271268989,0.2485537484,9.375056305e-05,0.5180569806,0.2562114211,9.483478937e-05,0.4497941946,0.328336022,0.9999780056,0.6075925029,0.3986873335,1.962422157e-05,0.392076859,0.4111842875,9.609013514e-05,0.6384149372,0.1979521302,0.7349287839,0.5880655837,0.2297167322,9.705779236e-05,0.4947289826,0.274046741,9.663310779e-05,0.4476961824,0.3313676907,0.0001028840296,0.2835454369,0.523235853,0.0001467813962,0.4735299604,0.4643636802,0.9198968155,0.4695335034,0.3804820802,0.9999775887,0.6458822666,0.2267168242,9.685466146e-05,0.3602237663,0.4380243239,9.680337852e-05,0.6339263341,0.3838758219,9.488214799e-05,0.5466014685,0.2378545649,9.547996627e-05,0.5111826056,0.2602753211,9.687889245e-05,0.4400164035,0.3387283081,7.846500816e-05,0.6424129235,0.1929551486,9.685498781e-05,0.3595418464,0.4413261366,9.676789955e-05,0.4351928764,0.5368098014,9.52537398e-05,0.5463583462,0.2370318551,9.627006738e-05,0.4572793313,0.3148791825,9.773313239e-05,0.5357983023,0.4381675764,4.133687061e-06,0.4050530948,0.3901859872,9.700332217e-05,0.6934900977,0.2603865559,9.003095839e-05,0.4146219118,0.6696773522,9.515880715e-05,0.5223753369,0.2557855813,8.99349479e-05,0.2742431102,0.5332077448,9.678263359e-05,0.4110807504,0.3839028951,9.647679208e-05,0.4509686922,0.485419977,0.0002343335521,0.347456359,0.4434517475,9.276791728e-05,0.4791982827,0.28838251,9.019350747e-05,0.5861502712,0.4506160171,0.9999780045,0.6805951673,0.3147697049,9.547836075e-05,0.4679763652,0.3038340892,0.9999780849,0.5078396195,0.4382996625,9.682355571e-05,0.4077171543,0.3849188514,9.686145035e-05,0.3380551145,0.4670080643,9.033363865e-05,0.5708627474,0.3180859139,0.4125635557,0.595197093,0.2090619893,9.493734536e-05,0.6333948661,0.1872356268,0.0001003932417,0.5454655077,0.234290515,9.655925016e-05,0.4703444262,0.2958420692,9.684364932e-05,0.4794735752,0.3995739659,9.689937002e-05,0.4337249974,0.5240848456,9.681933549e-05,0.4039994003,0.385815644,9.671191684e-05,0.5062896048,0.374244892,0.6651625048,0.5548058733,0.2458790836,9.667576807e-05,0.3468720081,0.449222139,0.0001026772369,0.5591117213,0.2242738147,9.612278247e-05,0.480133333,0.2806376764,9.627933057e-05,0.4330154979,0.3406274054,0.9999780055,0.6235588055,0.4762877923,9.690718937e-05,0.6827083582,0.3634691382,9.743372842e-05,0.4560277221,0.4564339173,0.9999780244,0.4738146209,0.6411201193,9.713849411e-05,0.3943925678,0.3958858183,0.6982496077,0.5583131086,0.2498823657,9.193755079e-05,0.6404824791,0.1873618524,9.971108557e-05,0.5222682284,0.2511596505,0,0.5538620429,0.5067082097,9.052580503e-05,0.5466736855,0.3399785004,9.692234222e-05,0.4648815949,0.2993607183,0.7148231744,0.6263546326,0.2042486406,0.7058456331,0.5318153173,0.2803465619,9.695542427e-05,0.4263947266,0.3544238999,9.877821969e-05,0.2632853338,0.5417059638)
