mCurrentIter=100
mCounterStuck=0
mYPrev=-44.64893805
mParameters.n_iterations=100
mParameters.n_inner_iterations=1000
mParameters.n_init_samples=100
mParameters.n_iter_relearn=1
mParameters.init_method=1
mParameters.surr_name=sGaussianProcessML
mParameters.sigma_s=1
mParameters.noise=1
mParameters.alpha=1
mParameters.beta=1
mParameters.sc_type=SC_MTL
mParameters.l_type=L_EMPIRICAL
mParameters.l_all=0
mParameters.epsilon=0
mParameters.force_jump=20
mParameters.kernel.name=kMaternARD5
mParameters.kernel.hp_mean=[1](1)
mParameters.kernel.hp_std=[1](10)
mParameters.mean.name=mConst
mParameters.mean.coef_mean=[1](1)
mParameters.mean.coef_std=[1](1000)
mParameters.crit_name=cEI
mParameters.crit_params=[0]()
mY=[200](0.6103390062,16.81512712,-46.42113939,-26.12817288,17.86573348,-44.86813178,9.95012475,31.60567776,-16.01036267,1232.342117,1225.427734,-44.93123351,423.9228241,20.40925774,-44.86967406,-44.76708586,98.74368192,-17.19115288,-41.9120735,4.566364303,-4.601250256,3.063245059,-16.30435533,17.44499784,-38.99797825,-0.5438198744,-44.19484234,0.5951676034,-26.30042257,13.48503238,-12.16514967,8.84064831,-14.49340318,-43.91538488,48.56618357,-39.35331152,-2.095166197,-50.87183628,-43.94837655,-31.95464489,189.718191,-11.87255126,-28.80176814,-28.80200737,-9.453329795,9.25651414,-43.3116492,8.21339159,8.236284472,-35.50216192,520.6307807,-41.97104341,23.10108313,20.41208646,-25.67879502,6.520942918,34.05413088,-48.74644294,-51.01210779,14.81316091,-23.1528533,23.90885202,11.32942392,-3.346035006,-33.87674732,-20.77097936,-50.13229857,-2.722812255,491.7468049,54.26786658,45.17029404,141.8555651,-19.27724513,-14.36504181,483.2116808,14.82675467,19.69348325,-31.38507764,38.0893862,178.4493762,48.74830746,157.2553596,27.84380302,42.29632718,14.04418114,2094.293845,-47.01793986,28.86520467,5.00978541,17.23684363,17.06204661,11.40804053,10.8117669,-19.27916684,-30.5223692,449.9526854,-31.50923921,-43.02948292,-23.70184714,549.2512354,-49.06590878,-54.98976157,-49.0683026,-55.6614984,-52.6176625,-53.22742627,-48.71686377,-55.87141529,-51.75716566,-51.11116311,-42.20835032,-45.18443354,-56.23292343,-52.98869016,-49.44852474,-55.11196016,-54.26195807,-43.03066056,-27.67451726,-54.49052826,-50.29636844,-53.97182158,-53.35980764,-53.79090188,-46.96071295,-42.59548499,-51.96728548,-54.45469168,-53.53558947,-37.21450758,-46.85646667,-55.06221496,-54.78466916,-40.70441743,-53.10699589,-51.68541981,-51.14997984,-46.56303495,-50.62635334,-19.6052597,-48.32390878,-29.08900055,-52.71169117,-52.30708004,-56.06325553,-54.38415101,-56.91489803,-48.48717329,-50.93634713,-29.59726699,-45.19336925,-50.84160005,-54.6094095,-47.42267623,-49.73356167,-47.11833541,-51.40587569,-53.83320709,-43.3979283,-56.04910848,-46.63283285,-52.54934134,-54.44137338,-51.82197336,-54.07094898,-47.75106312,-53.98953844,-51.4068536,-54.72153079,-49.06500501,-52.32504179,-48.76332035,-54.17460232,-53.41255324,-50.98934274,-49.61304673,-47.61826833,-41.31333779,-49.03416398,-51.120167,-48.20537988,-38.95366191,-44.17877556,-55.05161449,-55.02613286,-53.69626848,-41.34227064,-53.45506483,-33.34961814,-53.39187136,-53.08110995,-28.61589653,-49.90891466,-56.53168344,-53.4073554,-51.22513527,-51.17817644,-50.72262876,-50.70851364,-44.64893805)
mX=[200,3](0.1566867656,0.7592479778,0.73680794,0.3889513433,0.2739200659,0.9602413511,0.12837346,0.4363158999,0.3151941155,0.3516968765,0.2114167058,0.7270146803,0.5616772732,0.9697976698,0.5033727787,0.7067428158,0.3879037982,0.3514115038,0.4947783296,0.06045079969,0.9144053541,0.3776776993,0.9024249005,0.8493753851,0.3680770477,0.1845648207,0.7851852065,0.4106383825,0.163786412,0.1228286688,0.1478760867,0.05674837001,0.1674768752,0.2295670044,0.336342616,0.6193753395,0.3017479865,0.07782230486,0.2754858625,0.4797825566,0.6070343908,0.9404205449,0.6966054629,0.5059459284,0.5615672879,0.7404625686,0.6134928056,0.4409038181,0.4516710467,0.5457370252,0.05041000868,0.3367380905,0.8239629708,0.2689892048,0.850686741,0.3941423717,0.5305584557,0.2008954606,0.7462120124,0.03314801743,0.4861494502,0.08915321156,0.5841152212,0.3168167917,0.7973275408,0.7109002432,0.7253346776,0.8199806504,0.2327776801,0.5555090749,0.4269696017,0.9557609938,0.6801848854,0.645293029,0.4786351693,0.2899275643,0.1084952607,0.8624081888,0.718254956,0.6623245436,0.2831118577,0.2637937483,0.004166379031,0.8540366968,0.1723019787,0.1420451594,0.4527380339,0.7969804474,0.9336771032,0.2511103937,0.04840710362,0.5692740196,0.75753298,0.03104576525,0.9196117098,0.5258185429,0.4227499871,0.8304546497,0.2498340414,0.6580708832,0.5333189511,0.2253787298,0.5756948321,0.9925696043,0.09610783465,0.4368627881,0.6829542718,0.2963008099,0.3946466585,0.8594160647,0.1502977453,0.3427736563,0.2387375092,0.4849063061,0.9975771941,0.5751934223,0.4322349053,0.9279408345,0.4147303559,0.6001518345,0.05908352976,0.4660542997,0.1010848892,0.2799445517,0.2645895585,0.821029838,0.9757264178,0.5570568392,0.6451600416,0.5178239058,0.7801388664,0.1326193332,0.4631531179,0.04610248381,0.7692968403,0.9316915472,0.02343478362,0.9091280195,0.0130068945,0.3674641201,0.6224472082,0.5882645502,0.7358768329,0.8197224847,0.6631926389,0.8977433644,0.5920430461,0.6349548621,0.6905279383,0.3948657577,0.02794779705,0.2585534101,0.1414985563,0.8939552892,0.6393832733,0.4109622264,0.184205278,0.3563625416,0.9847331344,0.8236878098,0.6586019011,0.9369541256,0.0006568918866,0.5178144316,0.6914883202,0.8086209526,0.4473349343,0.895982749,0.6443433817,0.3786235889,0.2089619153,0.9023510666,0.5824357543,0.1905477647,0.1050277079,0.526667864,0.468365944,0.6289298103,0.8776585393,0.7412339651,0.07084817993,0.7752481735,0.34727949,0.3202913704,0.1360157036,0.9930576519,0.8756951003,0.9464683662,0.365965121,0.5978899959,0.6285258207,0.8024750681,0.2558272806,0.7116409696,0.1823530551,0.5454674132,0.1549344271,0.6640949559,0.7687090393,0.4932802326,0.3227472872,0.9419736723,0.8660265764,0.3357472796,0.9681234348,0.8460752502,0.01312156319,0.1344516457,0.0121619493,0.4970797597,0.7867758016,0.4542957482,0.1146630052,0.2997122852,0.1294845364,0.3018040309,0.7552738176,0.205134749,0.6793700976,0.811288235,0.3485592144,0.7748830442,0.8386137489,0.1995154681,0.2167091783,0.5396473318,0.6755910206,0.8872797251,0.2145410236,0.2974168002,0.9729398941,0.5073690419,0.2874455869,0.385087642,0.8676763906,0.7671058118,0.02858335144,0.1679486777,0.4834647209,0.06847959001,0.6776406991,0.9766732783,0.9226905189,0.9508125578,0.111984538,0.4083321784,0.9861703607,0.0375234927,0.5443848998,0.4057530713,0.9561802994,0.07333334865,0.8434926013,0.09205315923,0.5588486861,0.6052829633,0.2442394155,0.007004412913,0.2342417996,0.2235257036,0.5721536448,0.08766840449,0.8893446231,0.8388140969,0.4484623672,0.7247517084,0.7932645721,0.2481654899,0.471266837,0.1729443153,0.9128675316,0.9860715615,0.4245261423,0.1992686654,0.9259271077,0.512482591,0.8842249907,0.7009472511,0.870996487,0.7737254042,0.8029451631,0.3725804337,0.7304150629,0.3030231494,0.6579129773,0.0660521503,0.4054179486,0.04125015538,0.09651460541,0.1752055009,0.7086960408,0.1183182573,0.3226957963,0.6314238669,0.619549098,0.5940255482,0.6869711939,0.5269273747,0.3177321356,0.08734289484,9.061288387e-05,0.561035455,0.3164914127,9.710846183e-05,0.4504827824,0.4288160065,0.02104794363,0.5782677944,0.2967946566,0.1131693581,0.4194160538,0.4534812062,0.6054874729,0.554352427,0.3172514462,0.835685925,0.4596724483,0.4174168805,8.913827683e-05,0.6018320124,0.2709086088,9.768102955e-05,0.3808297716,0.4828047771,9.02099888e-05,0.5191261266,0.3665482133,0.9999839029,0.5693395897,0.3054972523,0.9414525885,0.4163837996,0.4563082026,9.002039986e-05,0.6158887624,0.2552650814,9.693252511e-05,0.3586324792,0.4976456635,9.691887571e-05,0.5054104696,0.3820783201,0.9809891555,0.5735964515,0.3007505903,9.709200582e-05,0.3506097137,0.5024615709,0.7458996561,0.4920586751,0.3851286889,8.248133315e-05,0.618421658,0.2527826463,0.9838856224,0.3547114856,0.4989538617,9.700772004e-05,0.4935263071,0.3969407777,0.7088184193,0.5874836411,0.2802868608,9.68745987e-05,0.4418972939,0.4576126289,0.7080469927,0.5180180061,0.3546375946,6.700529556e-05,0.3183163897,0.5197201847,9.712775391e-05,0.5483044646,0.3305709153,0.9759785415,0.4723244413,0.4116397567,9.686341507e-05,0.4737595338,0.5088785161,9.283076118e-05,0.3085614626,0.5284142166,0.0001054239792,0.4368213299,0.4308064249,8.830139625e-05,0.6312768365,0.2377136496,0.9921973931,0.6090618097,0.2642603394,0.4071713342,0.5261570019,0.3404653081,9.687151378e-05,0.3745761105,0.4823119334,0.0001106693387,0.5784302505,0.5232264236,9.701860946e-05,0.5239252441,0.3590918524,0.7838897981,0.4324103498,0.4480648924,2.105435497e-05,0.3056346589,0.5405954308,0.9774629895,0.5608603985,0.309557546,9.709274882e-05,0.4486415939,0.4196107087,0.9787262551,0.3138425289,0.5316152432,9.685401184e-05,0.4497466712,0.5384664859,9.300107147e-05,0.6296429674,0.2360410219,0.651870964,0.5027604804,0.3686830074,9.75738e-05,0.5682743759,0.38360751,9.690522719e-05,0.4061040184,0.444679014,0.5627793374,0.5433481355,0.3112953262,0.6269043269,0.4702363377,0.4110840963,0.0001007225647,0.4389168102,0.535547739,9.6912698e-05,0.4796645567,0.3841771476,9.011078669e-05,0.6695246283,0.5419326043,0.9999779857,0.4870759786,0.462661569,0.0001054093738,0.2732755629,0.5530613252,9.693332668e-05,0.3714994715,0.4646439083,0.7778470503,0.6180764961,0.24696611,9.405657828e-05,0.5440725425,0.3101436628,0.9831665241,0.5298458331,0.3425518984,9.693716641e-05,0.5210501091,0.4431819122,9.698792935e-05,0.3725339332,0.4680091341,9.702977359e-05,0.6176193865,0.3657718908,0.3954073636,0.4431898852,0.4121016873,8.970964618e-05,0.4242720211,0.5598288455,0.4539433169,0.5621152743,0.2813258276,0.5658695525,0.3937329114,0.4584003178,9.772406772e-05,0.4646621395,0.3904853116,0.649250365,0.5089441223,0.3510903914,9.693464283e-05,0.2709655358,0.5553875363,9.716300911e-05,0.3380657763,0.4927039117,9.715771293e-05,0.4907270089,0.4840769286,0.5914894381,0.4075827696,0.4534894839,0.3540314802,0.6060085694,0.2422511599,0.3251847691,0.5266160846,0.3147111007,0.8704491404,0.498527017,0.4873676225,0.4588167479,0.4724670371,0.388771373,9.698610474e-05,0.3938897853,0.4498287329,9.048329887e-05,0.3789426438,0.5498353136,0.9999746327,0.6321138662,0.2487444139,0.9999779216,0.5539125034,0.3355695348,0.6855524459,0.3270105079,0.5105729655,9.69784989e-05,0.5371912751,0.4306102529,0.0001043167725,0.4323717371,0.4168115676,9.698513433e-05,0.2580762878,0.5739320322,0.2450789766,0.5477029615,0.2887971191,9.014375638e-05,0.4789738211,0.5731187426,0.6542706669,0.4783892206,0.3967159833,9.773549573e-05,0.3452999115,0.484541851,0.4858606708,0.4501171849,0.4758846327,9.696614217e-05,0.6364538903,0.3561748173,0.4849132634,0.4849899696,0.3739098632,9.698969936e-05,0.3915225912,0.6871124708,9.700855267e-05,0.4168162372,0.4949918715,0.5417711879,0.5153705022,0.425938938,0.9999851823,0.6750928213,0.5585769112,8.798572315e-05,0.2749508201,0.5552253591,9.632721353e-05,0.4077597646,0.4347779689,0.5910825295,0.3887011507,0.4646943311,9.783441325e-05,0.5039499333,0.478949013,0.3117690427,0.5487999464,0.2840205865,9.687592856e-05,0.3729413337,0.538098282,9.792948507e-05,0.4736494427,0.3752818814,0.9999802588,0.635261898,0.2423980803)
