mCurrentIter=100
mCounterStuck=0
mYPrev=-43.19601369
mParameters.n_iterations=100
mParameters.n_inner_iterations=1000
mParameters.n_init_samples=100
mParameters.n_iter_relearn=1
mParameters.init_method=1
mParameters.surr_name=sGaussianProcessML
mParameters.sigma_s=1
mParameters.noise=1
mParameters.alpha=1
mParameters.beta=1
mParameters.sc_type=SC_MTL
mParameters.l_type=L_EMPIRICAL
mParameters.l_all=0
mParameters.epsilon=0
mParameters.force_jump=20
mParameters.kernel.name=kMaternARD5
mParameters.kernel.hp_mean=[1](1)
mParameters.kernel.hp_std=[1](10)
mParameters.mean.name=mConst
mParameters.mean.coef_mean=[1](1)
mParameters.mean.coef_std=[1](1000)
mParameters.crit_name=cEI
mParameters.crit_params=[0]()
mY=[200](-42.64506555,-0.9700985441,478.7938528,-13.75345089,-35.16918396,-39.58604697,1.227074135,-5.245680165,10.14979789,-34.96956431,1086.966694,-29.52480862,-21.17839278,16.82895492,-2.449530179,99.30189246,-18.08639869,-24.13552398,123.0857189,-44.06078424,12.98410898,2.418437962,50.94990834,-36.37356783,-5.485738245,16.77932548,1034.447668,-13.43710905,2753.709131,-41.63146992,1.101619248,23.19817928,-34.2915802,38.50968614,364.7851955,-3.375178448,-32.53473713,37.16014234,-35.99095431,28.01136268,24.31182197,-0.8554780514,1646.011132,-24.13709046,-11.87987978,29.05283125,-20.08604311,46.30650627,39.39622359,2106.355203,860.7874355,3.384856349,-0.07768906618,209.3407468,22.03086272,5.118728752,22.06372765,-34.87053651,-26.4038759,-29.38739493,62.97747434,-27.59969573,17.06577232,1361.231227,-18.82554629,58.10556068,-26.73185543,-7.99221687,82.70430082,-5.436106804,-10.77274986,-39.41136463,-14.8892272,40.46517171,-43.75170832,23.67032367,-9.543692962,1435.284702,1651.605142,7.041511715,18.89922583,37.29528535,17.39977229,-3.324165665,45.97103657,24.84332513,-12.89456104,22.55501712,35.76129798,45.78889343,-41.05126189,53.17844754,353.799072,12.46613556,-21.62338273,14.46971594,-45.33526211,-24.21639091,15.67841199,-2.079632652,-44.23506124,-46.73845874,-44.97440529,-37.06779228,-44.02996349,-33.02072664,-35.0116773,-46.45931252,-44.92065416,-38.59079989,-46.82401761,-15.5481471,-37.15773727,-39.37772827,-40.76598195,-42.98689346,-35.91403107,-39.31555356,-45.03367693,-46.73168129,-35.96782952,-38.36138163,-40.847171,-42.64340135,-47.93130922,-39.19592534,-16.26408563,-38.46620217,-44.56507399,-36.12011162,-33.45224694,-44.4114309,-41.59009761,-48.16153969,-44.60614614,-44.78212005,-43.40640464,-40.99590809,-39.29487105,-42.98653997,-43.66639202,-45.45245388,-37.75446056,-34.69432821,-35.92722654,-45.54062958,-29.88421779,-36.79904442,-41.62804136,-43.54882568,-34.7155848,-44.65643898,-37.73541812,-37.46324249,-44.79276103,-40.63013318,-26.95593386,-43.52636885,-32.41043159,-44.32792028,-38.77428981,-46.89780039,-31.50082808,-37.16809817,-43.51171155,-38.62938977,-42.66577663,-44.762534,-43.35612624,-37.91144169,-44.26354838,-47.20635224,-24.48358052,-40.26652309,-44.8274387,-42.27949322,-42.30914485,-45.99724344,-41.38160654,-45.73119458,-31.14413389,-45.26675504,-39.89949544,-48.9647337,-40.19938305,-37.30038406,-38.71134626,-44.43777259,-30.32050165,-47.48542475,-32.63870772,-45.75786997,-38.57980286,-45.37185189,-38.37119362,-44.40322968,-42.85687146,-43.4912044,-31.87004825,-43.19601369)
mX=[200,3](0.01184387316,0.4678161657,0.4367659572,0.06206168703,0.7928860687,0.504280004,0.8153392866,0.6104925675,0.0103606521,0.3687497519,0.08866856607,0.6378870932,0.8083281906,0.6239425748,0.2726645044,0.1863955077,0.1928552187,0.5371387757,0.2293239417,0.7367829586,0.6514797219,0.2840419274,0.1390943612,0.7852524336,0.7204478742,0.01487349278,0.8555124544,0.03122693695,0.6086779216,0.3830853348,0.1450273598,0.001712953113,0.2305909758,0.9984292408,0.5500787808,0.5597884168,0.8463901182,0.4495820008,0.6748728825,0.9647968229,0.1695127589,0.893958713,0.775691453,0.817517056,0.3681836511,0.8388980529,0.4330043368,0.1001053714,0.942896785,0.2975151414,0.6418766898,0.4262660487,0.7108653026,0.2859390417,0.6493760133,0.9547240077,0.04157928877,0.1622348513,0.5045564461,0.3725213196,0.3417046435,0.8447584429,0.6038729334,0.4898241209,0.3545507321,0.8274858769,0.822145177,0.7730998779,0.9999673362,0.542788926,0.6330683286,0.3372225571,0.1095932914,0.8070812433,0.2677880632,0.09630176838,0.9029373682,0.3987868344,0.7125522864,0.3000695689,0.0617182544,0.5790137759,0.3695947684,0.7425836184,0.4715023707,0.05311049899,0.05766462125,0.785913398,0.3805194149,0.445599848,0.9314517299,0.2161840703,0.7995233951,0.4912315615,0.5225993746,0.9096564867,0.3984034933,0.5734580606,0.1514966895,0.02499144872,0.4968222113,0.9766237095,0.6708498832,0.4291877945,0.0264388089,0.0722831106,0.2097614016,0.8062843231,0.4076127216,0.1767841387,0.5703831555,0.3365813506,0.646133077,0.9424220837,0.2086856269,0.3352314829,0.3286617949,0.5692302226,0.4506623104,0.1420557998,0.5246225338,0.875964432,0.6895019524,0.9545686475,0.6753928067,0.7248549635,0.0534602564,0.2796966686,0.03211557452,0.6651700508,0.3737102597,0.6699841303,0.3180099281,0.6905811519,0.5828183714,0.7084223611,0.09819971287,0.958512343,0.9227164806,0.5944391027,0.6295951184,0.607909532,0.03776150214,0.4866459106,0.3864761787,0.9801303199,0.1718586122,0.1939514503,0.114681178,0.07693533018,0.7603580143,0.2276633575,0.1195141034,0.1746097197,0.04334865266,0.8155238733,0.9857144628,0.8203857777,0.4797535132,0.2191682294,0.4027678073,0.08309938652,0.6342996453,0.2637225537,0.2906461465,0.4312142853,0.8595294717,0.4237223364,0.6888854365,0.9470054663,0.3164066905,0.6174032212,0.6543420094,0.1663366586,0.7996533833,0.7289865828,0.2279776792,0.8684007814,0.582896979,0.5434901116,0.5158313168,0.9732252676,0.9330344659,0.856890368,0.6849998914,0.09610929561,0.3575873103,0.9230007434,0.3022643684,0.5969028645,0.3441337292,0.006907796995,0.4675265162,0.1296857316,0.6174834217,0.7434090205,0.91024937,0.9655039707,0.6954238457,0.2518328001,0.5992922386,0.1591759198,0.7430444913,0.5185629846,0.4400908225,0.06916013429,0.4079682576,0.3042820308,0.7803006822,0.1245489988,0.657994383,0.7518429691,0.4911396819,0.621961998,0.4739398745,0.2154642557,0.8811138753,0.2840464505,0.6917285862,0.7596350238,0.8965392564,0.8349274764,0.1211345684,0.2351561993,0.4622963221,0.974571687,0.3159506793,0.9293578445,0.27737732,0.7669872503,0.4179989549,0.4116635229,0.02437319041,0.1811847146,0.297150874,0.07923141664,0.1358307097,0.3776449677,0.4112430806,0.8445956725,0.1311846522,0.1838544618,0.9178432114,0.11789024,0.1568266957,0.3437862983,0.9128872863,0.5679088406,0.8735865963,0.4503183735,0.6612308755,0.7007124928,0.5522428581,0.9695875322,0.7622352045,0.008273609071,0.8301126863,0.7318883391,0.08155308447,0.247900931,0.759153458,0.2618276172,0.3901845625,0.1939428737,0.8931401592,0.3258173354,0.9879994523,0.5397233506,0.9945967793,0.7130415869,0.8715148254,0.5438207618,0.2044404945,0.2363816074,0.9357705361,0.8813460525,0.04598913921,0.1025195607,0.2456862765,0.5875540941,0.8667943791,0.5290786115,0.2428758583,0.1471582951,0.4543410269,0.2524457881,0.4826784059,0.8642901966,0.9094868701,0.5312129443,0.2552114981,0.506793652,0.7036817865,0.3594941289,0.7323602768,0.8843153179,0.5609278137,0.3253223784,0.5166875323,0.7725196376,0.6073239899,0.4962257669,0.3160531134,0.698859929,0.4219082262,0.38077374,0.03144480679,0.3569317716,0.4453216324,0.1555634594,0.561920438,0.2640956158,0.9021872895,0.5377047069,0.2843304221,0.8548572207,0.3637647229,0.4316746268,0.0741588197,0.5764012095,0.2542167797,0.4160636851,0.4652417928,0.3431711886,9.727340867e-05,0.3546627306,0.5085839912,1,0.4790121607,0.3486222649,9.78401941e-05,0.3751520619,0.4105300904,0.9999779701,0.3207594488,0.4825361651,0.0001036870909,0.5861826675,0.2483869334,9.529934174e-05,0.5167649171,0.3018158218,9.703393297e-05,0.3879766581,0.5469985091,9.071108445e-05,0.4084914798,0.3867560882,0.9999879572,0.5971335484,0.2355486239,0.9999851558,0.5913348133,0.2383855114,0.9507637573,0.5274116598,0.2907023863,9.700276913e-05,0.3180616297,0.4546493589,0.309325392,0.6009920294,0.2314689529,0.8817789082,0.4355170856,0.3748243209,9.03067252e-05,0.4886883151,0.3238298605,9.762932879e-05,0.3325885135,0.5392742943,9.689974533e-05,0.3457783954,0.4246074371,9.707653483e-05,0.5000712969,0.4926873918,0.9999779244,0.3121914293,0.4867483882,0.2686083857,0.6043027976,0.2291961868,9.020761045e-05,0.4438304168,0.3624310806,0.9999780145,0.5272253683,0.4260189251,9.6942985e-05,0.4308801322,0.5908996761,0.0002880102829,0.3404060165,0.428063796,0.8190841513,0.5845219716,0.237303669,0.6756487097,0.5154006274,0.2922612897,0.425318189,0.5172958949,0.2912579044,0.6498132942,0.4003687178,0.3853159861,9.724425458e-05,0.2825039024,0.5020008425,0.9268584791,0.5632500551,0.2352864689,9.705026712e-05,0.516164982,0.4622626714,9.037911427e-05,0.4567871307,0.3520411406,0.4683331928,0.5505432358,0.2715645292,0.4921898354,0.3521637398,0.4120317123,9.664878782e-05,0.3113719618,0.5898941962,0.9584451102,0.4195100334,0.5222171603,0.9999850765,0.4847621865,0.330732222,9.708012715e-05,0.2928606345,0.4570888871,9.694336886e-05,0.4991586189,0.5789835151,0.6036458456,0.6053595421,0.2338794572,9.69212693e-05,0.3854267871,0.3905966722,9.695105623e-05,0.2747874133,0.5102388692,9.059282024e-05,0.5620111405,0.4539127452,0.4351637349,0.493842233,0.2928881333,0.705820041,0.3393702002,0.4129830048,0.9999842112,0.5707032157,0.4347086535,9.709038309e-05,0.4168026882,0.4768229382,0.4419805634,0.5188490502,0.2733100143,0.9661153061,0.3429014075,0.5456503672,9.711372911e-05,0.4230001476,0.3762503888,9.685900293e-05,0.2896762107,0.6253626386,9.68993195e-05,0.2947289631,0.4590321654,0.7995752974,0.4294620532,0.3605160272,0.5503783874,0.4496025527,0.4700074187,8.115883524e-05,0.6248886557,0.2168741296,9.04793412e-05,0.6064618019,0.2227863002,0.8799334238,0.5317510346,0.2627234234,9.024832824e-05,0.5033328541,0.3192273132,9.70346766e-05,0.2733474757,0.513831865,9.700331515e-05,0.3549179046,0.4187116203,9.727310887e-05,0.4232196925,0.4965397609,0.9999779616,0.5738362924,0.3726110904,0.6151819325,0.3929754215,0.394390885,0.8859270521,0.5387079494,0.2644099386,9.704057636e-05,0.473110139,0.6335382149,0.6161322454,0.2884342905,0.4599859952,9.730161319e-05,0.4908034928,0.4008250076,0.4660703594,0.5476731616,0.2488373986,0.700667195,0.4624337757,0.4747910464,0.5063631284,0.44917363,0.3434950422,9.693171341e-05,0.2821343256,0.5472655585,9.688758904e-05,0.3419259353,0.4299772579,9.700302877e-05,0.5719288885,0.5114751848,9.689155608e-05,0.3882729376,0.4756122407,0.5923404954,0.5808052649,0.2081533335,0.4709142997,0.4501980905,0.4077512555,9.69153285e-05,0.5684785838,0.3347143084,0.9957413139,0.6403536248,0.213858288,0.7586070807,0.4084016981,0.555744171,0.5243642398,0.4720934912,0.3213669923,0.7445050684,0.2658840993,0.5078614636,0.4059796204,0.381684283,0.3968015522,0.9999884459,0.6013007089,0.4589048201,0.417594329,0.4472674784,0.4267139346,0.9885795507,0.6206200019,0.2161227311,9.396001348e-05,0.3081206842,0.4467109561,0.4480918819,0.5667295589,0.2346717772,0.746725069,0.4982745098,0.3095055118,9.724082154e-05,0.3897097529,0.5080360327,9.70285242e-05,0.4265536981,0.3795163697,9.697032896e-05,0.2715823662,0.6432543407,0.4108980647,0.5420504194,0.3775071039)
