mCurrentIter=100
mCounterStuck=0
mYPrev=-19.21805726
mParameters.n_iterations=100
mParameters.n_inner_iterations=1000
mParameters.n_init_samples=100
mParameters.n_iter_relearn=1
mParameters.init_method=1
mParameters.surr_name=sGaussianProcessML
mParameters.sigma_s=1
mParameters.noise=1
mParameters.alpha=1
mParameters.beta=1
mParameters.sc_type=SC_MTL
mParameters.l_type=L_EMPIRICAL
mParameters.l_all=0
mParameters.epsilon=0
mParameters.force_jump=20
mParameters.kernel.name=kMaternARD5
mParameters.kernel.hp_mean=[1](1)
mParameters.kernel.hp_std=[1](10)
mParameters.mean.name=mConst
mParameters.mean.coef_mean=[1](1)
mParameters.mean.coef_std=[1](1000)
mParameters.crit_name=cEI
mParameters.crit_params=[0]()
mY=[200](1555.03307,59.02135918,16.3394256,2162.058644,54.43077295,51.60411492,43.26551006,25.21505218,28.46617185,20.73979002,1532.033053,142.6923887,266.0268775,-5.570922209,55.35968363,-11.24151903,31.93042761,82.52866498,11.84906259,11.16711539,24.13340331,106.7784239,28.50400985,86.83940492,53.07643832,31.99142835,749.2827123,2501.928711,48.43415156,10.67145632,9.633909958,1186.572751,167.492376,-2.56941375,23.28907017,117.0241983,52.44788579,135.1144309,27.68046133,-10.10450879,-17.26425901,53.47175098,18.58517504,13.82533821,345.7306154,44.71783327,54.00567917,50.70559941,4.122983536,-10.82740937,65.25652063,17.82627864,66.44635761,55.18594056,33.8775526,44.27205522,41.49632816,46.72255012,3826.130995,61.80813031,649.7814507,62.48125409,18.58853583,44.08482765,28.93010753,36.28043593,33.37283913,-3.36029957,13.23583026,3312.828887,3092.605077,903.0047404,15.02552889,-11.15515693,-19.59213436,38.00371482,-20.23480214,141.01654,49.65766691,-1.190620858,2708.373349,-14.41470181,53.15112567,36.67484441,43.49055066,1630.922692,-6.817480832,33.30979616,54.65377544,53.01002525,23.65210001,-4.226792172,12.57414796,1.332848184,8.728875292,538.4276936,40.12232295,0.3591089726,-10.38658712,1177.34978,-11.18865415,-10.46173211,-3.007408665,-12.70411061,-8.965917853,-13.05328496,-7.931246534,-11.86555347,-2.185811339,-13.78851222,-6.173528499,-12.87406321,3.102950247,19.22062935,1.795961111,-6.141680052,-18.08341016,3.583997082,-7.587995142,-15.85816388,-10.01256342,-15.56222424,0.3301299172,-12.94796496,-6.292194498,0.2666957731,-9.607566085,-17.88298515,-2.332933189,25.00874851,-9.848507166,-11.78100147,-8.942867812,3.432792857,-0.3383442583,-15.23269683,6.340225625,-10.26697903,-14.64936792,2.9255344,4.26970164,-5.542119341,-10.44596831,-3.368763794,-4.626800765,2.728581996,-7.611010599,-18.11466775,-11.65985206,-12.07929985,-0.5075421706,-7.278036864,-19.8846692,35.86237507,-5.069900368,4.633287069,-10.30118555,-16.43402025,-17.36369809,-13.18177157,0.802874777,8.865590231,-16.71453228,-13.39546154,-5.960007,-4.919858898,-12.41759915,-6.207829072,-15.16498085,-2.532005072,-6.726496802,-16.80064891,-18.53878369,-4.882051541,-10.84899525,-12.57933937,-11.3405354,-13.22100579,-9.462878493,8.410505071,-18.36173349,4.705609792,5.174577499,-19.34088641,-6.638499743,-11.92545765,-12.42075596,-12.22973218,-12.78247001,0.6520228711,-13.44819206,-1.968526446,-7.963576053,-14.71852889,-17.19371006,-7.289158026,-15.61691151,-7.428045583,8.331683839,-19.21805726)
mX=[200,3](0.062612602,0.2607058109,0.0462068238,0.9954040135,0.5989495772,0.9824656637,0.09225697611,0.6195799683,0.7413916436,0.2839686941,0.2223972067,0.01876995492,0.4405125467,0.7783241591,0.9135516177,0.367290613,0.984817407,0.264971435,0.5482284435,0.928894766,0.6234911484,0.886000792,0.4191600586,0.4356436996,0.5512676601,0.9046999271,0.1950243369,0.1763725349,0.8467256019,0.2951726498,0.02887696584,0.1767012832,0.1192095964,0.1693615525,0.4294880106,0.1783266496,0.5191485813,0.1646318078,0.3157899054,0.08518529922,0.3709794931,0.3782570774,0.1848084314,0.02166279451,0.9499666497,0.5313008429,0.6210420071,0.242188529,0.6322640912,0.390706809,0.8591832706,0.7262521412,0.4009108156,0.2359801998,0.7858050221,0.5560215882,0.2034891203,0.6083555872,0.544576113,0.73991683,0.5800681828,0.3383945846,0.8098439684,0.8930951236,0.2830799939,0.4517870159,0.4798253678,0.8815972984,0.5329066487,0.04885814557,0.9755977015,0.9936039497,0.677948543,0.4709680494,0.9726531808,0.6109850352,0.8791488719,0.08214098306,0.2361102037,0.2402549248,0.1595469488,0.497213742,0.1855761162,0.05527038281,0.8309857224,0.09583896661,0.8335378935,0.3491346851,0.8045132076,0.3600609147,0.3572555251,0.6411558634,0.6796805199,0.9899035804,0.1162257327,0.2779158965,0.2147807123,0.205336357,0.2885397058,0.1338131818,0.699038895,0.3955188963,0.7965184846,0.4883183083,0.7852641479,0.5232412291,0.1339815312,0.5048405161,0.1997257362,0.04073899296,0.7200027092,0.8256885897,0.1081380263,0.5751367959,0.145278799,0.7608647363,0.7180010813,0.6985045161,0.5154429551,0.3532053488,0.0748182823,0.3088584559,0.5803773168,0.1095786228,0.8237120364,0.8697001685,0.5953762923,0.4429521054,0.7943679856,0.3020729336,0.8172089068,0.1680597471,0.018008859,0.3595331274,0.1358327812,0.7026619872,0.9626840012,0.5500570165,0.561649542,0.07845853447,0.9349165236,0.5749534209,0.9443955452,0.6956081458,0.3930950185,0.6641644262,0.6314148392,0.5041124552,0.329462222,0.5245814369,0.7322034474,0.1406449218,0.6637241277,0.2448883055,0.437821122,0.8139982816,0.7661487469,0.7263063961,0.03866949128,0.9736640699,0.03551629796,0.7565031826,0.4624192393,0.4650672542,0.2157860614,0.9259124484,0.3800140942,0.8754265433,0.8149094514,0.6528429727,0.8940768102,0.7421664954,0.1282291553,0.8225637952,0.7548786576,0.001838028198,0.02171171132,0.9454569757,0.7899992899,0.9683335436,0.6873294663,0.2177506667,0.2211002777,0.8044158747,0.1986433059,0.6446172761,0.6664438888,0.5704855458,0.7769508174,0.8520131869,0.9545528931,0.4466134691,0.3702944419,0.8353414803,0.6513190089,0.9156537727,0.9359879223,0.3013552455,0.2564117334,0.5062428507,0.8831435036,0.4388547902,0.7100313102,0.3883663509,0.8413699195,0.6057739931,0.7023082601,0.05256666421,0.06922581968,0.07467714789,0.9366133855,0.1541613573,0.06792536979,0.4531960168,0.01960656699,0.3461271694,0.4033284674,0.7984250519,0.4055156408,0.6258286406,0.6368941997,0.3228140359,0.2610485111,0.4562908635,0.4878273122,0.6491296765,0.2305956769,0.6165282719,0.2721341616,0.3469542689,0.4961767277,0.9520366991,0.5329756641,0.1091455346,0.03146340954,0.7059513373,0.9055181433,0.2245096398,0.4959185876,0.6850337887,0.3399144755,0.3182627653,0.003926821973,0.1570822482,0.5252727373,0.4749610675,0.9631630794,0.9935965038,0.5464487864,0.008823892828,0.8930624836,0.6090412212,0.110349193,0.8549880966,0.7623937531,0.2096282562,0.08190536678,0.1821345677,0.8731526874,0.5877585805,0.4642614023,0.4271069332,0.9194944748,0.3317496193,0.3195863,0.0597753136,0.9517707494,0.9004284713,0.7500158114,0.9276560059,0.4843607947,0.8638140493,0.4154551804,0.1274780107,0.2795419576,0.4270934069,0.3855288354,0.7446323576,0.5907794891,0.659264096,0.6811062066,0.5607685859,0.3209935411,0.7386283605,0.1219907253,0.8645213202,0.3640059513,0.1419156884,0.7177841187,0.2592700067,0.8477584443,0.2912115756,0.6757468001,0.5159343918,0.4137978276,0.5664053422,0.2580448759,0.7787040672,0.2954999503,0.09736738315,9.351939066e-05,0.5599419317,0.3008093632,8.993236774e-05,0.5638213804,0.2984126146,0.3693765557,0.652236069,0.2535686673,9.701713147e-05,0.5150928953,0.334423442,0.8301765978,0.6774254491,0.2483941014,9.701346868e-05,0.5179682885,0.3315188162,0.0001038887273,0.6501899772,0.2477931555,9.708489614e-05,0.4995481091,0.3560503782,0.9999779861,0.6741550858,0.2561765051,9.688007388e-05,0.4715880199,0.5751198673,8.969966121e-05,0.6136907913,0.2633423244,9.691758854e-05,0.489799614,0.3835465345,0.9463777096,0.5684009829,0.3177594907,0.9999772196,0.480901391,0.5859118544,0.07585349342,0.6821310409,0.2323230051,9.063404649e-05,0.5148004046,0.3209334111,9.695348646e-05,0.4909953426,0.4499679816,0.9999779396,0.7194795979,0.2271254558,9.68896712e-05,0.3934161911,0.6522931029,9.70028899e-05,0.4979034653,0.5373340688,0.6283995156,0.5450752775,0.3131899666,9.829956761e-05,0.4801230471,0.4041245154,0.999978105,0.5637938425,0.3923236207,9.676871442e-05,0.4837535452,0.5644635226,0.0001042303977,0.5866886863,0.2694864183,0.781107003,0.7130127966,0.222201071,9.152037477e-05,0.5317575902,0.3000612197,9.698538241e-05,0.4825453892,0.4461638213,8.975703482e-05,0.3347912077,0.7068425901,0.9999780106,0.4523947202,0.6163438121,9.717042638e-05,0.6129207979,0.4970835067,0.4199150524,0.5642565739,0.2890494009,9.706484133e-05,0.4726316757,0.3723955222,0.9999781557,0.6132269711,0.5023987457,9.70472308e-05,0.6939406544,0.2236890354,0.0001059534641,0.4377718773,0.5265371418,0.9999676537,0.6162430254,0.2869473462,9.852647019e-05,0.438424475,0.6233338726,9.686681669e-05,0.4669353793,0.4332489608,9.687387268e-05,0.3005875295,0.7346667161,0.30028816,0.5365756944,0.2976197156,9.681192549e-05,0.5890333297,0.5760428298,9.719980075e-05,0.604347872,0.4327376964,0.8134969063,0.4897425458,0.5135170748,0.1458924329,0.6970253109,0.2219816148,0.9999851215,0.7401470484,0.2140439379,9.678137867e-05,0.5665179909,0.2746076104,0.0001019759333,0.4310054847,0.5041835023,0.542342669,0.4977891501,0.3703340278,9.632179913e-05,0.4061832405,0.6126786483,9.721706758e-05,0.6916833744,0.5024404508,9.694035993e-05,0.4774001224,0.3464834904,9.679599845e-05,0.4446848944,0.476720096,0.9999779834,0.3804547976,0.6893683272,9.682880499e-05,0.5681704017,0.604963558,0.9999780672,0.7011248037,0.4770844159,0.2036848374,0.6158704479,0.2523443206,0.585060578,0.5253772846,0.4148664509,0.0001101805758,0.4273373076,0.5287693915,9.708714177e-05,0.5967164951,0.4017075241,0.9999779711,0.6808428799,0.3114468016,0.9999846577,0.6341146391,0.5898194952,9.641541826e-05,0.4557671894,0.4361840239,0.6195053503,0.4938219059,0.5149914417,0.3559249627,0.7047624901,0.2140430414,0.4393247983,0.5455139751,0.2910877303,9.68286481e-05,0.5624648626,0.5127740658,9.498020336e-05,0.4901150675,0.3253968736,9.699155152e-05,0.3973543994,0.5742130451,9.056035023e-05,0.4342502034,0.6814598563,9.686118117e-05,0.6735894014,0.3105642469,0.580081406,0.5071380619,0.4260836165,9.75958291e-05,0.443643638,0.4694635498,9.656029861e-05,0.5762666962,0.6014551528,9.115817811e-05,0.6025254175,0.4468301202,0.6375409723,0.4614983218,0.5446736381,0.5378872284,0.6018405658,0.2568777083,9.69861294e-05,0.4597920691,0.3905478931,0.7106914429,0.6073201472,0.3807830368,9.678036507e-05,0.2645858726,0.7684452737,9.67121817e-05,0.4038230528,0.5522372568,0.9254782966,0.7402450804,0.2059160731,9.70332445e-05,0.719095977,0.51794546,9.668942732e-05,0.4514348371,0.4755292159,0.0001045021061,0.5691727667,0.2674595658,0.532433914,0.5268811606,0.3093099515,0.5468188108,0.5173876479,0.4957343556,9.676984048e-05,0.379118194,0.6219030726,9.69792033e-05,0.533620603,0.5325998934,0.01669792198,0.703687215,0.2152505214,9.684309698e-05,0.4610800974,0.3973973911,9.699948632e-05,0.5310733917,0.6492902465,9.699267301e-05,0.6160641362,0.3669585813,0.5096920696,0.5947548735,0.2595592036,9.931043481e-05,0.418194799,0.5166941159,0.4297334008,0.5121786423,0.3171247636,0.5504836138,0.5186200281,0.4557980224,0.6222146678,0.4428460712,0.57891758,0.9999779653,0.7340904515,0.5039908997,9.7599103e-05,0.4439306613,0.4444109077)
