mCurrentIter=100
mCounterStuck=0
mYPrev=-45.60818769
mParameters.n_iterations=100
mParameters.n_inner_iterations=1000
mParameters.n_init_samples=100
mParameters.n_iter_relearn=1
mParameters.init_method=1
mParameters.surr_name=sGaussianProcessML
mParameters.sigma_s=1
mParameters.noise=1
mParameters.alpha=1
mParameters.beta=1
mParameters.sc_type=SC_MTL
mParameters.l_type=L_EMPIRICAL
mParameters.l_all=0
mParameters.epsilon=0
mParameters.force_jump=20
mParameters.kernel.name=kMaternARD5
mParameters.kernel.hp_mean=[1](1)
mParameters.kernel.hp_std=[1](10)
mParameters.mean.name=mConst
mParameters.mean.coef_mean=[1](1)
mParameters.mean.coef_std=[1](1000)
mParameters.crit_name=cEI
mParameters.crit_params=[0]()
mY=[200](2347.953375,-26.06125874,17.32159833,56.98445879,51.53966117,223.5609892,17.1894389,33.78259928,-47.18062481,601.13766,474.8760245,-11.31641358,3.099780453,-17.47454168,-36.98808902,42.35622699,-39.88956649,29.77061424,-16.60333815,99.97087792,-37.94573071,-2.216227411,48.16064872,19.14403258,-4.215930766,-9.028888502,-12.50495191,-28.06677791,41.03080339,-27.02804059,15.84375731,-40.75825051,352.6520316,-19.15101353,20.7003025,14.24317162,10.55604058,-41.91338198,39.12512088,15.88765844,5.19229382,738.4134715,14.23786726,-4.581662184,202.5534948,-3.084168598,19.67784956,-14.34473548,-7.428360613,-25.18873548,-3.942020711,-4.495523848,142.3569029,-26.18387443,-38.90255457,-33.50781914,-13.68431476,-14.79585115,-27.38090262,31.11685404,0.3781912864,-34.00851146,-4.717923649,-10.87537114,2943.704332,6.97582772,30.32348457,-15.07332503,34.82846221,20.74844638,-23.61294064,-45.03662794,-10.59549359,15.7579635,-14.12086065,3.5261471,-15.04584499,1572.197139,26.22845365,-7.482275189,15.22894912,-33.9753274,-17.47653984,24.56780302,971.6221512,-12.46208842,14.34435957,22.64175597,1553.393274,400.0647096,21.42546522,20.63321336,-20.68584969,220.2627196,0.6114581961,587.4446188,4.647532457,72.6642977,14.73670768,-47.18052492,-44.03501816,-44.61173594,-42.21331464,-42.14213952,-44.48143429,-44.10135198,-46.83388148,-37.53467105,-33.49448973,-38.15578523,-20.0606361,-40.64530397,-42.06788874,-32.79410408,-47.4939197,-39.4157256,-44.704821,-40.9324167,-38.27468789,-32.45148269,-47.07960185,-43.41786121,-29.46349044,-43.93217558,-25.42067439,-39.43690163,-40.31358015,-42.63789814,-44.86390212,-43.7278852,-41.73388309,-44.17771779,-50.16186948,-40.93932178,-38.53388993,-17.76855795,-43.62069198,-31.61081456,-39.12078158,-45.03710856,-45.18465348,-39.13320048,-30.98687597,-39.76158198,-46.6429948,-41.29991755,-39.87967154,-46.7101638,-35.00466734,-41.86776142,-36.03869238,-29.84730393,-42.16863736,-44.37024915,-45.98206598,-29.29745908,-44.60610161,-25.861057,-47.76135344,-33.88289536,-37.26789956,-49.65689161,-45.14928356,-46.47755584,-49.80823212,-46.67343002,-50.25532874,-36.73569484,-42.03059315,-26.14723983,-41.06543724,-43.46348526,-40.7105129,-41.44773901,-31.82725074,-48.38168356,-44.15193052,-48.02914465,-17.33506153,-35.871691,-48.13810091,-35.22500279,-30.3252482,-35.70252671,-39.23698718,-47.91461725,-42.96119285,-46.91292861,-42.93296539,-47.75746166,-48.30916661,-42.42481269,-36.80315014,-48.17889901,-32.66794597,-32.28612965,-14.74185881,-41.83425969,-47.29336863,-45.60818769)
mX=[200,3](0.2984776467,0.08538305057,0.1023526311,0.4724719077,0.4196715397,0.2636777046,0.3139291306,0.3375161146,0.9254250578,0.1327307978,0.4909753095,0.05856511725,0.1687425344,0.990747912,0.8228696299,0.5153029854,0.004270970835,0.3681568565,0.01766649325,0.07468674863,0.4675447369,0.9144533982,0.8599285557,0.8765941247,0.2623659378,0.4333138621,0.3500056906,0.6125168219,0.1455370044,0.2018610898,0.9090441775,0.5127688893,0.009874449137,0.1758675654,0.2743444206,0.7774272099,0.4402889178,0.4693722642,0.1222753325,0.8438363508,0.7664656675,0.449927868,0.6387323955,0.6698079355,0.2312264766,0.2514068489,0.6969597443,0.9785975795,0.5506337294,0.4814202422,0.2990197786,0.4048423443,0.5265539845,0.962907341,0.5036516962,0.06767556844,0.6690672067,0.9313732675,0.1578714897,0.379790205,0.09127229276,0.2189597548,0.5526131815,0.2192641404,0.5074675175,0.7925542559,0.5417700151,0.78739632,0.9911816242,0.569713582,0.9394955646,0.4599010159,0.526649412,0.7906377989,0.5820997393,0.1583879693,0.8117868226,0.3271702762,0.7502560084,0.7335846643,0.6084386132,0.5722125949,0.7118096715,0.2877732597,0.08364278073,0.6476480384,0.9814139788,0.3786747305,0.1783956821,0.5336112197,0.8561691022,0.6070532606,0.8865186589,0.4208621853,0.5450954411,0.5049670241,0.5855975025,0.125954053,0.2596201702,0.9982088047,0.7284548846,0.1964627644,0.889738534,0.8809986811,0.7301260861,0.229367897,0.3244326094,0.9092680509,0.8675820341,0.3083153032,0.8921678266,0.8064069921,0.4081550087,0.5199330547,0.1957468721,0.9591437836,0.7587585475,0.6273140741,0.9127462098,0.5299282369,0.9793377046,0.8462257291,0.6267016464,0.04391153708,0.3689621754,0.03871952335,0.6497721973,0.9267747107,0.3847709489,0.4108528812,0.1319590236,0.8101330233,0.4875538925,0.4593486567,0.04178430482,0.1051365949,0.8217980837,0.4103699359,0.7412023475,0.1843214618,0.9414699797,0.2394183045,0.7717177271,0.4041451335,0.4983466625,0.4783231119,0.1353471391,0.8151668748,0.2631846668,0.4948413226,0.8337108341,0.3104102477,0.3350553419,0.7042506605,0.8316141463,0.4333788062,0.6786758347,0.4212256367,0.09687106977,0.7164352046,0.6169274701,0.5935358407,0.3525413852,0.6210193127,0.1801923212,0.7227843664,0.6873986375,0.2715063968,0.2882012036,0.5870629754,0.6956815942,0.0003233126341,0.7016297648,0.5771300291,0.6839025931,0.5306824601,0.6379288522,0.6590568116,0.9674934945,0.6726164727,0.959753762,0.2850370868,0.8363953507,0.4561977304,0.5974009409,0.4895571534,0.301599672,0.05813749927,0.8042150847,0.892528188,0.5579219044,0.7456754647,0.4628320878,0.1174451356,0.01957527394,0.7339627268,0.4414626121,0.8690608209,0.3303017398,0.9781662458,0.5631490686,0.2446889363,0.03099584157,0.6543415199,0.2759676163,0.6508014864,0.9557076508,0.0685245156,0.944800461,0.3400887308,0.4308219316,0.7521690728,0.3087385821,0.7944980614,0.5741329932,0.3966839386,0.02400086837,0.6779684732,0.6449728796,0.8294649641,0.8600385396,0.7038565811,0.05064737846,0.25929757,0.7629615835,0.1446272623,0.1949064445,0.859274811,0.8789985909,0.5626276688,0.7197985248,0.3994569375,0.2225572962,0.07263161434,0.1166857289,0.9858891664,0.3179348131,0.9887859855,0.3709631737,0.7878051469,0.5304982245,0.6396686752,0.02904167383,0.7858476898,0.2959812016,0.5440245354,0.7649532745,0.748685541,0.1687596262,0.6991211443,0.09568517438,0.479063211,0.07976403781,0.2011598652,0.1151575812,0.1807418116,0.02605130296,0.6118596256,0.6677932417,0.04610476968,0.9152001416,0.1240139583,0.899317682,0.6806905146,0.3232741471,0.01735826302,0.1778925043,0.3616665345,0.247243208,0.1423048522,0.5922217753,0.8737841141,0.08172294823,0.7768481273,0.3909595358,0.9398151623,0.3855865608,0.34021841,0.7233120742,0.9264050885,0.2338542568,0.2480337761,0.2097997458,0.1043900399,0.8427805826,0.9474815751,0.1612778883,0.2193705626,0.03711074454,0.8071640365,0.06026743648,0.6043522797,0.389184265,0.1532891305,0.9609742298,0.908181409,0.220327165,0.3457207605,0.3503636872,0.4252369579,0.2419585071,0.5463832266,0.2571914798,0.9999779937,0.5298237132,0.2744201164,9.142090032e-05,0.5599105992,0.2461278448,0.9999780893,0.4584998355,0.3701161712,0.9999779702,0.5453577075,0.2504944089,9.696606353e-05,0.5057330199,0.3451618175,9.698362331e-05,0.4094598372,0.4457224799,0.9999781243,0.4252418934,0.3991002042,9.709169066e-05,0.5818946815,0.2198873336,9.696037533e-05,0.3635405308,0.5908902597,0.999978007,0.234602839,0.640878619,0.9999779703,0.5392755181,0.2580067908,8.981188397e-05,0.5261530374,0.30227708,0.9999781169,0.3924880314,0.4347333197,9.039910911e-05,0.4653329339,0.4022487537,0.9999872065,0.5032496538,0.3045989507,9.688511147e-05,0.3557295812,0.4934327619,9.724152012e-05,0.5830310311,0.3644515657,9.785011955e-05,0.4358410102,0.5704312461,9.696921975e-05,0.234503132,0.6332574497,0.9999852152,0.5125864407,0.2825796833,9.702410459e-05,0.4100184875,0.3838206811,0.9999781404,0.3922743777,0.5921146504,0.9999781516,0.5004320901,0.4494532912,0.9999778241,0.347649854,0.447379421,0.0001011296293,0.6016810227,0.2015104318,9.458852055e-05,0.5811555937,0.2165485401,0.9999843862,0.4700915549,0.3296822103,9.751488404e-05,0.494905486,0.4761434587,0,0.5050140653,0.2856332416,0.999977823,0.6018140907,0.3695951226,9.716154482e-05,0.3175322675,0.4801855356,0.9322747061,0.5779144733,0.2125933268,0.8781017246,0.5751038414,0.2138550683,9.696657796e-05,0.5962968054,0.4142792758,0.9999780788,0.1984996884,0.6584800941,0.119936223,0.4613656714,0.3325421017,9.679189733e-05,0.394384485,0.6375745287,0.9999780592,0.4851758537,0.5216303814,0.8800834326,0.567776152,0.2240286058,9.707219418e-05,0.4386272182,0.4844135311,0.999977979,0.4373262348,0.3618347742,0.0001032342875,0.6473943298,0.1807565371,9.697803577e-05,0.2773768217,0.5645439787,9.758763223e-05,0.3699894681,0.4191129176,9.223842812e-05,0.5327239513,0.2569846186,0.9999780154,0.5928898278,0.3325230392,9.704234426e-05,0.5043196731,0.4151627912,9.702558903e-05,0.5040630252,0.5534382093,0.8613414679,0.5433144501,0.2378818279,0.9999780545,0.6220490369,0.4719182679,0.9999781422,0.3556240664,0.5083514972,0.0001031267791,0.6059945561,0.3082330258,0.3907571831,0.5075434447,0.2670911901,0.485420414,0.4374770315,0.361137158,9.687460053e-05,0.1990776729,0.6500746415,9.687091815e-05,0.3076751277,0.4837915395,0.9999780608,0.3772142535,0.6413294629,0.8222009525,0.480249908,0.4272062948,9.689385e-05,0.6335014146,0.459486648,0.000112824361,0.6380142219,0.1832510998,0.3506848193,0.5346392218,0.2407016922,9.700518504e-05,0.4288376994,0.4933388968,0.3645376429,0.4698882146,0.328613521,0.8875094564,0.5873376672,0.2021366414,0.0001054324486,0.4013928271,0.3999322813,0.653233229,0.5235378773,0.3759104928,0.999978117,0.518613674,0.540626524,9.626463599e-05,0.3173853689,0.5574076605,0.9999779729,0.379643001,0.4142096874,0.3382001103,0.5144959182,0.2552946935,9.725892518e-05,0.4996805709,0.4429980675,0.0001032738337,0.6193150338,0.3107149105,0.999978627,0.6027909362,0.3148194981,9.665181483e-05,0.4696109403,0.6147234518,0.5444811189,0.4869902164,0.2962529323,9.691748144e-05,0.3957830291,0.5088956468,0.6447177256,0.5005908924,0.4213738494,0.9999780323,0.2341578045,0.5669040732,0.9999779945,0.643941983,0.4173705184,9.729200843e-05,0.5161388325,0.3635176308,9.721958595e-05,0.5716319065,0.5198938133,9.687720115e-05,0.2999698934,0.6468623638,0.4512777234,0.6301925852,0.2098895913,0.9287035096,0.4779587179,0.3065639121,0.62205416,0.4444242094,0.4729045404,9.693512171e-05,0.3150373746,0.4585157644,9.710337158e-05,0.4268323498,0.369402834,0.3656826337,0.5468248763,0.2246099671,0.3917346075,0.563380329,0.3207396609,0.4223906055,0.4562756897,0.4397715573,9.717457296e-05,0.3879805817,0.5304629409,9.702198886e-05,0.6363720212,0.3864698896,0.5900245998,0.507690601,0.3834175234,8.975511886e-05,0.1870528307,0.5992025079,0.9999773083,0.6273027608,0.517449475,0.9999780158,0.1837338553,0.7187039667,0.3841889248,0.548694477,0.2220788807,0.3560660977,0.5157367959,0.2565562025,0.4224122197,0.4060878789,0.3741854381)
