mCurrentIter=100
mCounterStuck=0
mYPrev=-39.44284144
mParameters.n_iterations=100
mParameters.n_inner_iterations=1000
mParameters.n_init_samples=100
mParameters.n_iter_relearn=1
mParameters.init_method=1
mParameters.surr_name=sGaussianProcessML
mParameters.sigma_s=1
mParameters.noise=1
mParameters.alpha=1
mParameters.beta=1
mParameters.sc_type=SC_MTL
mParameters.l_type=L_EMPIRICAL
mParameters.l_all=0
mParameters.epsilon=0
mParameters.force_jump=20
mParameters.kernel.name=kMaternARD5
mParameters.kernel.hp_mean=[1](1)
mParameters.kernel.hp_std=[1](10)
mParameters.mean.name=mConst
mParameters.mean.coef_mean=[1](1)
mParameters.mean.coef_std=[1](1000)
mParameters.crit_name=cEI
mParameters.crit_params=[0]()
mY=[200](21.85247958,34.37522452,-21.77147087,-26.28236537,-4.725423296,-6.115223583,283.2642573,491.3979743,110.5363605,-41.15521874,27.19504635,62.11841794,-5.949443063,-36.73974196,-35.29970204,-49.88764666,-3.54628206,-18.42496127,2577.872971,33.0541497,1.571772251,3291.611128,22.25439705,7.892148466,1.82967826,2444.549026,20.9821473,28.40064908,-7.589834783,-22.1828084,-39.80828828,-34.51126001,2.967756007,-24.20184022,57.12794584,-10.50675496,431.0610186,-44.65857138,-43.89314593,183.3573249,-19.16213122,27.60900504,22.64328824,-19.44361697,-6.367418138,-37.30701775,-36.85182891,-20.53123196,48.61005758,-9.817458551,-29.92858858,16.61469016,12.08208449,25.25893757,206.9264548,-27.16568229,-31.7925253,-36.85978094,2609.126367,-27.21812459,30.32613636,-22.93342447,522.2491134,54.26743765,179.588235,3.9620654,17.149981,5.387321057,-16.32498341,41.60741561,1576.448659,1233.879544,7.582524311,21.46170187,10.6933901,-49.36312739,17.94370134,-12.38141897,-16.40748534,22.82440808,-8.175951082,1554.751794,-7.756542841,-38.13530336,-45.60657842,13.19327527,-4.862787574,51.74439989,7.532285039,17.55306252,782.5059503,927.029792,-9.574439043,4.623951102,-35.79162233,-42.89428503,-12.45599483,8.593218473,-3.122480281,-41.90443947,-42.17310751,-48.92121145,-39.66972741,-44.29573781,-45.12789134,-39.05737221,-36.52019307,-37.94307785,-44.54859767,-36.78952287,-41.08897898,-40.64923602,-13.58041058,-44.16887662,-39.72934707,-39.97123631,-44.37712024,-26.68691347,-44.89128024,-20.7440639,-36.63655872,-44.93688604,-39.9423163,-34.21323597,-45.20909298,-31.27548994,-38.76363861,-43.62005919,-41.38426457,-5.567105136,-24.86255316,-45.72956883,-39.79502147,-47.18414061,-35.77084875,-44.51937569,-34.90853324,-38.24909272,-34.08890835,-17.90162981,-30.76315805,-41.32583148,-42.01593258,-39.90223793,-48.62540758,-29.76808745,-36.13442163,-42.22373521,-40.29940073,-32.60551724,-44.80579582,-41.5603801,-38.68219399,-37.891033,-44.74599447,-34.66095802,-48.31447894,-42.33175486,0.8269168791,-33.51515985,-44.87418781,-27.50717747,-46.72186307,-44.56985964,-38.18720261,-30.98510677,-22.71561176,-40.48185739,-45.37251354,-41.27685266,-37.90293043,-43.33105137,-39.52112711,-36.23620079,-18.97799515,-47.66408207,-47.5207636,-44.43090618,-39.76429776,-40.55123751,-49.22315383,-33.62852176,-47.04280573,-46.24018226,-48.46396181,-24.6498743,-26.64876565,-43.28942485,-27.5182886,-46.51830319,-41.70517482,-42.68015268,-29.67224494,-43.52652497,-31.16241511,-34.73401698,-44.32090119,-45.22127885,-41.93707766,-39.44284144)
mX=[200,3](0.7137327395,0.07699074663,0.9589300863,0.2365994646,0.9728393441,0.742785223,0.6159698176,0.7033561017,0.590751077,0.1880997789,0.1711700379,0.5610159173,0.325874014,0.8732893776,0.2391768528,0.866771868,0.5291981874,0.7926424004,0.6530396605,0.4373601986,0.07191584756,0.6852710523,0.2154053903,0.2092697212,0.5035136234,0.377135023,0.1889880698,0.3740101419,0.6227573711,0.4174567456,0.5406065266,0.2395594664,0.9904316283,0.8114037721,0.572908076,0.05284432067,0.9024997277,0.7382116236,0.7054659181,0.416144161,0.484866571,0.2543302578,0.2414946907,0.6719421483,0.3794929639,0.3895199489,0.4615065759,0.446369552,0.4360130645,0.06421487335,0.762310572,0.9580028732,0.3818672783,0.66043585,0.8430193776,0.2219899295,0.01316016468,0.8052029902,0.5591958959,0.09758407602,0.2527860586,0.8985425419,0.393786653,0.821402304,0.04743250601,0.0360416632,0.6980173001,0.4592514789,0.9612895969,0.1575959018,0.8585778563,0.6271358364,0.4608275434,0.6540842282,0.8036187213,0.1754632316,0.00315196035,0.1313090535,0.5926850378,0.8855413207,0.7709319214,0.3438649101,0.8391311523,0.8616290763,0.09871365465,0.7934398691,0.5701723268,0.6605679052,0.6190158873,0.04682255223,0.5840980535,0.348876082,0.5514377483,0.8370873078,0.6401861155,0.5186901671,0.4218088751,0.08024017154,0.8397503068,0.3125588349,0.3131561346,0.7132169652,0.4891188506,0.7440894367,0.02732348778,0.08608196174,0.1608215471,0.4742854675,0.7328162657,0.1853100092,0.2448264136,0.00173614433,0.5447084958,0.4365360618,0.3361459982,0.5330598586,0.4625470178,0.408743773,0.4015645692,0.1416610704,0.9365634709,0.4454963001,0.6899096599,0.8892168209,0.980317242,0.6033096216,0.6235329225,0.4138800861,0.2100890074,0.7898433065,0.3065554973,0.6396090472,0.7237339272,0.2431382035,0.5046222545,0.5206341866,0.687808144,0.285512752,0.4796929483,0.2605006502,0.4939557642,0.45163029,0.7105966019,0.5836254694,0.2736772267,0.9409020687,0.9158762907,0.4436702024,0.2549072261,0.7849037534,0.07755366256,0.6386705153,0.5369240233,0.7573099067,0.7771785403,0.840203762,0.1239924343,0.7245098702,0.8179496661,0.4931567188,0.3319285365,0.9806183412,0.2632223558,0.358310471,0.1599152594,0.6428402237,0.3697164609,0.6772293441,0.1920333385,0.3960532005,0.6586013917,0.01464714836,0.6627853601,0.3599638168,0.3502471205,0.121973166,0.0608407098,0.9644046639,0.4974653662,0.6197137957,0.1148971932,0.5871923595,0.9706790331,0.6712824848,0.768786719,0.3199421595,0.6343798845,0.3224626344,0.1199449174,0.06682736583,0.2753770601,0.3018390114,0.7920146612,0.1099723505,0.4060246447,0.8521996622,0.7552414026,0.7596305364,0.05551932631,0.597599212,0.8986706708,0.7759563753,0.2079548523,0.527816836,0.5612606109,0.1994832605,0.6975408205,0.1414068019,0.922978215,0.8822060302,0.02664743203,0.9989142902,0.008935538779,0.3072387968,0.1128856835,0.1720127724,0.7681010227,0.1441752256,0.8727694135,0.169271427,0.9629024667,0.4868432313,0.3989853355,0.9334709294,0.08005627354,0.5356460792,0.4234711784,0.4524089625,0.9741452116,0.1523181538,0.936221032,0.1301223478,0.8191962137,0.3365463545,0.2157998524,0.8277491151,0.1992426897,0.5597108333,0.8043902441,0.8558688562,0.04140915066,0.05431460115,0.7364798487,0.03041191833,0.09440774874,0.160019208,0.291776502,0.8402435104,0.1217407394,0.9952542519,0.5189524712,0.4216503068,0.2893559683,0.5098826949,0.3813462975,0.8985304364,0.03841873046,0.9071107221,0.5140406763,0.473432377,0.8209447745,0.1055710026,0.9510952589,0.9242934134,0.9418118932,0.02412011802,0.6414756948,0.2217712735,0.1330524946,0.9438135714,0.7041447803,0.2920730306,0.1098146658,0.9237629529,0.011181985,0.2751641171,0.2033633874,0.7893978557,0.5452863584,0.3675897579,0.9058192855,0.3643240232,0.60685016,0.6990820783,0.3469109321,0.8754603034,0.601527482,0.2238065524,0.7416136296,0.283239279,0.7249920942,0.912822889,0.9199509942,0.2640460819,0.5770086927,0.8697723086,0.3272970651,0.9859699668,0.5642794837,0.2915050836,0.2994053034,0.619136957,0.2143209545,0.3737471186,0.6183796545,0.2157669154,0.3386403681,0.4985145343,0.3029229748,0.4774936923,0.4810869903,0.3171787328,0.5066828774,0.4280491255,0.3612374182,9.015890248e-05,0.6239665146,0.2137102319,0.02019693293,0.4790216016,0.3189823734,1,0.6612954856,0.2016395151,9.701832704e-05,0.3816273819,0.4483745372,0.9999807623,0.6557222085,0.204455911,0.1775064249,0.5830786354,0.2376006957,0.9999773612,0.5349492474,0.2837876761,0.9999779901,0.411640864,0.3902634034,9.693769398e-05,0.4108151589,0.5371798121,0.534920994,0.6587693382,0.1943800333,8.937796113e-05,0.5593884529,0.2596087333,9.709218882e-05,0.4175888248,0.383588556,9.869575448e-05,0.5549095348,0.6429927441,9.687257979e-05,0.3822116739,0.5229360081,0.9999781225,0.4058522331,0.4915074439,0.9999782256,0.6763626417,0.2023260041,0.08014418051,0.5593040144,0.2577034877,0.9275382607,0.5498655084,0.2662461393,0.2329506981,0.6558018945,0.1938098882,9.700775257e-05,0.4728260097,0.3362545579,0.999978009,0.7037276033,0.2336212536,0.9382303687,0.4847199709,0.3247183358,9.709311191e-05,0.3835737696,0.4264203549,9.70742614e-05,0.4905643133,0.5534265471,9.702650708e-05,0.3122852574,0.8266517717,0.9999780126,0.7257200821,0.4370379289,0.467367106,0.5661705518,0.2380822495,9.685968429e-05,0.3032736006,0.5880573897,0.5666231609,0.4500664778,0.3480373419,0.999977974,0.4923270407,0.5260635296,9.708875808e-05,0.3721159488,0.4644583368,9.987027879e-05,0.6783919724,0.2387379539,0.0001028625515,0.5307327235,0.296044599,0.7836031786,0.3873274023,0.4172422433,9.706032935e-05,0.5850256378,0.6832650455,0.9999555006,0.649879837,0.1871114548,0.9999845965,0.6030471177,0.3234427584,9.688495954e-05,0.5092378463,0.5223017824,8.996676391e-05,0.3326067074,0.5733486243,9.04995962e-05,0.4695035285,0.3598404244,0.8915183419,0.3839340829,0.5256093392,0.0001111953239,0.6282249568,0.1895381497,0.02222625743,0.5346539239,0.2725506682,0.7958746064,0.5620471492,0.2352456842,9.526070178e-05,0.6720978958,0.4515617725,9.706486309e-05,0.4785337137,0.4309385181,0.7421936853,0.4902931886,0.3082943079,9.723055061e-05,0.4667704645,0.578135917,0.9999780134,0.579230013,0.4653329162,9.707705968e-05,0.3653949593,0.4741923886,0.3063100232,0.7071477205,0.2589786201,0.3174015374,0.5694795638,0.3466365718,0.4843155859,0.4240655596,0.3728819239,0.9999781781,0.2834784751,0.82726744,0.871906816,0.5615400257,0.574907491,0,0.5170782731,0.4833218519,0.9999548644,0.7228036002,0.2479680934,0.697456125,0.5548411426,0.3705188441,0.5406358909,0.3979758457,0.5148349883,0.5365014743,0.6375444749,0.1758941087,9.687645033e-05,0.2385555103,0.6401495527,0.9999782284,0.7466850769,0.445505423,0.3108148794,0.5519041828,0.2390329059,9.712032981e-05,0.4314058403,0.3839094581,9.710548092e-05,0.3379735479,0.5690888648,0.7260514663,0.5625951007,0.2318478437,0.610807999,0.4905317602,0.3008040283,9.705594156e-05,0.5792990019,0.4947182597,9.791993338e-05,0.6628757324,0.3030489045,9.696436288e-05,0.4696483474,0.7212974206,0.5746257237,0.4618106971,0.4435425158,9.709278101e-05,0.5441492006,0.3743269034,9.708669742e-05,0.3642499629,0.4755659179,0.5639439792,0.6605671061,0.1720593342,0.0001056113073,0.4391349289,0.5847112056,0.4989155811,0.47997508,0.3078966899,0.9999935645,0.6913266133,0.3065201942,0.534800323,0.4803842947,0.5015014012,0.5073432172,0.3996995503,0.4045412375,0.6380649667,0.5467928822,0.3948374933,0.8642694603,0.6037570802,0.6390831352,0.8167348253,0.3344756242,0.5679745025,0.02068676202,0.5227075596,0.2781584406,9.373618405e-05,0.7180623606,0.4417567981,9.703737916e-05,0.466838523,0.4458813341,0.5665471879,0.5888641642,0.2076304719,0.4885094727,0.4517923238,0.3428938738,9.640875251e-05,0.2277615595,0.661311966,0.6595858263,0.5623806293,0.2383845977,0.4271868103,0.7059932474,0.209620779,0.03013158863,0.5665030718,0.559575376,0.3909302284,0.5954559806,0.3238953641,9.698245844e-05,0.3479109016,0.5091453072,0.6660664199,0.5645519788,0.4584536787,0.0001066174358,0.43724848,0.3817011912)
