mCurrentIter=100
mCounterStuck=0
mYPrev=-30.29885688
mParameters.n_iterations=100
mParameters.n_inner_iterations=1000
mParameters.n_init_samples=100
mParameters.n_iter_relearn=1
mParameters.init_method=1
mParameters.surr_name=sGaussianProcessML
mParameters.sigma_s=1
mParameters.noise=1
mParameters.alpha=1
mParameters.beta=1
mParameters.sc_type=SC_MTL
mParameters.l_type=L_EMPIRICAL
mParameters.l_all=0
mParameters.epsilon=0
mParameters.force_jump=20
mParameters.kernel.name=kMaternARD5
mParameters.kernel.hp_mean=[1](1)
mParameters.kernel.hp_std=[1](10)
mParameters.mean.name=mConst
mParameters.mean.coef_mean=[1](1)
mParameters.mean.coef_std=[1](1000)
mParameters.crit_name=cEI
mParameters.crit_params=[0]()
mY=[200](-6.900229693,-40.53832864,1145.423582,-24.68734537,-31.71154284,5.845637161,-9.56135057,-10.19524436,1746.724708,-36.05392524,22.90151889,-20.12427229,-41.00501581,-39.17248502,-9.535448421,29.16454178,-9.207059888,1.011847587,19.06565191,-28.77129561,-4.376212433,-26.6387203,-4.530846495,-25.98037326,44.46092619,-14.73480016,-26.28581115,13.85230576,11.46446287,-35.35014939,-38.02929454,-0.6491833363,55.28606732,-41.16393773,-5.662392409,17.05191355,-34.13993883,-37.6774749,-37.40611329,2026.586852,-35.53777328,-3.928301296,-15.71736351,10.60206682,-32.86954677,32.26985364,23.92080956,12.95825638,-27.77342253,-11.45258941,12.29833949,25.28415616,-24.94218515,-21.47409484,-11.93610646,26.01307896,1830.750743,-14.13011314,-9.98553252,-30.26611161,-13.27954789,14.29890512,320.1399046,8.731850895,-4.211839612,-26.15586635,39.13274394,-12.27607493,1.855966809,17.66163556,6.99225345,-14.22246062,123.7383306,14.43103603,68.81382969,-7.75137529,-27.56470488,16.93230371,-41.33768827,212.3603008,19.61791972,46.95640856,167.2576572,23.63531933,22.46277516,16.13285694,1405.958948,1.90941782,40.71468425,24.31727405,62.7072877,-41.76416108,-11.9313848,0.01132044828,3.116508828,2902.931052,65.80124676,37.62611932,39.30164601,-29.82542491,-29.04377415,-28.21526667,-32.2792341,-29.25446599,-35.75272365,-26.18361271,-34.74997011,-20.62660512,-36.6164492,-38.9727078,-31.91070713,-24.55266664,-37.72356523,-21.91484168,-41.89088421,-41.90234655,-41.14744352,-39.05261209,-28.47099786,-39.0452844,-31.69136647,-26.77299073,-42.14554951,-40.09775647,-37.30371821,-32.56304714,-39.30902643,-39.53014464,-37.40403491,-18.70321064,-28.42084544,-30.69582497,-37.20602426,-18.17851748,-40.51939416,-31.31600524,-37.72864591,-37.03622599,-28.11334708,-38.88593378,-22.80614011,-22.63643395,-35.52528077,-41.00971308,-35.36926518,-20.54173135,-36.98078835,-28.45836552,-37.92795842,-10.7539565,-44.44521302,-41.06098113,-32.37987012,-26.95976305,-36.29507075,-41.19336295,-31.37646989,-39.95614354,-40.11628452,-36.49808446,-31.06429689,-36.21461243,-34.11721769,-39.3291284,-28.818079,-37.00548901,-23.06294929,-39.47227234,-34.05105397,-31.01498992,-44.76988604,-38.85322123,-26.51446958,-35.47693642,-25.78945244,-43.11534853,-34.66204748,-39.25966006,-12.07449395,-31.27685389,-43.76014887,-42.56277775,-40.76516484,-37.98449563,-20.31591877,-21.68670023,-40.98941816,-14.61368576,-33.71515659,-36.73193753,-38.38627056,-41.07094511,-18.68903244,-24.08991682,-43.21469421,-34.27019472,-36.57039589,-39.63017033,-43.93451959,-30.29885688)
mX=[200,3](0.1212275319,0.1696287757,0.7759163491,0.1304371885,0.5012236782,0.3493616615,0.4229844707,0.3113917203,0.0353452931,0.2246969654,0.6642522391,0.4321975129,0.920007821,0.3994973592,0.5434484343,0.3682852032,0.819358931,0.5721826362,0.3028858515,0.5810060949,0.7005880607,0.9047394496,0.1122725073,0.6605510529,0.7880470434,0.158437767,0.09128459024,0.645914974,0.606093696,0.324873225,0.9909349044,0.9420121186,0.3931835308,0.7085303457,0.728281585,0.3159412417,0.3515009872,0.2744190515,0.511383809,0.3389845345,0.2330212835,0.4936603902,0.2043389573,0.1499690557,0.7525489137,0.3476025692,0.9697980237,0.2992899319,0.2374037218,0.01919543408,0.6501713712,0.5049626038,0.8607553445,0.1187182688,0.9666307288,0.5331917537,0.8952432949,0.8790338903,0.6386349319,0.1232821733,0.7168466023,0.005885144386,0.7601027556,0.8986656624,0.3866207283,0.3310084767,0.7379550308,0.8216795698,0.1008121337,0.07391481055,0.5737275157,0.1702644678,0.2614460048,0.9889595709,0.1693797075,0.8813766641,0.2126736925,0.5982640728,0.5817203543,0.2032081999,0.5879116493,0.67272676,0.06604498909,0.5255710576,0.1401372585,0.8519440961,0.5056893848,0.7251768577,0.6536877434,0.2280224615,0.4697666446,0.2689713549,0.4481127054,0.4197761338,0.1715092994,0.8122350607,0.0515620222,0.8956941985,0.9172975527,0.6618925114,0.3715335282,0.4501745167,0.4082328522,0.7795353813,0.4644097734,0.3877933981,0.1374743709,0.9024889597,0.6595180871,0.6410095451,0.2575973591,0.0110962237,0.304211405,0.5601852099,0.0646612426,0.546720632,0.4159429612,0.5515508799,0.2222852904,0.04152390527,0.2130109152,0.5545103814,0.4754382774,0.9465127582,0.7507144442,0.08056928492,0.5743586964,0.7433281254,0.1860415136,0.03952907626,0.620633205,0.7888475712,0.08030022288,0.4841260791,0.5563036261,0.09351421645,0.8749855775,0.7441910819,0.5498258615,0.9569463078,0.3581950448,0.5662528526,0.5901162618,0.8387644805,0.8345572695,0.3375016146,0.6036364852,0.2751812498,0.7695930116,0.3623576347,0.9713126725,0.4346114265,0.8686066597,0.9174069206,0.9163899832,0.6256076617,0.2993528851,0.6158330713,0.5314501345,0.1576604978,0.6904013186,0.4090819247,0.02213209682,0.04680985102,0.6972632438,0.4777064647,0.5200092672,0.9243591181,0.1840063457,0.795266417,0.004656207385,0.1106754034,0.3451650171,0.7351610451,0.1770798774,0.02215410103,0.6784887293,0.6854065155,0.6764820431,0.3031499051,0.8137071575,0.1923535628,0.6858815023,0.4903233966,0.7359490718,0.05107788059,0.009379146285,0.08370221514,0.2805945715,0.869012246,0.837399239,0.06573167529,0.5344728929,0.4057315429,0.1989021328,0.5915473551,0.2425378716,0.6412042755,0.601547242,0.7175261743,0.943676213,0.3710362329,0.4971262525,0.7165192322,0.3228906841,0.8033392003,0.1316747879,0.620448553,0.5652512806,0.8751634043,0.7780465299,0.09646783349,0.8435914075,0.3121295372,0.4502790939,0.7208890184,0.4815556445,0.2591195782,0.2188477132,0.616341025,0.07607496915,0.8871134179,0.04937961898,0.923081603,0.9972368099,0.2581989828,0.4246836684,0.2088598768,0.6990723135,0.3226458376,0.6389812132,0.4580243838,0.7059665672,0.8007359259,0.8585603875,0.5138741842,0.2334417395,0.2449976248,0.4690940418,0.02957044102,0.957159374,0.6898773817,0.8561592294,0.8077710998,0.7867364468,0.9705213182,0.9812040161,0.1000533461,0.3741199748,0.5285198788,0.2964014315,0.2648125417,0.3965880281,0.1833803515,0.9312679812,0.1693982313,0.8896619243,0.3898589147,0.4418624683,0.2870096914,0.0158226452,0.7602956456,0.8459867427,0.2424724212,0.740348146,0.05542443196,0.4844897016,0.1918783922,0.9007346062,0.1490062621,0.4313288684,0.9368469435,0.9619323814,0.2899280496,0.3537006397,0.4255636123,0.102947946,0.4741762278,0.1556579739,0.8273008357,0.1229982576,0.7969355179,0.8491847442,0.3668211801,0.8249003931,0.7964988033,0.03775164946,0.0740022233,0.6320232663,0.9759928413,0.9562096512,0.5113892937,0.4192264772,0.9890220941,0.7548157097,0.9928187902,0.6102090867,0.9340582526,0.4482665166,0.2706195394,0.1841135367,0.6417154326,0.2272097952,0.9999779869,0.7089765929,0.1968198935,0.0001037600738,0.5752441924,0.2604116138,0.88522764,0.7037584595,0.1974197724,0,0.5511151456,0.273536262,0.2125019834,0.6657801318,0.2120427069,0.9999781799,0.5036652025,0.3835687231,0.9999781066,0.7202751972,0.1903261166,0.9999781501,0.4896786474,0.4825158908,0.0001025572614,0.511835721,0.2982033719,0.0001002415856,0.6237686378,0.2311863583,0.9999779896,0.5578163909,0.6024893359,8.946399078e-05,0.492305449,0.3168095672,0.9999779904,0.7224350306,0.1878579785,0,0.4338360335,0.4948150028,0.9999777776,0.551844597,0.2836329637,0.9999782085,0.5061786682,0.4223167285,9.704441423e-05,0.4573688069,0.3713541542,9.703997068e-05,0.4600899385,0.6075342604,0.9986620774,0.5494452491,0.2830108307,0.9999780994,0.454282796,0.507185633,0.705178772,0.6886165894,0.1940096496,8.984314888e-05,0.4450870786,0.4631274165,0.9999779461,0.514513636,0.349539533,9.348475714e-05,0.5623876389,0.2582290412,8.328374233e-05,0.5340274077,0.2762059545,9.686126494e-05,0.3962376729,0.5303078018,9.695266406e-05,0.4591064504,0.4008433772,0.999977526,0.554489718,0.4572396462,0.9999758583,0.7365268354,0.1787043345,9.712894425e-05,0.3425677226,0.6412317046,0.9999781392,0.3853676935,0.519433825,0.9999915205,0.5222906775,0.3096234089,9.698560934e-05,0.5964880365,0.6063419588,4.756697881e-05,0.4530115126,0.4736075083,9.086151661e-05,0.5446595761,0.2625661524,0.9999779195,0.5516317433,0.3935184322,9.721098755e-05,0.4775918496,0.33629025,0.999978197,0.5900769695,0.5309932703,9.708760005e-05,0.3601822332,0.5541814817,0.1197006499,0.6693016892,0.2000786693,0.9999780903,0.4696602164,0.6422101419,0.9999683224,0.4374124594,0.4386220436,9.693589198e-05,0.4803539082,0.4348483269,9.700221352e-05,0.5111902005,0.5133087014,0.9999761866,0.7364418142,0.1736018559,8.991382877e-05,0.5650449471,0.3600798153,0.9999781405,0.3732852516,0.5453768918,0.9865539012,0.5841289877,0.2491850505,0.9999781404,0.3079276298,0.7225233923,0.6768170189,0.575916099,0.2471420111,0.3622367175,0.5237900678,0.2759807415,0.9999779986,0.6014576156,0.3882311817,9.687172124e-05,0.2845484527,0.6642294626,0.4183544902,0.582592096,0.237867146,9.69169639e-05,0.3747120146,0.492376129,0.9999779788,0.6101623373,0.476548819,0.6437542645,0.4812093769,0.3214990933,9.780470144e-05,0.4524669064,0.4159234111,9.820636317e-05,0.3245873384,0.5823092153,0.9999779731,0.3986290532,0.474297568,0.4774332314,0.6252448735,0.2157101137,9.694685087e-05,0.5501566435,0.4786025004,0.8497991592,0.4501231073,0.3820125784,0.999978046,0.4832537289,0.5736562806,0.3794303745,0.4941511651,0.2981890923,0.9999780927,0.7405041398,0.1680015279,9.689960602e-05,0.3663468209,0.5124229086,9.697844458e-05,0.5836255433,0.3685714392,9.720235557e-05,0.5085884048,0.5585648997,0.5887742072,0.4857395315,0.4402015931,0.9999769303,0.5520143339,0.3318501934,0.0760063614,0.680638781,0.1906130367,9.066812977e-05,0.2565068928,0.5892094118,9.706971041e-05,0.4336790739,0.6356866286,0.6815979465,0.3955792253,0.4931974418,0.9999780181,0.6120101108,0.4189619377,9.788437026e-05,0.5171192554,0.4368699139,0.9999779928,0.6474296064,0.6497311101,0.000106194977,0.5306360349,0.2622722513,0.449107062,0.4403557448,0.38186034,9.698056345e-05,0.3852689015,0.4701090329,0.8830050495,0.4490637293,0.4400197229,0.4889885488,0.4859424462,0.515882213,0.9999729933,0.3193094735,0.5499390387,9.69590165e-05,0.2620525838,0.6921955754,0.5540247967,0.5151583991,0.2962035789,0.9999781071,0.7346086053,0.166137761,9.708487153e-05,0.5963735341,0.3431047752,0.9999780112,0.5995038413,0.3612171912,9.729731883e-05,0.5390588849,0.4192127224,9.919613894e-05,0.3285078338,0.5289338046,0.9999780075,0.3792054905,0.665636165,0.9999780314,0.6353605979,0.5439174807,0.5632488554,0.4819503366,0.4706851558,9.701831358e-05,0.421302401,0.5804338197,0.36588593,0.5789077907,0.2326242231,0.3548525275,0.4821601755,0.3028560209,0.6003557157,0.4581487103,0.3888427232,9.702305334e-05,0.5757143691,0.4963031355)
