mCurrentIter=100
mCounterStuck=0
mYPrev=-47.58914587
mParameters.n_iterations=100
mParameters.n_inner_iterations=1000
mParameters.n_init_samples=100
mParameters.n_iter_relearn=1
mParameters.init_method=1
mParameters.surr_name=sGaussianProcessML
mParameters.sigma_s=1
mParameters.noise=1
mParameters.alpha=1
mParameters.beta=1
mParameters.sc_type=SC_MTL
mParameters.l_type=L_EMPIRICAL
mParameters.l_all=0
mParameters.epsilon=0
mParameters.force_jump=20
mParameters.kernel.name=kMaternARD5
mParameters.kernel.hp_mean=[1](1)
mParameters.kernel.hp_std=[1](10)
mParameters.mean.name=mConst
mParameters.mean.coef_mean=[1](1)
mParameters.mean.coef_std=[1](1000)
mParameters.crit_name=cEI
mParameters.crit_params=[0]()
mY=[200](12.52360808,23.15867316,1891.720795,127.7622422,-7.32775464,-13.32647308,256.4764685,19.01490802,-44.44659381,-30.62192549,1841.440182,-45.33673959,-42.85947336,-13.07220926,-14.75485851,-47.67079907,26.80925995,-7.221593251,-10.07333967,-16.87120542,-17.49145029,1734.442655,-18.99175088,17.28567994,254.9470415,-46.70634012,-41.17133103,19.49339481,-37.70141391,-14.90615628,-9.038561908,-11.85760501,-4.719209311,23.51647567,-26.25298646,-17.80220377,22.70422854,-24.3285342,-31.29486286,11.95862096,346.4841521,8.50562162,-42.81937916,418.2628486,-0.6610178137,11.1307666,-2.93869485,-22.67257735,-33.32866642,-16.2794681,-33.78781335,-16.37197726,-43.74558657,-39.27388744,13.70294194,-35.6802202,-6.900285623,447.277624,3.19075123,-29.78135309,113.3722147,-9.512545942,2521.098362,-42.68863774,216.992663,23.36996542,17.88784838,656.5444018,-2.883822547,10.94917657,631.740506,26.11520521,-44.65345468,37.81159813,18.62344073,9.231248937,-6.729871231,20.75749254,412.8939645,2713.927204,33.31915796,8.605378057,2032.568524,14.31823038,-38.13840805,-30.68527503,-43.96012822,20.4994785,2172.152019,-29.41604273,1313.820249,3221.491957,-20.36752969,-1.457830023,-7.147520573,-25.52752957,29.59607838,-38.40989543,2.386033121,-0.2089755131,-38.44739965,-43.09201938,-37.23366854,-40.08514528,-35.54300168,-44.90548515,-44.7587962,-35.4101988,-40.16958684,-32.02048608,-31.21494114,-36.43004072,-46.04517374,-42.19931925,-31.54080329,-31.59290897,-40.18397268,-38.08659015,-36.35849808,-30.35777327,-38.2664708,-45.03920645,-26.09675484,-37.82158172,-28.65355506,-31.5592122,-40.33117621,-29.29819114,-38.50000545,-47.7035627,-37.61541522,-45.12332059,-41.89414964,-28.03134307,-46.6006698,-28.04123469,-27.97711262,-32.04664503,-28.92874206,-37.32297988,-46.91899657,-39.51167144,-31.99608529,-27.35003586,-30.55448679,-36.38994038,-40.93433614,-43.2609256,-43.3830676,-41.50320333,-21.46810476,-47.40458615,-24.47539292,-45.5141343,-37.7926654,-4.531927503,-43.49732778,-33.21763715,-40.38257987,-45.30922997,-39.8271455,-23.88221597,-40.49815426,-20.84829364,-39.49120751,-34.79319835,-45.81753365,-42.65044904,-22.99369454,-42.14410536,-40.96064649,-18.56509009,-42.34970364,-44.72531936,-23.07349971,-43.63299705,-47.59166511,-43.1923583,-42.24933529,-33.58373031,-20.30446237,-33.91191226,-41.33761321,-37.82070893,-48.05055859,-38.10861214,-28.08134224,-36.53964155,-47.0563377,-34.41358321,-22.73177768,-43.29509058,-45.94334626,-20.96005672,-46.3172574,-39.97574072,-43.40203832,-41.41751864,-44.68807305,-47.58914587)
mX=[200,3](0.3589698437,0.9280027849,0.4884975725,0.1199808751,0.577421396,0.9535599039,0.3228973912,0.1201983825,0.09349400775,0.3970744019,0.992483954,0.03325225167,0.8004824212,0.05417395178,0.6152651429,0.0744212891,0.5294021126,0.7696469516,0.3495197648,0.2616807148,0.2062512491,0.1534191969,0.5185627203,0.9465846513,0.4239842484,0.5372871309,0.3971835088,0.2876707487,0.5655299436,0.2942843183,0.5908751685,0.04941272833,0.1423226942,0.02908839912,0.3342640113,0.5487799915,0.609749704,0.4070946506,0.5927176647,0.9337350676,0.8529663724,0.2882983449,0.8958623515,0.824995021,0.2657619597,0.5082326219,0.5524094465,0.4138044679,0.6512131978,0.9893798106,0.628329982,0.4043927836,0.03362955373,0.6057651013,0.7954094588,0.486155261,0.8100757251,0.5443740032,0.4772181587,0.2251430821,0.2959399291,0.2126121369,0.7957476699,0.5227845399,0.01731930311,0.1637112638,0.9199008371,0.1884777197,0.6684635284,0.4524994432,0.6948848763,0.899651888,0.05570609842,0.4943039504,0.06433557945,0.1256913252,0.2812949513,0.4963774804,0.2250540924,0.3049427439,0.6321190868,0.9653078224,0.3723965517,0.9740734132,0.8449850735,0.6239483058,0.2411378407,0.4965779715,0.3281372413,0.807372993,0.7495785129,0.2913853329,0.8223798958,0.1383596427,0.8331124627,0.3827785149,0.4363008352,0.160369685,0.4387143238,0.3379672058,0.7412010442,0.9125146367,0.8502773222,0.3873450675,0.6950058665,0.009621117276,0.3521101754,0.3480323167,0.5558829476,0.978300025,0.5668396244,0.7856073749,0.5400338368,0.7097331692,0.7585249175,0.7333894976,0.1938491509,0.04337928653,0.3410467469,0.3041181533,0.1083537817,0.08018108846,0.2760347686,0.01762907123,0.8679377904,0.6479127403,0.4858947913,0.2418196089,0.5732758166,0.6156174387,0.4327335668,0.04822964098,0.7274013633,0.8877418193,0.1183351386,0.2197650637,0.6412346525,0.8687230065,0.8694136559,0.4417243444,0.8505769842,0.5652641733,0.7807945683,0.3593458309,0.5867613971,0.6565114872,0.1568670284,0.6760841108,0.6000229799,0.7357775638,0.08322134368,0.1318837565,0.6866165754,0.9246630219,0.2735692558,0.7545953801,0.06637146733,0.3995214293,0.5841366711,0.8882702681,0.583185515,0.5295409687,0.09755554231,0.9401034422,0.2147696453,0.1907717076,0.4511940586,0.3315490168,0.03034786904,0.810259788,0.4787783098,0.2508577324,0.3648616038,0.1047600526,0.7317727097,0.008459703452,0.8898186784,0.4171512624,0.6849561014,0.1858710751,0.6402647819,0.6399323987,0.02793064792,0.3129497918,0.5977206084,0.7720068772,0.3695617881,0.1740265243,0.01036407529,0.8773547572,0.4686473178,0.4085895851,0.7779716969,0.09965205348,0.3602181723,0.8230926326,0.3134010006,0.9970626736,0.2008913634,0.6649219015,0.9007679657,0.6912481286,0.07917604063,0.2571161983,0.620961712,0.87976634,0.4633469905,0.9778446827,0.9334926766,0.3753785312,0.4642022196,0.2596649801,0.1269934427,0.9036425281,0.9586514619,0.7479227023,0.2410681678,0.421162678,0.4204654503,0.1736001825,0.7506994292,0.981167038,0.3752691564,0.9652667519,0.3108680573,0.8182700873,0.1524295633,0.924869974,0.5120052864,0.7177072958,0.05255621308,0.6629946417,0.6758993687,0.9345223527,0.9960614943,0.2266853045,0.2311010264,0.8330455384,0.06743964785,0.07453017263,0.1896532213,0.7267712576,0.9648911245,0.2648250493,0.9026992139,0.5556283091,0.7185449745,0.1454375373,0.08589814134,0.4780088109,0.77041714,0.8443019631,0.3884073309,0.4153080639,0.6564404198,0.6832035861,0.2323820368,0.5380761763,0.2740192912,0.5090215205,0.50916704,0.7694832747,0.8038042928,0.8758238092,0.9564763547,0.02245139088,0.1328722003,0.6322619081,0.7053088001,0.4538629261,0.9472202324,0.1092543124,0.1721846342,0.2390949235,0.6183390554,0.001363423045,0.7026359306,0.1901769025,0.7177084037,0.1458854237,0.894202552,0.3254197154,0.537421776,0.8499765921,0.4465494026,0.305692455,0.114268565,0.7237029386,0.5704032892,0.9153110955,0.8394641239,0.4409530654,0.2016702514,0.5146063402,0.9851470763,0.7618577534,0.7838600495,0.1692120286,0.7905271197,0.6761648601,0.0001022265432,0.631417762,0.2940199182,0.9999748094,0.632201278,0.2973154667,0.0001027699175,0.6291633583,0.2946454115,0.9922564611,0.6369374135,0.29254835,8.801551867e-05,0.6266223507,0.295177636,9.679295196e-05,0.469748196,0.4466444101,0.9999855694,0.5858173217,0.332141031,0.9999781935,0.4332905231,0.4991986391,9.630361147e-05,0.5629548512,0.3444782772,9.704317238e-05,0.5874890633,0.5831911997,0.9999781014,0.6107071802,0.5963882963,0.8400426754,0.6962555967,0.2531454096,9.706682632e-05,0.4349432916,0.4585977597,0.9999780183,0.5509246018,0.3569939248,0.06442063955,0.6742672258,0.2627783599,0.9999783099,0.4029091466,0.5054951678,9.687419559e-05,0.5352622727,0.3679551354,9.671067955e-05,0.5672661908,0.5298142504,9.67326723e-05,0.3765322009,0.6614314393,0.9999781122,0.3873568583,0.5953715528,1,0.6521749366,0.2655212894,9.706989528e-05,0.3828060007,0.4605598824,0.9999780934,0.6618633485,0.6072018954,0.9999781056,0.4669880337,0.4143280478,0.9999780839,0.733424528,0.2396701285,0.0001036610731,0.6468055027,0.2672387619,9.708660768e-05,0.5914310147,0.4450138565,9.673567473e-05,0.554702486,0.6336328103,9.695882399e-05,0.5342768219,0.3323733826,9.703743702e-05,0.376569803,0.5268182235,0.9999781894,0.6113168271,0.4759854138,0.9999850322,0.5796825125,0.3070659175,9.694190797e-05,0.284255057,0.6210350498,0.9999783526,0.3493191496,0.5824816177,9.909483996e-05,0.3899876345,0.4316142103,9.66952358e-05,0.352999176,0.7183826028,0.9999780325,0.3870007144,0.4534676461,9.719577423e-05,0.6253070978,0.5321264903,8.954669092e-05,0.6870832934,0.2530116344,9.692351717e-05,0.50035308,0.3617565099,9.068340693e-05,0.4001740775,0.5305946766,0.9999780236,0.6371444305,0.3828326281,0.999978187,0.4982075785,0.636401918,0.9999863143,0.6900411004,0.5437528521,0.9999781072,0.7373565815,0.2329837641,9.71415951e-05,0.6155415516,0.4134387737,0.7065100459,0.5855289813,0.2760699446,9.690775246e-05,0.4420412164,0.5496425781,9.687139216e-05,0.2555148987,0.6030031603,0.5788412666,0.5632868479,0.2885965465,2.447845041e-05,0.621803201,0.6572496656,8.806162883e-06,0.3532100674,0.4669846801,0.9999781198,0.3025474837,0.6421409031,0.761743698,0.4748804977,0.3640467564,0.9999779827,0.4647514924,0.5133865784,9.656718157e-05,0.3427691727,0.8545117057,0.0001063785553,0.4331707882,0.3992223403,9.858715453e-05,0.3247593128,0.6954265626,9.697499895e-05,0.5667753533,0.4803703863,9.761451027e-05,0.2890241747,0.5519824498,0.9999781555,0.6406580801,0.4127292438,0.9999779696,0.340981791,0.5050797328,9.761318445e-05,0.4624544741,0.5901530889,0.9999840521,0.76136975,0.227830683,0.5117242943,0.5888040118,0.2655723851,9.707785324e-05,0.6522350187,0.3636490638,9.697472895e-05,0.4488954639,0.4903897763,0.7129705077,0.5117622561,0.3284825708,0.0005581569339,0.6918843793,0.5626030885,0.0008329065996,0.2446841081,0.6130087211,0.9999777968,0.5756284066,0.4724367596,0.9999775873,0.6929711895,0.663799044,0.3210194419,0.6025143871,0.2575415431,0.0001065696541,0.4316389491,0.3978741139,0.9999781131,0.3847086806,0.7048059548,0.6447828503,0.4704723336,0.5613080339,0.0001054360223,0.3267098509,0.4866412527,0.7755832363,0.4251204246,0.4080099562,0.9999690809,0.648924262,0.2458324596,0.0001002305374,0.5310418131,0.2952544119,0.9999780863,0.2718744834,0.5979097407,8.133681945e-05,0.4565353845,0.6454930609,9.710201195e-05,0.5380545714,0.4627236294,0.9999775735,0.6787064911,0.3482214532,9.049945462e-05,0.3528053091,0.542809782,0.6772770873,0.5050550714,0.3320580833,0.9999816714,0.7030726922,0.5234176793,9.690469792e-05,0.2635946286,0.6740044237,0.5446891393,0.4758705278,0.4772042206,9.707226138e-05,0.6425903289,0.4053233567,0.1574571255,0.7377146362,0.2452819774,9.708287807e-05,0.3450592006,0.4465206746,0.5093674734,0.4765719641,0.552951795,9.672175919e-05,0.4008485815,0.750578253,9.684564358e-07,0.2508744668,0.5651546395,9.700044305e-05,0.4684369489,0.3706927964,9.691490442e-05,0.3869888563,0.5901643176,0.682069039,0.3742579051,0.4547078828,5.198077586e-05,0.4599705056,0.5086008432,0.7396964528,0.5415440819,0.4397051816)
