mCurrentIter=100
mCounterStuck=0
mYPrev=-47.35785439
mParameters.n_iterations=100
mParameters.n_inner_iterations=1000
mParameters.n_init_samples=100
mParameters.n_iter_relearn=1
mParameters.init_method=1
mParameters.surr_name=sGaussianProcessML
mParameters.sigma_s=1
mParameters.noise=1
mParameters.alpha=1
mParameters.beta=1
mParameters.sc_type=SC_MTL
mParameters.l_type=L_EMPIRICAL
mParameters.l_all=0
mParameters.epsilon=0
mParameters.force_jump=20
mParameters.kernel.name=kMaternARD5
mParameters.kernel.hp_mean=[1](1)
mParameters.kernel.hp_std=[1](10)
mParameters.mean.name=mConst
mParameters.mean.coef_mean=[1](1)
mParameters.mean.coef_std=[1](1000)
mParameters.crit_name=cEI
mParameters.crit_params=[0]()
mY=[200](1018.49069,21.8811732,277.8100776,-4.032123376,1945.275479,1.153683903,-31.51700879,-40.1362643,-13.88486686,-24.41164007,1249.880774,11.18348776,14.59743268,-21.38181811,4.389470012,132.0848897,1303.063638,-23.52540296,-18.78728491,5.369580934,8.19007835,407.7113631,8.947993409,-44.54585376,-10.64817682,-16.91674885,-24.19404776,24.33558632,27.44738616,-12.43806588,-34.81547782,34.98358863,46.27033411,-47.46151495,-3.569706948,4.820848606,-6.045880478,-9.74179956,-37.33962616,13.42375693,145.0960883,-6.045358971,20.1293069,128.9131619,34.05681856,169.8748323,45.28962521,54.87276471,7.774861504,4.909364348,9.167704114,246.8805896,-21.21174241,3.956032392,18.77992323,113.9614874,-15.89998546,-20.63219684,-3.257108699,50.84065378,-42.43184156,-24.1415044,-29.78593183,65.49877297,1.159013155,-18.74555099,-40.03638943,24.19391725,25.46814731,653.5930271,30.29042841,840.2262087,-47.6353774,37.68209865,41.55021991,-20.20556334,-8.043093808,-28.89492361,-36.8162166,-21.21128937,-18.35202704,-1.871500818,14.92527919,33.40206413,21.31453294,-10.00049752,24.13224028,1.250466315,8.154835417,23.82229179,21.87431485,-22.0813034,204.3708423,15.51428597,-34.85533967,25.1174925,-1.106277687,-39.9280071,21.45690197,2215.978018,-35.55269001,-39.59816554,-41.67856229,-39.49548627,-45.09228663,-43.8862749,-43.69159813,-37.01604997,-43.17225699,-44.92349427,-41.63462222,-33.56636257,-40.80339322,-36.2930622,-35.25705087,-43.86070522,-42.45025675,-37.58109911,-43.66893552,-44.52442949,-41.21025712,-47.9745191,-35.36359485,-44.19145819,-44.7356889,-39.69994182,-25.65194694,-31.74793782,-38.95235905,-44.17973072,-40.869296,-29.2724527,-44.2793505,-41.06148298,-38.31768514,-19.61770931,-44.24504905,-34.93812809,-43.29127904,-46.63584446,-39.95329867,-36.93235483,-38.33913237,-43.33810192,-41.64840643,-25.93299896,-28.86348902,-43.79507106,-26.08530332,-47.11108449,-41.91828263,-40.52921219,-48.58620925,-40.96032993,-41.84561859,-38.59065277,-24.568923,-35.84270954,-37.48411975,-46.8471602,-44.24553539,-8.857245906,-31.78687031,-44.40596671,-43.42901733,-39.78945882,-45.6370427,-40.81442415,-43.71372155,-41.98542005,-46.56889693,-36.70975247,-37.170247,-43.44679365,-32.90480923,-48.9586194,-42.13177942,-35.06705778,-28.25276238,-46.67493869,-34.92406037,-34.13993257,-18.61415303,-39.30883923,-38.74470732,-41.61519055,-32.9870456,-44.3570895,-46.28645842,-47.20578086,-40.45592603,-44.73708166,-37.26272776,-46.93455487,-37.66701679,-44.79559195,-38.91231738,-45.04756342,-42.32816406,-47.35785439)
mX=[200,3](0.02794312172,0.1617150082,0.1606748713,0.6785612308,0.8009206834,0.7952079801,0.03388355914,0.1112175937,0.305522357,0.7170289173,0.4037189336,0.7791295811,0.9712230479,0.1803856255,0.06799568665,0.8535774937,0.05312710977,0.6376178739,0.6372816782,0.6542074766,0.0715701699,0.5753308455,0.3691981697,0.3886511649,0.3752905056,0.7696005852,0.3376828024,0.3520483699,0.3308779327,0.6755137059,0.9936506432,0.1546764737,0.1486531633,0.2673776113,0.3272568766,0.8692496306,0.7391330405,0.3452080101,0.8905654285,0.2481558421,0.2404666568,0.4218238381,0.3243633174,0.8666918751,0.2564099244,0.1238403108,0.09138851492,0.3781329067,0.6458907359,0.02966696273,0.1947640173,0.2276955864,0.501648817,0.6436977958,0.4932649757,0.7201085353,0.478651518,0.8691968539,0.8767264559,0.2704656727,0.7270034134,0.7862084526,0.701236656,0.5532294864,0.4121779016,0.04314448638,0.3954383046,0.01892750954,0.6018499928,0.01595439604,0.5404447389,0.3249608609,0.7005246424,0.7907583721,0.4431585267,0.1688753734,0.2679921522,0.7162020348,0.3870881284,0.2179868398,0.5017497797,0.5388062127,0.6767726748,0.8755833169,0.6517388165,0.9385226827,0.6198733954,0.4211281863,0.4665973177,0.7305107463,0.1442524708,0.3086306832,0.5711264687,0.9412551939,0.1297791582,0.991966202,0.8927640731,0.2001235537,0.4362197475,0.2866778606,0.4949467636,0.3172590305,0.2917935566,0.04617883681,0.7271847165,0.4316742146,0.42554808,0.1599917347,0.2715033061,0.07999631654,0.6269444986,0.3388445726,0.1328716547,0.69566805,0.2046168647,0.6012684545,0.4049056167,0.4884799181,0.6818156986,0.8086483868,0.009389304493,0.2201457764,0.2617503063,0.1186545549,0.8554222012,0.2252677452,0.1725226906,0.3901293053,0.9068961937,0.06098463804,0.8992671073,0.02597502587,0.08819385675,0.5317190896,0.9534731051,0.3437710445,0.1701350979,0.2896989686,0.5058520701,0.6255844011,0.0186317258,0.580929833,0.9200217107,0.9345474658,0.9256990085,0.5285292606,0.8336935709,0.07234094344,0.5697266947,0.7869088358,0.8495728676,0.1415296604,0.8490355073,0.5694812187,0.2325872022,0.2082868889,0.04788417239,0.4889499074,0.1756661573,0.1915930317,0.6394771764,0.7519466199,0.9105907225,0.6143310015,0.8812733799,0.6176198207,0.9848118625,0.05229296794,0.0590445481,0.7523126722,0.113444349,0.9079749068,0.6989784624,0.5202380663,0.212055934,0.08671565913,0.5861876374,0.8161441421,0.8437980908,0.9736306119,0.6668096307,0.4536036134,0.4966010324,0.6202816759,0.3869152572,0.6587379141,0.8047941037,0.5995064699,0.549220497,0.5967590172,0.9777854493,0.9651790736,0.821613224,0.4413893582,0.8120250059,0.4102791769,0.7065995919,0.4888725826,0.3092467091,0.5764099605,0.1304974792,0.1319549433,0.1920571632,0.9401098463,0.2317447582,0.7717522598,0.8212475129,0.5119507129,0.3562492845,0.03312374527,0.8768327027,0.9640986224,0.5934619,0.4799951045,0.6682927273,0.007006926066,0.468875228,0.4799298768,0.3625563773,0.0958475896,0.8305997628,0.8541789514,0.7844950229,0.9976519965,0.6870657522,0.7453915051,0.3153620404,0.4154366314,0.5265591682,0.8172461584,0.3574192961,0.7664863916,0.6406733627,0.08817637619,0.4479789111,0.2953888291,0.5359816528,0.8314882768,0.7445652819,0.1220483233,0.3127208222,0.7117072554,0.0912000312,0.4037731815,0.1018024007,0.7685801618,0.4588687859,0.2730562088,0.2902463228,0.6803034714,0.03305964262,0.9844940528,0.2586279888,0.3786908848,0.9168773766,0.1830788299,0.434490495,0.7409102353,0.3641819691,0.9413906078,0.4620225927,0.8885591577,0.8286974093,0.5141631854,0.697569023,0.9036751305,0.1849230214,0.7738759294,0.9514976195,0.4538559518,0.609578925,0.8885662816,0.6648887478,0.1537406342,0.7339674912,0.3431066001,0.9548145411,0.2832171231,0.2411941942,0.1031546341,0.9152521533,0.3962629769,0.968646427,0.5191248878,0.2112743024,0.5497248407,0.5503043174,0.9227646747,0.9860760851,0.2501084314,0.5520795573,0.757590732,0.5854142193,0.2373932322,0.9362388464,0.003251839676,0.5653501112,0.7983989577,0.0637332192,0.1019280419,0.1298754105,0.6255909708,0.2289140997,8.518012857e-05,0.6154094818,0.2317685238,9.693482648e-05,0.4400651133,0.3352159578,0.9370120192,0.6297999917,0.2390002605,9.800080176e-05,0.5555476901,0.261635189,9.691703975e-05,0.413717774,0.3656898564,0.9999814066,0.5425392752,0.3041231446,8.842386717e-05,0.6495781315,0.2107311548,9.245823337e-05,0.5036818932,0.2886429734,9.687083044e-05,0.4214235285,0.4293888051,9.700164252e-05,0.4203643462,0.3465074161,0.9999781946,0.4904768457,0.353776042,9.688209917e-05,0.4510823269,0.4845075958,0.737358104,0.6642520921,0.2083250126,8.298619529e-05,0.6374991712,0.2113318035,8.79368582e-05,0.5333995514,0.2718568074,9.687569725e-05,0.3938628177,0.3726649324,0.9999781186,0.4968959316,0.4244983052,0.7974532619,0.6171957153,0.2319598416,0.0001059335099,0.5029593047,0.2903501926,9.751248384e-05,0.382565624,0.4199982967,0.7640940898,0.5199105719,0.2975692652,9.718997027e-05,0.4728514053,0.5466813729,0.8164413257,0.5982960255,0.2698422443,9.689250034e-05,0.4346117966,0.3324222583,9.72435988e-05,0.5313054928,0.4254866292,0.9999780803,0.4450511598,0.5476998813,0.9999696642,0.440974148,0.364444143,0.6462127848,0.6716833123,0.2000124632,0.5898203485,0.5986275097,0.2232771875,9.69292385e-05,0.3692802681,0.4651294811,8.887762264e-05,0.6533569323,0.20188392,8.854568482e-05,0.5418968844,0.2642476595,9.702074946e-05,0.4188531171,0.3432939686,0.9999780934,0.6066838042,0.3528352035,9.687208784e-05,0.6150898064,0.5957903448,8.494790608e-05,0.5749161284,0.2413451726,0.999978012,0.5143530007,0.4541621498,9.015965274e-05,0.5587536538,0.3558444066,0.591414418,0.4875414144,0.3050204201,9.6953053e-05,0.3867874194,0.3821716579,9.044494885e-05,0.3838892745,0.5575224634,9.704131221e-05,0.5398808698,0.4702039512,0.0001028613813,0.4932100496,0.2971922457,0.7608405794,0.6019038023,0.2806142191,0.9999779336,0.4148054179,0.4478542805,0.9999779703,0.6837428181,0.1997105975,9.694582211e-05,0.4919193178,0.3880365453,9.700572448e-05,0.271815076,0.6172600002,0.5774773753,0.4572732308,0.3251540469,9.687776163e-05,0.3688547559,0.4749359818,9.698702727e-05,0.3939005999,0.3652850906,0.6104649851,0.5248122468,0.2777774732,0.3689534666,0.6164072386,0.205893697,0.340261467,0.5937512474,0.22396437,8.855752948e-05,0.6120116333,0.3025070959,0.9999781461,0.4953234244,0.6005825675,9.75933894e-05,0.5386976586,0.5019541744,0.9999780043,0.5971795082,0.3986088135,0.6052450988,0.4591334148,0.3313991182,9.678029567e-05,0.4972164065,0.3923684398,0.9999780861,0.2661329852,0.6446867927,8.526171394e-05,0.6745564763,0.1932300157,9.040669889e-05,0.5301935893,0.2686574157,9.300560475e-05,0.4633333092,0.315798137,9.686461731e-05,0.3812570574,0.5014085143,0.6518332636,0.5529964048,0.2692117827,9.688490522e-05,0.3858412833,0.4006662879,0.8207856276,0.438872563,0.3685441294,9.724354977e-05,0.5770224324,0.3455028081,0.3703560254,0.5403614276,0.2673898106,0.9999780078,0.5346926573,0.4833851187,0.665473924,0.6672575289,0.2403917666,9.70635275e-05,0.4810058776,0.4306700541,9.678007065e-05,0.4306638548,0.5786213548,0.5738515565,0.4688531814,0.3247361764,0.0001021500987,0.4564596586,0.3173796094,0.9999860953,0.619603917,0.3188228563,0.9999779974,0.4030794567,0.4994243341,0.6627151025,0.4618407247,0.3925360213,9.70399487e-05,0.5992693559,0.4380881312,0.8806793687,0.6690592004,0.1902750199,0.9999779922,0.6212438246,0.6309561241,8.771162904e-05,0.6335564841,0.1937858592,8.537821153e-05,0.5770949981,0.2278776027,9.681214213e-05,0.4464777837,0.3309641436,9.724016918e-05,0.5428036678,0.5296819013,9.074524456e-05,0.4082092186,0.4355503533,0.5883623713,0.524334572,0.3579912644,0.5884895901,0.4939025175,0.3022520133,9.692255692e-05,0.3838573761,0.3718427933,0.0001074098266,0.5681712912,0.2376040713,9.059295789e-05,0.601435526,0.3047803281,0.6301312267,0.4601737323,0.4058575373,0.9999780253,0.6051266749,0.4267786676,9.718832571e-05,0.5074102873,0.3722013634,9.671287775e-05,0.358663852,0.5010486439,0.5917701335,0.4829258706,0.312592673,9.706148152e-05,0.4699959866,0.4535343521,0.6779508678,0.41640771,0.3667222327)
