mCurrentIter=100
mCounterStuck=0
mYPrev=-41.07841853
mParameters.n_iterations=100
mParameters.n_inner_iterations=1000
mParameters.n_init_samples=100
mParameters.n_iter_relearn=1
mParameters.init_method=1
mParameters.surr_name=sGaussianProcessML
mParameters.sigma_s=1
mParameters.noise=1
mParameters.alpha=1
mParameters.beta=1
mParameters.sc_type=SC_MTL
mParameters.l_type=L_EMPIRICAL
mParameters.l_all=0
mParameters.epsilon=0
mParameters.force_jump=20
mParameters.kernel.name=kMaternARD5
mParameters.kernel.hp_mean=[1](1)
mParameters.kernel.hp_std=[1](10)
mParameters.mean.name=mConst
mParameters.mean.coef_mean=[1](1)
mParameters.mean.coef_std=[1](1000)
mParameters.crit_name=cEI
mParameters.crit_params=[0]()
mY=[200](340.6959029,-24.63208016,21.1373635,764.6068174,5.997367899,-23.35029912,38.5100254,14.57076769,24.78043213,-4.703869114,-2.641342074,-36.94637228,23.96213008,-43.51823087,47.522115,-13.38908001,6.076092719,21.48791159,-36.56769647,3.040782354,-36.83276481,-13.74933808,23.908149,-38.33709143,192.746986,10.51902053,-24.82406544,23.21299099,373.6195237,3413.839169,14.29397105,974.6450401,-14.61745751,2506.34241,6.469957409,-48.03254735,174.3275059,-43.04649078,-28.27720244,-36.27843554,-44.76363991,-43.09446016,-26.6963916,4.635715807,-2.028786136,4.607918763,-32.79608635,-43.44282068,-9.00717379,-39.52990596,420.0164018,413.8879521,-19.39483681,-4.400409326,-16.08310204,2732.689074,-49.98964598,-18.18418654,-2.274474111,-20.10512154,32.93771687,215.4070294,156.7782536,-13.47318948,15.19932913,-42.42840484,-14.80435797,5.473541606,-26.98560326,-22.80842436,2874.802501,26.45024682,1438.38572,-2.579155559,-29.32628216,59.11555603,11.81595391,61.77554716,7.11470523,84.48258273,-15.10677699,-0.6477949567,1045.51573,23.94148898,-0.8512973418,2100.184879,-9.47535063,-20.68511202,3.167051186,5.833593244,337.0404057,680.2509563,21.87767172,-6.016445579,1125.26142,213.3769156,-26.39398406,4.894528724,11.73498257,-7.249712424,-45.53302719,-43.47931698,-46.39877074,-49.07320342,-35.96194433,-43.80099778,-48.55373176,-40.53819004,-47.25796064,-49.591066,-50.17911423,-51.69225585,-43.57932329,-47.98665726,-49.08059239,-39.26815923,-52.46425756,-47.34190871,-37.09829518,-43.98563048,-45.01945227,-41.70663675,-37.39354256,-43.94971815,-46.03591434,-51.14221511,-51.53934808,-42.00479464,-30.7370657,-40.39446489,-41.64388513,-29.0290268,-49.58959682,-42.07261075,-36.73563072,-37.25833375,-47.28779869,-44.73230905,-44.79685223,-50.16980701,-27.73048029,-33.2765771,-46.15330933,-48.6489464,-36.63483793,-39.5732623,-46.23485451,-6.882330232,-37.3585767,-41.43974384,-42.71013175,-51.21203346,-36.42201702,-46.3607575,-18.86295969,-47.26256672,-52.1272278,-37.28802214,-33.89870198,-38.78573498,-39.50082658,-44.78314818,-42.19097906,-51.94994719,-49.25099389,-27.1388494,-48.65058395,-32.52892544,-44.20489859,-35.20464852,-44.84751187,-47.95787403,-46.82810736,-20.40600688,-38.56188723,-40.88238078,-39.88338682,-40.64750594,-50.11883369,-27.72588941,-46.44467199,-45.70885968,-45.64852127,-46.56981185,-47.488946,-13.30210345,-35.87318243,-45.55459975,-47.19968931,-32.49832875,-47.20301996,-40.58854549,-39.68561492,-47.42338636,-44.59682537,-33.05939023,-46.69860273,-49.5739156,-36.08586325,-41.07841853)
mX=[200,3](0.148318663,0.1535593014,0.2852364444,0.3702427428,0.4808799583,0.7591125624,0.8758392284,0.8628177626,0.9037318479,0.03714761253,0.1983671609,0.2042669892,0.3280156626,0.8524489622,0.7646673107,0.9489205714,0.6064513835,0.6825743832,0.2111735378,0.9079949584,0.05577461281,0.1268994718,0.007774477946,0.9385922488,0.2752951688,0.9334193059,0.8386862395,0.06385722056,0.1754802362,0.8935121048,0.4559282565,0.2944643492,0.881289541,0.9624292632,0.6710543114,0.4226528912,0.2301272739,0.7464589538,0.9626254046,0.09559697776,0.6359170758,0.4519308847,0.3866573256,0.389766044,0.2601664845,0.6825918816,0.8402370443,0.2427146631,0.2632512366,0.6608761886,0.06055715396,0.1181009946,0.5805739663,0.1065161388,0.2904639549,0.697578508,0.1755027782,0.7568055079,0.958579872,0.4141460365,0.6307738368,0.7378312912,0.3037749949,0.1068704188,0.1651322395,0.5173306747,0.9598280256,0.4196103842,0.3337862824,0.5828276174,0.390054554,0.6314184524,0.7467547662,0.03878861515,0.5034589251,0.8346043103,0.1871115799,0.7024648168,0.5646287952,0.6120253538,0.7243304627,0.4293238657,0.9992850231,0.6930499592,0.3483098819,0.3590011053,0.1482366064,0.6595815171,0.1323768154,0.01228624352,0.2021288267,0.338290872,0.9873486129,0.5163732073,0.02955891328,0.3211421039,0.3055811317,0.4971311807,0.2588588492,0.7069521622,0.06118910604,0.1518220186,0.7632651131,0.3419242521,0.4339008049,0.3681458134,0.5986445698,0.3637199873,0.4359325293,0.04354940264,0.4975417268,0.005141999994,0.3022890331,0.6029573748,0.1941178434,0.7745542533,0.4862748101,0.3932305961,0.7093181,0.3749451085,0.4793782012,0.6256382097,0.2195933233,0.498714113,0.4606781145,0.3838745473,0.04300043582,0.7657295035,0.462289789,0.1775169013,0.5183213669,0.9174103992,0.9748149296,0.9179618283,0.5355011637,0.779693938,0.2712357808,0.8738639931,0.01662724908,0.2237533886,0.5553758507,0.5986834129,0.4227727749,0.5635100996,0.8041544433,0.8828351856,0.4754152995,0.0717026956,0.3156057071,0.6563222679,0.1690236451,0.05182104058,0.3532641039,0.2298700337,0.9812745682,0.02138992217,0.2542691225,0.6497392966,0.7398934026,0.02132088947,0.8187140799,0.6769423016,0.671576419,0.321657348,0.7469626713,0.5726489157,0.1068041523,0.08460508248,0.44358022,0.4305034905,0.5496314041,0.9011807155,0.8301394897,0.2278610391,0.5575163483,0.2810715201,0.8651808488,0.9928970247,0.475035168,0.574270804,0.3349947554,0.8799380763,0.955993834,0.502559295,0.4526897996,0.132712174,0.9247995068,0.2384802261,0.4099661477,0.4080353723,0.5621043367,0.8044469126,0.7858945927,0.07847189728,0.9443020419,0.05495988946,0.3654774739,0.4423945123,0.6149425594,0.7938179761,0.6423771084,0.8957162632,0.9682794505,0.3150041052,0.6476337022,0.7134421088,0.6159609793,0.461395624,0.2465451303,0.7151682475,0.7950599788,0.1444913713,0.07101929046,0.6969581521,0.7853373644,0.9727908281,0.9381308143,0.3756735484,0.04403271985,0.9176696768,0.6864409215,0.828218332,0.08732132318,0.7270180208,0.5296144743,0.604506327,0.527153345,0.1160940988,0.8282477457,0.9477138128,0.09740640489,0.6298458307,0.08054391044,0.5938487088,0.3101607674,0.01901439672,0.8449505824,0.542601336,0.2516701896,0.3427380779,0.157140446,0.4450761107,0.8182510215,0.7226060234,0.5429466251,0.1979565403,0.1325216088,0.2618333351,0.1208507241,0.8841849522,0.9796523943,0.7842880545,0.8522979489,0.6566363593,0.8542476858,0.8423494556,0.7563672753,0.003172484078,0.4881214712,0.8213502055,0.665711018,0.7379576461,0.5527378981,0.2335764627,0.5245515125,0.1132743848,0.7731336961,0.7115272928,0.5013241312,0.922991658,0.1827930308,0.5362042069,0.0338391352,0.5315270703,0.09831176374,0.2998731918,0.814619317,0.4052390964,0.999870352,0.2406275753,0.1274882107,0.5863341479,0.3582123055,0.2164286167,0.1639346064,0.8685276679,0.2010750464,0.3963582186,0.4109729558,0.8025759706,0.2789271092,0.6634236257,0.9242938668,0.6254763501,0.9860190846,0.8984603631,0.7920163849,0.287270757,0.5787630652,0.1832782803,0.1368470108,0.5969012276,0.2863036587,0.2056330644,0.5920211041,0.293925213,0.313553233,0.5743432854,0.3193985843,0.3709687783,0.4983723499,0.4084928211,0.05853103822,0.6311708458,0.2550531461,0.4204820663,0.59213627,0.3213688006,0.3438868811,0.4480963236,0.4533465815,0.25502094,0.6195094827,0.2762293654,0.589321626,0.5645442777,0.4124144366,0.3035392029,0.3944798825,0.4828452301,0.2810441627,0.611636212,0.2800400325,0.5311462135,0.599285011,0.3403587185,0.1458698513,0.4779018899,0.3693491185,0.5814657789,0.5864707852,0.5035018024,0.3664386075,0.3555411921,0.5202597313,0.1236972655,0.6491543207,0.2486230943,0.5380286282,0.6178495639,0.3328535858,0.4043993125,0.4594080808,0.4357967822,0.6218111207,0.7295209322,0.385570774,0.3130590016,0.532383024,0.5925809889,0.1580096106,0.6002995522,0.2578040671,0.4105627622,0.3307668288,0.5500663726,0.3825787646,0.5366035449,0.3352224222,0.6453206157,0.6510459298,0.5055848156,0.4699549369,0.6467075735,0.3134093578,0.2852456049,0.3918750885,0.4682011311,0.6053335179,0.5094627304,0.4498735658,0.4333160039,0.3230077577,0.5942702186,0.1162053988,0.8016249689,0.2758560092,0.159638313,0.5492383914,0.2878142696,0.3879080834,0.5598628346,0.6018708855,0.5006604355,0.7876359712,0.3569189561,0.4906261436,0.5979993969,0.3081636566,0.2086100784,0.4455434128,0.4041189675,0.642547237,0.7006965155,0.500837499,0.3500209807,0.3974408992,0.6735087558,0.3822880628,0.3558736337,0.5080458357,0.5729981962,0.5298462577,0.3997859318,0.5290721868,0.6462026759,0.3028783132,0.5682910552,0.4699515092,0.4882508124,0.1619184994,0.2612486894,0.7477024815,0.03173090632,0.635964979,0.227995316,0.2907045782,0.6025612398,0.2654391789,0.1197510981,0.4623933952,0.5505603964,0.4213338215,0.3125301684,0.5689557091,0.4848860498,0.6215566528,0.5944857943,0.3547937293,0.5086597498,0.3548133617,0.5157963584,0.7270841105,0.7786059786,0.6192286632,0.7434242552,0.4233743727,0.3017339403,0.6354284395,0.2611349349,0.2449658255,0.3649472718,0.4722035612,0.4893199304,0.5300225489,0.4930259132,0.5413983768,0.4586712176,0.6828331889,0.366782037,0.5750312389,0.2892596363,0.4025247317,0.8570044703,0.3478867657,0.5276022275,0.4420804952,0.4653638981,0.5105115241,0.5381589707,0.3642405198,0.3956674904,0.2987750928,0.6244134018,0.5654064452,0.7143298441,0.5377370207,0.1873742021,0.4688512219,0.3776920699,0.5260960103,0.6761414502,0.3228792968,0.2143331758,0.4701176698,0.6186941567,0.3065813144,0.3402092017,0.5079510543,0.3786371975,0.5578437986,0.5028485364,0.6664004786,0.5740575949,0.4060758713,0.3306695704,0.3403192095,0.7546516372,0.579779707,0.4362256085,0.5103919249,0.4651800247,0.6224885346,0.6425449655,0.2599671687,0.6050930296,0.2533582621,0.3437992954,0.587751916,0.2748320402,0.4151907646,0.4467199813,0.423986041,0.4919432841,0.644362642,0.4432049031,0.566690506,0.4939394734,0.578782948,0.6749551377,0.4591456687,0.763759602,0.4673704043,0.7278819649,0.3147015489,0.05698189124,0.6988188465,0.2298657972,0.3829963715,0.3171837041,0.567644876,0.4282206346,0.5387908182,0.3296324169,0.227288636,0.5010669105,0.5063140698,0.5752388166,0.7647589598,0.4829128321,0.399108333,0.3995458829,0.4631894486,0.2658897377,0.4050484378,0.601757258,0.7062232715,0.5303073936,0.4747378774,0.2582690521,0.6033328198,0.2505951832,0.4686919921,0.5186039108,0.3690167974,0.6237538958,0.7330627643,0.7311264655,0.3274783401,0.2680060043,0.6626664488,0.1442459081,0.3466798801,0.496802546,0.3835913649,0.5918291666,0.515052243,0.6505056559,0.7653217195,0.3668563881,0.5270233529,0.3950686315,0.5123799642,0.5477135061,0.5067024862,0.6330614724,0.3268034829,0.6000770392,0.2651159948,0.4127594141,0.4587060557,0.4170789042,0.4285578594,0.6116136018,0.4321699567,0.3843131361,0.677647313,0.5906575165,0.6336073409,0.5942447608,0.3514222733,0.3584431775,0.4503352814,0.5388700273,0.5054843536,0.3175602742,0.5847164553,0.7525503455,0.6069773986,0.552166341)
