mCurrentIter=100
mCounterStuck=0
mYPrev=-19.5585515
mParameters.n_iterations=100
mParameters.n_inner_iterations=1000
mParameters.n_init_samples=100
mParameters.n_iter_relearn=1
mParameters.init_method=1
mParameters.surr_name=sGaussianProcessML
mParameters.sigma_s=1
mParameters.noise=1
mParameters.alpha=1
mParameters.beta=1
mParameters.sc_type=SC_MTL
mParameters.l_type=L_EMPIRICAL
mParameters.l_all=0
mParameters.epsilon=0
mParameters.force_jump=20
mParameters.kernel.name=kMaternARD5
mParameters.kernel.hp_mean=[1](1)
mParameters.kernel.hp_std=[1](10)
mParameters.mean.name=mConst
mParameters.mean.coef_mean=[1](1)
mParameters.mean.coef_std=[1](1000)
mParameters.crit_name=cEI
mParameters.crit_params=[0]()
mY=[200](-19.87436023,78.16323907,143.6810076,-19.2359232,18.74902222,36.17535042,54.49689606,3.705312971,813.2368717,-33.97831724,-15.53791555,-6.47999661,7.927324157,-31.39343508,545.9294683,365.6309665,0.05200862327,-27.78443375,151.9232666,0.2936115291,-13.72180994,20.30465235,23.67143576,150.7897231,-0.3733667704,-1.73254244,113.323769,0.5214955952,-3.16228647,-3.658239689,35.95701775,9.082657645,34.04132987,185.6597917,-1.236970063,-25.03628896,-21.66431393,0.5630973142,27.64476346,22.78264346,792.6102028,68.67147221,-20.14105154,65.3539026,-24.17749749,151.1226217,2254.994658,9.6444046,6.442610505,33.1420743,-30.72874778,336.7904275,1.327704846,6.155414721,1686.92789,-2.035586097,11.4180988,-22.35845416,3.346273172,54.59471622,13.94160895,42.8563309,-19.29936938,36.33614675,-4.156283073,12.1282179,78.23542543,-32.0957394,-3.183989983,87.20073478,622.5111627,20.82470236,15.24870545,4.341612645,16.67414582,32.79750573,36.72131174,176.9280154,1040.223557,33.32577785,2838.618388,2020.883237,-29.30079709,28.79295243,56.6796585,38.98296672,16.61932515,4.336350459,18.21367235,40.64324864,36.88668398,85.96132695,36.5742601,-26.5329492,-20.92556172,-17.35224458,49.10049318,71.84834917,17.17686041,-16.43173632,-20.12560596,-30.58778113,-18.80476791,-32.16577394,-18.46604226,-30.81979567,-24.32180595,-30.02383533,-32.73392951,-20.68558602,-30.14724388,-30.9707976,-25.41236916,-2.214782176,-30.70590008,-6.750011471,-27.28950453,-28.79600779,-26.88152044,-10.83784219,-28.97599645,-33.50444897,-29.63011892,-31.71048904,-30.9479497,-32.58329412,-9.530487513,-23.9246804,-18.21658702,-24.18540342,-25.10809456,-18.08907699,-11.86434668,-28.29197785,-26.49719429,-29.07839108,-28.81724939,-25.60392353,-28.43269275,-21.75617547,-27.83849999,-4.053121821,-21.87015452,-19.5542321,-28.10852871,-31.98891742,-23.88020541,-0.5356083426,-16.50239232,-14.25288621,-22.5970578,-31.780014,-28.92015223,-24.84534861,-3.99005337,-27.73961111,-26.00336491,-12.00130242,-24.95075256,-29.07587401,-35.2522052,-24.57681304,-23.43567002,-23.65964065,-28.07770707,-16.22702293,-26.70075226,-37.25790421,-9.373656826,-19.44939356,-30.75058392,-30.26861887,-20.97849798,-19.20854273,-18.69618415,-26.92461364,-36.21957987,-25.30428484,-5.814551768,-33.07269968,-30.81728682,-27.92224158,-16.53312683,-22.87479156,-29.84569116,-28.21395838,-19.41519615,-35.14028603,-32.3141121,-37.00424158,-24.27863356,-12.77300336,-28.86163522,-27.78998197,-32.38189892,-29.3467148,-4.456625673,-25.11977362,-23.74535398,-19.5585515)
mX=[200,3](0.6796240985,0.7253355581,0.1807089116,0.1419562115,0.6810729541,0.0413896332,0.4150864883,0.1156982392,0.3765652397,0.6663807708,0.3229114505,0.4041179013,0.4710317222,0.6642148907,0.8328204687,0.7636758688,0.9854313469,0.5871495143,0.6363513403,0.9961339522,0.822824776,0.2629866987,0.08938787532,0.6047563099,0.5157162785,0.2687012573,0.1163666254,0.2834670715,0.3912033189,0.4697139022,0.5678074169,0.2787241717,0.4578805371,0.6416109679,0.5173076988,0.7400450323,0.4002944991,0.856603945,0.5000543841,0.7933958901,0.4043080714,0.4204181171,0.1552383402,0.02038860409,0.3091017716,0.7550950607,0.2483897487,0.1918715339,0.8461561982,0.3187318369,0.3936334017,0.5392800249,0.4144047298,0.352095345,0.9878432584,0.2584662825,0.3136947271,0.01559990641,0.6469354035,0.7002407642,0.3126141882,0.4831708988,0.6946488108,0.1923169242,0.352391321,0.9029193249,0.002701003482,0.17914692,0.4496014385,0.0324834357,0.2954661421,0.2408988374,0.04540854065,0.6221127781,0.0961083124,0.4301743974,0.771549199,0.5578087346,0.6106910731,0.1964064703,0.3343082482,0.4569616097,0.450801893,0.7951062198,0.4471007339,0.79894546,0.1379556975,0.7152915969,0.808949441,0.3855581357,0.6576210453,0.4714559369,0.9787713256,0.3865734635,0.06426195367,0.5930725295,0.9377110777,0.9215941964,0.7701788111,0.6971533532,0.2175934641,0.2827978369,0.7065285724,0.1229401481,0.7398571509,0.558801271,0.5691102608,0.2739216561,0.3467237861,0.6971749562,0.3475763672,0.9138761449,0.8482946288,0.250492713,0.2568221197,0.1056221706,0.9485326502,0.1063374225,0.8922580796,0.6329300374,0.1835287238,0.1570320584,0.2055974777,0.3553711661,0.01569890557,0.4974712861,0.4610413265,0.4454294418,0.6617990897,0.59176893,0.4639288824,0.1414119955,0.576590869,0.614233491,0.2318155496,0.1161114822,0.05475599884,0.4160458635,0.3913762556,0.03246985642,0.1253723457,0.05227781828,0.6506818693,0.7623386296,0.8999366347,0.07697651017,0.8158562759,0.0244118315,0.5316461748,0.939311457,0.3385876476,0.375558323,0.5673256839,0.09191665519,0.4232800204,0.06843937628,0.5411014972,0.1391449389,0.5754936967,0.1652583002,0.8240711186,0.5299364593,0.8173529246,0.1897697901,0.08064501224,0.9254782149,0.2081658062,0.6192419876,0.9717046829,0.8312659056,0.6758687201,0.832908383,0.5470413835,0.6288062923,0.7371378845,0.002061568021,0.7863525591,0.08849179531,0.9544241119,0.8597812976,0.2097168612,0.9045163291,0.1595763703,0.7762073846,0.4985316853,0.104752455,0.4893177083,0.7093173601,0.4376044162,0.8625626048,0.8723637798,0.8455722074,0.2988673463,0.09367296988,0.6810008519,0.4249653592,0.8620259403,0.4795335769,0.2775944557,0.522868894,0.05849944651,0.3280273104,0.3627637408,0.5361788506,0.7266958229,0.2323545107,0.7528200102,0.9692668686,0.7841643125,0.02544923661,0.788402183,0.222763322,0.1755830629,0.174376535,0.9196231941,0.322234346,0.4952761817,0.4340323236,0.2130473358,0.2135276461,0.1451993762,0.8078038432,0.9513060934,0.3065141159,0.8875779565,0.9056175467,0.9340312168,0.7159587357,0.1379998004,0.6713462585,0.9256960593,0.2265177111,0.578344432,0.03303774936,0.8569168903,0.2842926946,0.07691180376,0.06312629421,0.7329001064,0.8799334781,0.9983188604,0.1686466434,0.01125417107,0.5235522619,0.7411349079,0.003035488916,0.1296166442,0.503809258,0.5402277372,0.6813550079,0.3490803827,0.9528809142,0.7478690583,0.9617664101,0.916797216,0.8894062086,0.5864657339,0.9844711731,0.8050662739,0.8148299822,0.7264514384,0.3008363264,0.7538370025,0.6585417154,0.6248547757,0.945853073,0.2277594116,0.377105104,0.9706222607,0.6468872064,0.5823041444,0.5961939949,0.9623096089,0.9481839242,0.3349465081,0.262829872,0.828395796,0.3840374901,0.9903050571,0.5013535594,0.6011864504,0.5150930154,0.3690520269,0.6307418667,0.1603572597,0.8756181784,0.7615893826,0.2940185292,0.2399939267,0.8815608641,0.8926809828,0.07362877207,0.04248159507,0.4844863391,0.6055096452,0.5586178328,0.8677840172,0.2407570419,0.719324617,0.3611314401,8.668570885e-05,0.5635461693,0.2773549012,8.868303482e-05,0.5681918674,0.2732874612,9.036326862e-05,0.5785245504,0.2639753591,0.9671508869,0.5420609008,0.3238218116,9.719086278e-05,0.4943130896,0.3493784542,0.9999855096,0.5924276196,0.2750796546,9.000489744e-05,0.6102013725,0.2437484112,9.719141487e-05,0.4758737918,0.3751029836,0.9999779673,0.5173910349,0.3916668809,9.700720481e-05,0.2955948064,0.6395421043,8.874617045e-05,0.6055913718,0.2437201434,0.9999763135,0.5925592081,0.2706134951,0.9999845655,0.4630777509,0.4838294964,9.726596238e-05,0.5960709895,0.2412975895,0.0001050592754,0.4393021617,0.4050540144,0.999977438,0.3167745975,0.5518726726,0.9282063979,0.5164770498,0.3198716291,9.074505083e-05,0.498504871,0.3097643738,0.0001057317028,0.3280772159,0.5041251602,9.704270099e-05,0.3026408535,0.7154025404,0.9999780998,0.5650797912,0.4427713581,9.704016331e-05,0.518969528,0.4533485179,0.6484368134,0.655281079,0.259466312,0.5559052628,0.5718477476,0.2488104211,9.69003003e-05,0.4080145867,0.4145879777,0.7297985008,0.4902280405,0.334398968,0.9999854615,0.3299448408,0.6684414422,0.9999780879,0.6021071585,0.5620347239,0.999978196,0.3983761086,0.4837921685,9.111134155e-05,0.5495175378,0.5551594407,9.694106695e-05,0.2847113625,0.55631148,9.889374301e-05,0.7088201192,0.2676909733,0.0001003589122,0.5725837066,0.2339906803,0.9999783608,0.6682392468,0.2809015382,0.4560364701,0.4806855797,0.3333386603,9.704185738e-05,0.5968117293,0.420387202,9.687144637e-05,0.3833038305,0.4517458394,0.9999780904,0.4702758422,0.3947387213,0.9999782001,0.6324421647,0.3825608851,0.9999781318,0.4499962824,0.5695976202,0,0.421555273,0.5834906592,9.697417381e-05,0.3145450226,0.7659493439,9.50486382e-05,0.5783465065,0.2321077478,0.9999780857,0.652332164,0.528004991,9.73915726e-05,0.4784893885,0.3266110194,9.775628821e-05,0.4820495414,0.4793069389,9.696023003e-05,0.2672972934,0.5671119895,0.9999780981,0.3006400206,0.5152202323,9.697216465e-05,0.6199322369,0.5809509851,9.816358891e-05,0.7269040059,0.2741436002,0.9796451473,0.5864181093,0.2495192205,0.03027045073,0.3931706439,0.4226886396,9.701318497e-05,0.5990953207,0.4167850348,0.9225240845,0.4674625269,0.381330864,0.9999786521,0.344527572,0.7497593164,0.9999779845,0.5147423714,0.4831044076,0.9999761299,0.6860399802,0.2784095264,0.9999783038,0.6268131979,0.6476405347,9.719922801e-05,0.4486716256,0.5983748081,9.697119138e-05,0.3712666856,0.4707081106,0.3757642023,0.5672439744,0.2361531292,0.6447540074,0.52883445,0.2815077748,0,0.5867654406,0.2264579821,9.723653591e-05,0.6279723742,0.4857117428,0.9999782995,0.6449389733,0.4182729032,9.687050539e-05,0.2421298731,0.6508908929,9.761466338e-05,0.4434873976,0.3606947399,0.5170146727,0.4814770559,0.4758975029,9.195811478e-05,0.7362884589,0.2763130095,0.9999782703,0.4227902164,0.6101080967,9.690069186e-05,0.4594513247,0.5156767954,0.3523797755,0.584073347,0.3572520645,0.9999684207,0.435414909,0.4169444198,0.9999776092,0.673294277,0.4974202924,9.692586039e-05,0.5531015911,0.6121351153,0.9999781018,0.5056567072,0.5336333885,0.5670858218,0.551026603,0.248775132,0.0001053220997,0.2931003431,0.5144061818,0.999978005,0.2559926822,0.655698645,0.2695615349,0.5215189275,0.4321479522,0.999984223,0.6179658514,0.2403375537,0.6043466986,0.5000947483,0.3024392738,0.9999774624,0.7267817846,0.2943832361,9.697343452e-05,0.3777173088,0.6373877228,0.0001046284416,0.4026018322,0.3959783559,9.709341061e-05,0.6152502367,0.3500643737,9.698874315e-05,0.6465923438,0.5192118931,9.720702404e-05,0.434847213,0.5091201316,0.9999780086,0.5929859898,0.3580644069,0.5286097668,0.5010262397,0.4451761174,0.8478009649,0.3774491026,0.4729234522,0.9999791921,0.676532267,0.6034214669,0.5177326774,0.5873047924,0.2243350486,0.496031747,0.4959979256,0.3025436546,0.4552476419,0.5296787441,0.4897448106,0.5582458971,0.4412342904,0.3720416218,0.9999782086,0.5773681411,0.7302792484,0.0001054647071,0.3277946592,0.4813229978,0.999977942,0.4922414743,0.5760245906,0.9999874603,0.6928570586,0.4157978433)
