mCurrentIter=100
mCounterStuck=0
mYPrev=-21.72607455
mParameters.n_iterations=100
mParameters.n_inner_iterations=1000
mParameters.n_init_samples=100
mParameters.n_iter_relearn=1
mParameters.init_method=1
mParameters.surr_name=sGaussianProcessML
mParameters.sigma_s=1
mParameters.noise=1
mParameters.alpha=1
mParameters.beta=1
mParameters.sc_type=SC_MTL
mParameters.l_type=L_EMPIRICAL
mParameters.l_all=0
mParameters.epsilon=0
mParameters.force_jump=20
mParameters.kernel.name=kMaternARD5
mParameters.kernel.hp_mean=[1](1)
mParameters.kernel.hp_std=[1](10)
mParameters.mean.name=mConst
mParameters.mean.coef_mean=[1](1)
mParameters.mean.coef_std=[1](1000)
mParameters.crit_name=cEI
mParameters.crit_params=[0]()
mY=[200](212.0349924,471.3856994,133.8838308,-13.5295559,-20.71192786,31.26947679,269.9222878,345.690313,-30.0973623,-26.52181908,-22.93478182,38.23745725,5.76842742,49.74144881,-13.80043128,17.20419252,664.8869786,27.63954453,54.46728824,3131.811312,1664.670824,46.64326155,20.00681761,56.56783997,18.65659131,40.87722794,46.40675579,168.5997952,-25.30210068,18.91370701,28.39167509,-14.69943068,2914.185315,252.2152749,303.2154467,8.154330122,30.09823671,374.7654274,-11.16396258,11.39811148,-2.765619149,14.52657804,-29.06240623,8.59984686,24.38124742,-6.243924711,718.8436369,-19.44783844,17.52465687,9.98551484,-16.88786611,11.5297433,22.91469969,297.5073939,40.66779113,40.05490219,10.99682566,21.10229894,-22.89317319,28.43559543,42.49569039,16.11287964,10.2439051,-28.91914855,519.9389511,48.83613189,-20.30000244,-3.893609652,24.18638197,45.53128344,-27.70606333,44.2455664,-24.7166004,10.15812559,29.21944473,-28.92827679,-21.23598319,2100.038837,30.00844656,57.31041541,32.11253301,52.32538672,63.01722363,-17.90957132,22.39794147,-23.03037781,3507.605353,132.8507582,138.8221442,16.05198192,28.06614433,23.77844261,-4.497707664,14.64357883,86.26133219,3.647495783,841.1694955,503.0056193,238.0911867,24.84527609,-26.48025859,-26.18004912,-24.82281729,-28.36343585,-16.2225328,-17.12044957,-27.61638597,-15.12919712,-24.17708903,-27.35075661,9.012318864,-23.91824749,2.201821724,-11.06361531,46.65778731,-29.01711863,-27.06472583,-22.68168119,-32.20072865,-10.30042018,-23.08192672,-26.15985633,-6.742315463,-20.0404302,-27.53123791,-10.32760166,-29.50167693,-26.1778234,-17.66561315,-15.46944248,-33.1562913,-27.16037983,-20.88065328,-25.49829456,-28.12211496,-19.57882602,-27.15953142,-11.63982163,-23.9777149,-12.24991908,-19.97508979,-12.44233301,-32.06961259,-25.50358118,5.153663913,-26.11767019,-13.07830813,-2.183381252,-25.21799967,-5.651091446,-30.12434037,-26.07279023,-9.209840129,13.85608184,-19.75894249,-28.67962149,-22.50906923,-24.94898123,-31.97126665,-22.41436893,-25.44840653,-22.4928386,-9.581861575,-25.98445791,-28.24114918,-23.34942912,-33.07898631,-17.74116754,-31.71530419,-22.2282086,-23.77921134,-10.47190407,-25.71210905,-33.47410756,-21.17324993,-28.58035112,-7.878382381,-6.221953707,-32.43591292,-23.9549582,5.931342445,-24.7251204,-26.07968167,-19.35575339,-9.309267298,-30.43031365,-5.260622849,-26.68203757,-30.25396261,-29.0427997,-2.318915375,-25.4133833,-29.88841986,-19.79596152,-29.27285089,-9.783197124,-33.43634968,-27.48116852,-30.29248996,-21.72607455)
mX=[200,3](0.4583413437,0.1633855178,0.2964983377,0.04137193925,0.283384569,0.1530980347,0.4096685727,0.1507605533,0.3487275219,0.7149521746,0.3582755138,0.4320990284,0.3659206206,0.3279455686,0.6303869256,0.1664904292,0.916570949,0.1194087888,0.1425043086,0.5039356506,0.04802540093,0.2496993603,0.4688185241,0.07367771222,0.1396808788,0.5486057453,0.4279499819,0.5905228963,0.5882793086,0.4524369865,0.7793689216,0.6444624278,0.148011091,0.1747406961,0.4848364105,0.9632191229,0.6602781339,0.8388828928,0.2307945423,0.2175296466,0.07688305112,0.5571934279,0.7594231469,0.384568232,0.4098365326,0.4273537876,0.7475514431,0.751262198,0.08148270497,0.376805562,0.06197235588,0.9503885502,0.3435633181,0.892784342,0.5739169318,0.9873500162,0.8081060512,0.2241655683,0.1024682248,0.01792677154,0.5434916491,0.02543809264,0.2240724204,0.7309516455,0.6551666496,0.03642245042,0.6976768281,0.8130944903,0.7253773564,0.09785971466,0.8560469008,0.9392874552,0.4719816257,0.08793619524,0.7809124721,0.7626782331,0.9952050597,0.4177413422,0.2077879806,0.0194204445,0.6245937847,0.2929085712,0.2244959463,0.2606473149,0.5343349039,0.5936304343,0.4880807435,0.3580288642,0.7246472097,0.7774143307,0.6260090815,0.4009208077,0.9196917259,0.0167778086,0.3167843673,0.7001400646,0.8345300834,0.0375692864,0.08649982223,0.8995289619,0.4175060298,0.1263019445,0.8034713275,0.1843408148,0.326785743,0.3712056608,0.2939427671,0.8245900913,0.7895124324,0.9300389722,0.5990891948,0.9122557119,0.2500157131,0.2469906648,0.2883469057,0.5770264541,0.6535459134,0.5113866992,0.4472552185,0.8355066394,0.6788304112,0.6112678525,0.7135375486,0.1034518044,0.5260388651,0.1786781171,0.4337727729,0.5172488169,0.4961680171,0.4873623416,0.6333074753,0.7692203176,0.9200857254,0.7957808257,0.7986070748,0.4617083715,0.4216443503,0.2806649061,0.260938841,0.2687698044,0.1040132798,0.1979703586,0.5334847851,0.6047681833,0.6530351863,0.8746456564,0.5131552278,0.4182693361,0.3901482359,0.2715941062,0.6854469649,0.690395323,0.474732494,0.389188417,0.8487666512,0.5397468822,0.7917229288,0.1450615898,0.8449095348,0.8432173579,0.9433056268,0.02368758727,0.7456325479,0.4727651979,0.9757616296,0.3900887054,0.9272914835,0.09679637857,0.3389972681,0.1123770549,0.6459914226,0.0264953849,0.8819390335,0.5685125131,0.8594560003,0.6264318551,0.138366282,0.05449950114,0.6617730747,0.864434978,0.06648156159,0.2038038845,0.9974485332,0.707482421,0.8678442971,0.5495735836,0.9672216529,0.7568996228,0.6919834929,0.5567258856,0.6062457383,0.3185562869,0.6052999675,0.00139091799,0.3731277033,0.3214852992,0.762276875,0.9475694704,0.2542751431,0.3374473212,0.3978337249,0.1291315528,0.1991640341,0.7352893278,0.8875230318,0.1373457912,0.8509330036,0.5091130056,0.7367223044,0.9508645058,0.279637876,0.3094111173,0.5873205929,0.3004183919,0.9005645606,0.8148387623,0.8193531801,0.4913395549,0.5033231783,0.9784049311,0.7749047268,0.6706560423,0.9939304784,0.4363072745,0.2509216688,0.1137445675,0.569551343,0.4483855124,0.7277102918,0.6724829727,0.3842655188,0.07246561224,0.06169867376,0.1665516774,0.9376844977,0.9653836186,0.3614299981,0.8758128186,0.9745644194,0.8783567844,0.8636167386,0.7196076928,0.8881570574,0.9840199583,0.7873671147,0.9821056521,0.003067020634,0.95384684,0.9067535885,0.349879635,0.7057392337,0.3344743341,0.9019246912,0.2455485162,0.6144384855,0.03730005782,0.6806116212,0.2074705014,0.5230919877,0.04708909693,0.009299413902,0.8271114074,0.3661484861,0.1999310724,0.1815039624,0.5548133668,0.05349933708,0.6132678351,0.8964854126,0.4661728012,0.2321113278,0.4557121977,0.9208926449,0.6320276802,0.8246611341,0.7490997658,0.3190800378,0.1771659501,0.5768021154,0.4417417805,0.1220571022,0.6637158702,0.4964748633,0.2198271097,0.3073234988,0.5607426375,0.8084111755,0.5236502008,0.9412295148,0.2353528938,0.1819770367,0.5850180692,0.05649294643,0.3529364941,0.1537289455,0.274984681,0.2101922723,0.6403335169,0.09776042033,0.6808047436,9.711179912e-05,0.3117974397,0.4457276991,9.691797622e-05,0.3850112293,0.3954687681,0.09236749703,0.2881666968,0.4647073771,9.710109438e-05,0.4667653622,0.3561121195,0.5190390464,0.2910624124,0.4630754715,0.9957276326,0.5423017625,0.3285101321,9.693611965e-05,0.3931306494,0.3875164859,0.9999779385,0.7043415726,0.2781977455,9.701337387e-05,0.280919076,0.4735648052,0.1647359476,0.5278788556,0.3284981276,0.991942586,0.4153034769,0.3973806381,9.769357306e-05,0.345435567,0.406874274,0.9999787431,0.4303608741,0.6672197347,9.702264481e-05,0.7524609481,0.3166793159,0.927985432,0.2766822334,0.4881999284,8.220615309e-05,0.596596229,0.2985940125,9.691656145e-05,0.4560403686,0.3604646184,0.9999753231,0.6163520984,0.2882461242,9.693666488e-05,0.41466447,0.5333154505,0.000140331142,0.6821391687,0.5393697581,9.771532752e-05,0.3815066364,0.3812716027,0.000101861194,0.6243230967,0.2944393704,0.9451426053,0.7692353328,0.3513751893,0.9623837588,0.5171867468,0.3557035046,9.694126436e-05,0.2509237236,0.5168100518,9.694261782e-05,0.4417363687,0.7027654751,9.687008697e-05,0.5177645337,0.3393514414,9.728139593e-05,0.3390698256,0.4065903933,9.709833222e-05,0.7204741431,0.2422409583,9.692309118e-05,0.7009263651,0.4109392727,1.085834958e-06,0.4242411774,0.5090632957,9.697925412e-05,0.4473941911,0.3726109142,0.9999920814,0.6504226762,0.2654991579,9.741774573e-05,0.5874222756,0.3113347298,9.701341917e-05,0.2525678334,0.5349266585,0.0001106691243,0.3255846771,0.4141730494,9.70073346e-05,0.4191187516,0.5810078246,0.9999780343,0.6411026071,0.558422253,0.8601608748,0.4766458867,0.386212325,0.9999779744,0.7282480995,0.2368100674,0.9999780061,0.6216048928,0.3759811107,9.696055712e-05,0.2667979026,0.6992523362,9.688902409e-05,0.4702533345,0.450141541,9.690918532e-05,0.6192057042,0.3780085037,0.9999779884,0.3974265471,0.5346884197,9.70318215e-05,0.3695999844,0.3832019912,9.706990967e-05,0.642695589,0.5813378609,9.167807884e-05,0.8010632619,0.3522582536,9.697165878e-05,0.2802288709,0.4703899339,9.704560334e-05,0.4839143915,0.7253671326,9.085339526e-05,0.5292888317,0.3257843394,9.711589087e-05,0.5189240781,0.5335055936,0.9999780177,0.7275233801,0.4338837924,0.9999780043,0.301483114,0.7261196297,0.5403194313,0.3594383209,0.3937250131,9.956628789e-05,0.4915193893,0.4044324509,0.1255427412,0.6457004449,0.2637896623,9.702561101e-05,0.2480377288,0.5866258941,9.717283792e-05,0.3597031059,0.5234527933,9.742268509e-05,0.6275069644,0.4099893603,0.767662923,0.5831815102,0.2877182465,9.700154715e-05,0.4198004623,0.3617886929,0.9999781226,0.539265682,0.5985607374,9.735445021e-05,0.3014000211,0.4368305768,0.8049503847,0.5438046757,0.381834619,9.703283916e-05,0.397634345,0.621923773,9.694029872e-05,0.4506648451,0.4680385457,0.4088425859,0.6589514319,0.2601807799,0.5320497437,0.4738672221,0.3528207989,9.671315998e-05,0.5751778376,0.5247838952,0.0001053688973,0.3235488149,0.4220882408,0.001486788998,0.7079328829,0.4711294176,0.00022160215,0.2405627367,0.5473515968,0.4553382286,0.564827449,0.3052431408,0.9999779787,0.6014597239,0.4172571216,9.697575493e-05,0.5467029123,0.3972629743,0.09794825227,0.7412821243,0.2246957715,9.255166864e-05,0.3624391138,0.7468093835,0.0001051321664,0.3672554543,0.507195877,9.703650909e-05,0.4865703227,0.5903036478,0.9999780237,0.5103945716,0.7452668693,0.5091081359,0.4102584997,0.3767884425,0.4994075714,0.6529655121,0.3269266763,9.634619926e-05,0.2390367706,0.6478240667,0.6284897046,0.3102502971,0.4364160425,9.704527174e-05,0.4757724187,0.4522499841,9.707559934e-05,0.6835729077,0.6138935174,9.185569782e-05,0.5134116548,0.325595749,8.992391452e-05,0.3400089705,0.5606923786,0.6745827694,0.6070005354,0.2735852031,0.9999843889,0.7821560261,0.339666513,9.701721479e-05,0.630286929,0.3652975522,0.6414180217,0.501731662,0.4363937372,9.721428177e-05,0.386674811,0.3753260484,9.707789417e-05,0.2544610995,0.4912330197,0.999983769,0.6779747828,0.5346986942,0.0001057466074,0.400986893,0.4769619413,9.678927692e-05,0.5487385855,0.4849175514,0.5557568291,0.5343920517,0.3347199709,9.688792455e-05,0.4770006217,0.6050272159)
