mCurrentIter=100
mCounterStuck=0
mYPrev=-46.34862449
mParameters.n_iterations=100
mParameters.n_inner_iterations=1000
mParameters.n_init_samples=100
mParameters.n_iter_relearn=1
mParameters.init_method=1
mParameters.surr_name=sGaussianProcessML
mParameters.sigma_s=1
mParameters.noise=1
mParameters.alpha=1
mParameters.beta=1
mParameters.sc_type=SC_MTL
mParameters.l_type=L_EMPIRICAL
mParameters.l_all=0
mParameters.epsilon=0
mParameters.force_jump=20
mParameters.kernel.name=kMaternARD5
mParameters.kernel.hp_mean=[1](1)
mParameters.kernel.hp_std=[1](10)
mParameters.mean.name=mConst
mParameters.mean.coef_mean=[1](1)
mParameters.mean.coef_std=[1](1000)
mParameters.crit_name=cEI
mParameters.crit_params=[0]()
mY=[200](-19.85995149,-47.13050097,1059.733171,285.5964062,-14.52833271,51.69017898,-43.54595518,-46.2540035,40.3932933,631.2852457,-14.82312309,-36.23106366,-23.89177566,-23.41951397,-7.18952732,-28.80791212,-29.81678723,2557.285096,-33.56993184,-46.063717,1024.678585,19.62425852,32.60181725,-40.37993525,9.38318537,-0.02305704786,-25.20190467,-40.76012143,606.8499954,23.29046203,-13.15636087,-35.94827729,-37.43402334,2.284956566,33.58423129,19.95880591,248.199256,-2.2773257,56.88140186,29.24236156,-16.56267834,114.1469504,-20.66066897,21.47149574,-32.15919767,24.92393183,-19.46351143,18.17287171,11.8525085,-39.84202116,-37.29482511,-0.16390497,-2.255912796,461.9803677,-37.26647861,13.33306486,-42.49528599,-32.97240719,601.1728376,18.77478751,8.049240358,529.6466897,-9.510823233,8.94419237,10.25402458,-22.11830939,-22.71182175,38.32898996,-13.40747431,-8.855993284,1.89952458,25.37769056,24.16171091,41.25526429,1527.991173,-40.38138624,13.23479289,22.17784793,6.376317975,9.506302772,-20.47561076,3194.793127,3.066182459,-2.438303066,-10.48107817,129.46684,-45.46133547,170.1032365,-5.13131129,29.38838558,6.168510133,41.94615959,-3.936768225,22.10833847,-12.04651547,6.430977628,1196.330761,1799.024172,83.32965105,27.56286138,-42.61201099,-45.90559168,-40.37030732,-39.51755918,-39.12537718,-40.63708774,-24.1994407,-42.37917241,-35.66672049,-33.21283998,-40.93199307,-18.65600834,-33.44505001,-34.88942985,-47.0469181,-40.42794186,-37.45595154,-21.69391923,-39.25728788,-40.21976369,-45.54192481,-31.12573522,-42.25067429,-38.46497182,-36.13403804,-19.83045889,-34.67756888,-14.1634066,-37.41405513,-31.36902381,-26.8303896,-43.90387491,-45.76023447,-46.73309343,-44.26422481,-42.56051131,-26.10670946,-37.01287401,-20.95220557,-30.07235328,-32.91440789,-44.70823493,-41.65572319,-31.79228815,-39.86605061,-43.60171319,-20.83949087,-42.51061721,-43.8035159,-43.86485432,-23.0504615,-44.99558541,-21.57256258,-28.89950057,-44.55127879,-39.1445883,-42.96259944,-39.76370275,-42.06145308,-43.01567586,-45.14771911,-20.8512977,-39.93014771,-41.62104085,-28.62234143,-40.00860707,-46.02559026,-29.44839011,-42.09301356,-42.00289881,-44.04125061,-46.3681873,-36.41397526,-45.65868654,-24.9875755,-39.72999461,-36.31975389,-23.40204989,-40.59949087,-43.82536921,-44.33542211,-25.50586242,-40.07642502,-17.79351271,-41.66436917,-45.44552242,-45.48284565,-43.9270504,-41.8962147,-48.68268738,-24.98018389,-45.14903359,-44.51178461,-46.51312224,-38.60571018,-35.25256323,-44.6407799,-38.88342075,-39.10454694,-46.34862449)
mX=[200,3](0.4249919516,0.2310919273,0.7169410329,0.4844266279,0.4711749514,0.4257572772,0.04470342284,0.2589937823,0.08942324063,0.9359688291,0.4448015082,0.06746221384,0.3311213883,0.7375422036,0.127570569,0.2700035128,0.8343917101,0.972374909,0.7537212386,0.5057381294,0.4880548974,0.2219812843,0.3907951188,0.5127913671,0.2401720936,0.7812249063,0.9345219734,0.3900512646,0.06675960377,0.2468779928,0.6782821532,0.7123776487,0.5904676242,0.7138267724,0.5634633809,0.5471074573,0.4560091337,0.7495452966,0.2972696834,0.7095538651,0.700022406,0.4718760655,0.1731285424,0.632563525,0.6975776196,0.1684860669,0.1657436898,0.5589004455,0.1842300839,0.5414477523,0.5840019241,0.5975623793,0.05772326726,0.07877806,0.3638936189,0.3503924416,0.3374863136,0.6526612929,0.5187934179,0.3629758699,0.9712389996,0.09625221496,0.2047390969,0.3519143675,0.3866630404,0.9295721361,0.4458682034,0.4556459099,0.9866001323,0.7470612319,0.5906508475,0.4351740616,0.9949138938,0.3471471759,0.8760010745,0.1513881135,0.6490749294,0.03994565561,0.3166278631,0.7265949662,0.3292185186,0.6314506897,0.461287121,0.5604824604,0.8429712743,0.3328875156,0.09806155912,0.02918373057,0.860058279,0.7449307384,0.7239431179,0.3227011974,0.7535478296,0.281580482,0.2211070307,0.574745427,0.415223768,0.6128338517,0.4132872611,0.6232001123,0.4254761601,0.1640790992,0.7800075294,0.4986904236,0.9926089464,0.3081662734,0.8927629372,0.663656761,0.004781693928,0.2475922473,0.1947669725,0.9470294419,0.1398791121,0.7977439286,0.2971801353,0.9679064531,0.9132930876,0.09128033864,0.9805561705,0.3528667394,0.5236310944,0.6758616451,0.6161644112,0.9014657852,0.01160188744,0.4403056014,0.1292019606,0.6911350919,0.1453053122,0.01763612366,0.9372264667,0.5295296412,0.258644199,0.2880360049,0.3834634444,0.5773964318,0.3752606674,0.95921664,0.5861248932,0.271097517,0.7210221801,0.03467937567,0.9292981171,0.4605808467,0.08777938098,0.9083067309,0.263397205,0.8960206512,0.4345249099,0.5094338997,0.3729243274,0.2180273047,0.493005006,0.5612248827,0.02453501921,0.8140575826,0.642320437,0.8093783144,0.537551167,0.9248403854,0.1873328095,0.2342236802,0.3851219589,0.6257806164,0.3775849671,0.07820584804,0.916167142,0.3917976983,0.6049157678,0.5780703975,0.2747015877,0.6624330935,0.4817769669,0.1799331501,0.9566916713,0.1242500668,0.2540565494,0.05859694707,0.8822539854,0.6544592265,0.8384137259,0.5825177685,0.8490150286,0.1952580317,0.4164880111,0.0540126285,0.5354628464,0.1977048362,0.7726869435,0.6850838629,0.6882386144,0.8024561485,0.4794866573,0.07922058827,0.8828325149,0.4360792534,0.7688935339,0.2243084386,0.4916939065,0.557201166,0.04598328368,0.2620016721,0.8255272184,0.8922308299,0.760619016,0.1527578106,0.6317591161,0.5011716794,0.001334391395,0.6859074449,0.6165003925,0.1137288443,0.8332887365,0.4097282619,0.3653938675,0.9611417194,0.5597434616,0.9765341636,0.3025566302,0.1117967526,0.7507729001,0.9449051981,0.1414674739,0.6685177541,0.003667498452,0.7995994226,0.6073188884,0.2157797899,0.463969639,0.1447116668,0.9023957377,0.8584354087,0.9460925063,0.1554734763,0.2102283809,0.8151980551,0.6419611256,0.8171435975,0.3128724345,0.3486555019,0.8748198094,0.6565451233,0.6047023183,0.7770454737,0.08153174344,0.01758407117,0.8884509977,0.8705671969,0.1333506231,0.3413612982,0.3057170613,0.8272851936,0.3267205804,0.04989878485,0.6712304968,0.8680304058,0.2036165902,0.3183101065,0.2091537966,0.4016090156,0.453586971,0.9118747735,0.03385086908,0.4060098967,0.10642562,0.5334258976,0.7661995396,0.9623877388,0.8464435747,0.8555497464,0.737025528,0.7920200839,0.7013397,0.5430458351,0.9972792374,0.7333654454,0.5144874197,0.5234086735,0.7860799877,0.9807361955,0.7738167724,0.8614001828,0.8277928213,0.1713183658,0.6235077489,0.6962632406,0.8585927441,0.1016418796,0.138672888,0.2958449569,0.0277890822,0.06335801914,0.1041970248,0.1181730589,0.8027230581,0.2609421048,0.2809526622,0.2355420523,0.9549255058,0.1837883465,0.2304057671,0.536361922,0.2854041261,0.9999814818,0.5704078336,0.2713196657,0.002542158016,0.5183853714,0.3025441872,0.9999672474,0.6065827178,0.2571310593,0.9999778847,0.4814437859,0.3304780223,9.709144994e-05,0.4759501891,0.3422910483,0.9999692379,0.3607192114,0.4450434156,9.693686134e-05,0.4424718439,0.3686008568,9.697466805e-05,0.3608658758,0.6094688888,0.9999756996,0.6559589984,0.2484040488,0.9999787547,0.512771822,0.293407712,0.9999780657,0.3171773824,0.5295529022,0.9999781051,0.6976457977,0.2513039024,0.9999779847,0.4539148851,0.3597985897,9.690768817e-05,0.3774831979,0.436541777,9.818739612e-05,0.5816461024,0.2606247831,9.560312966e-05,0.5978222174,0.247626294,0.9999780031,0.4090318219,0.6463939001,0.9999665025,0.6123834877,0.2289770526,9.517166074e-05,0.4820371116,0.3115625296,9.689196908e-05,0.3289929481,0.4790413808,0.9999779806,0.4256803147,0.3902768498,9.68990413e-05,0.428072477,0.3974618425,9.678297684e-05,0.337463826,0.58821396,9.68602097e-05,0.5389933505,0.4776398169,0.9999777921,0.7707534301,0.2692098511,0.06759495969,0.5408493045,0.2718367316,0.9999780014,0.314655498,0.4829657098,0.9999803265,0.519072021,0.2787971482,9.848864033e-05,0.6665434718,0.2757151503,9.689722459e-05,0.4338952618,0.6556766267,9.697939441e-05,0.4183475465,0.3882636955,0.8762867326,0.5191886482,0.2777017814,9.713709201e-05,0.327570515,0.4970578384,9.672796996e-05,0.4764134196,0.4980207374,0.3978797601,0.4778614376,0.3103965686,8.91576853e-05,0.6738162544,0.4631552456,0.9999781131,0.6251606881,0.3369537357,0.9999780128,0.3218322279,0.6048200712,0.9999688556,0.4371779875,0.4048627158,7.558924682e-05,0.6318325375,0.2644913494,9.771496065e-05,0.3575502183,0.4387270372,9.690915808e-05,0.5247288605,0.3846410933,9.685645482e-05,0.2683445041,0.6466475314,9.679464136e-05,0.4379887328,0.5443829241,0.999974676,0.5760656835,0.2393667465,0.9999780765,0.7591022663,0.2471116701,0.4503104928,0.5366401333,0.2589230053,0.3610126088,0.4608720524,0.3256951122,9.698268012e-05,0.3011278802,0.5203141486,0.9999780463,0.4986786643,0.6559441847,0,0.465006981,0.4488817783,0.9999780199,0.748651741,0.3846705438,9.702726679e-05,0.593818568,0.5314184104,9.6940158e-05,0.3869174507,0.4041609973,9.706702715e-05,0.6041748208,0.3371545247,0.6295235549,0.5709908541,0.2445624801,0.9999780778,0.4978438614,0.450463119,9.69217459e-05,0.3882626589,0.5449499274,0.5736942931,0.4801618978,0.3139265252,0.6537709373,0.3716282416,0.4386567981,9.690467944e-05,0.3794393181,0.7081378828,1,0.5639466192,0.3335233581,0.2557422205,0.4415367832,0.3541318059,0.999977988,0.4048143036,0.5498989959,9.698048091e-05,0.2908620774,0.5558208143,9.690346943e-05,0.4617339397,0.4669938526,9.684794157e-05,0.5078294306,0.6042450624,9.714331851e-05,0.5363581593,0.4013347318,0.0001051378106,0.3261611991,0.4570844692,0.5966675251,0.5990298084,0.2340995378,0.5721712009,0.4228691195,0.3889122012,0.9999779853,0.5690333678,0.491036874,9.727692662e-05,0.425165716,0.4999399182,8.994212687e-05,0.2067192277,0.6816958709,0.3886808302,0.566698734,0.2454382201,0.999975985,0.6597083534,0.2315005635,9.864123114e-05,0.7241986806,0.2619864271,0.4916994284,0.5157351391,0.2775180176,0.6326208048,0.4009737768,0.4421112247,0.6381931084,0.5587654161,0.3348374385,9.697311596e-05,0.7152838914,0.4062139398,9.704356771e-05,0.4455346791,0.3493172667,0.9999785454,0.2952119417,0.6057795914,9.639669495e-05,0.5213275532,0.4529645977,9.726720002e-05,0.3035676221,0.4865184844,0.6586360434,0.57553344,0.2414500636,0.5865684667,0.5126925848,0.2831231753,9.723084301e-05,0.4048734465,0.5497530582,0.5638497551,0.4167460118,0.462486526,9.700044113e-05,0.646928204,0.5232648248,0.8445782838,0.5220784895,0.3919488369,9.711209852e-05,0.3937502874,0.4065709706,0.593591623,0.4113796702,0.4947515556,9.686487606e-05,0.2914042123,0.5915863369,9.523025344e-05,0.6392242278,0.2500964067,0.6310536593,0.4507375755,0.3510023558,9.758262638e-05,0.572432947,0.3440741115,9.696800721e-05,0.4864416763,0.5348219362,0.380565203,0.4742805876,0.4219602141)
