mCurrentIter=100
mCounterStuck=0
mYPrev=-49.37485501
mParameters.n_iterations=100
mParameters.n_inner_iterations=1000
mParameters.n_init_samples=100
mParameters.n_iter_relearn=1
mParameters.init_method=1
mParameters.surr_name=sGaussianProcessML
mParameters.sigma_s=1
mParameters.noise=1
mParameters.alpha=1
mParameters.beta=1
mParameters.sc_type=SC_MTL
mParameters.l_type=L_EMPIRICAL
mParameters.l_all=0
mParameters.epsilon=0
mParameters.force_jump=20
mParameters.kernel.name=kMaternARD5
mParameters.kernel.hp_mean=[1](1)
mParameters.kernel.hp_std=[1](10)
mParameters.mean.name=mConst
mParameters.mean.coef_mean=[1](1)
mParameters.mean.coef_std=[1](1000)
mParameters.crit_name=cEI
mParameters.crit_params=[0]()
mY=[200](-49.69637101,1071.406566,-44.1815742,2822.334042,9.003448943,2002.35699,17.51860314,1224.240225,-19.50450729,-25.74308408,-11.33234757,0.5422689627,-44.39361833,-37.52839168,1803.543437,-13.90466399,1218.010962,4.829390806,35.18158559,4.772689781,-32.86584058,207.7392811,1541.68686,31.85875441,608.7360149,-27.04306673,290.9481389,33.71023199,20.46271779,-7.760951526,-10.09030333,-48.30919916,158.2310788,-12.67658648,-29.92264206,30.148918,-3.349630018,-14.00623411,188.2955229,-11.16515422,-9.323035097,-4.748727725,4.169365052,-55.59679998,19.0298523,5.463818888,22.30238846,-28.14935979,-51.23025642,173.6978053,23.12700096,-10.7641157,13.5488757,-57.3649725,6.603563591,52.44923196,-5.354290084,30.31031699,15.3006695,-8.922014807,3.945117782,-43.67738198,-50.39618736,-24.35272649,-7.031035653,64.9133366,-8.944213463,-36.9941185,-29.18317924,1246.634735,13.52620514,-1.981414139,16.62554879,257.4445024,-33.48699511,-24.8021573,-39.20452387,1877.529819,109.4860865,96.26817799,-26.79126151,6.167838906,-25.43334733,158.9068371,178.2045338,-26.03971717,-8.440223698,-8.687787648,1971.218515,-31.01984207,62.38144633,-49.21314062,2950.994921,-14.66173447,-42.33786818,10.85507075,16.74754138,-37.96270165,-21.29045555,-29.29624456,-52.69237758,-49.03137062,-58.52242156,-52.00293109,-52.36444444,-54.40221186,-48.64867858,-53.48577099,-39.41605194,-51.57030589,-51.32955063,-51.31009216,-50.40241818,-32.59901526,-48.56894919,-50.16878028,-47.11561097,-52.8729503,-50.90685555,-54.02263066,-45.9262907,-55.03735776,-51.95327529,-52.92510036,-43.35656982,-56.40918851,-54.78752393,-57.01317245,-47.00350213,-42.39534546,-36.85824107,-30.92322806,-46.74664102,-51.18670576,-39.94864611,-46.73797111,-49.45063286,-46.86015408,-52.03198489,-53.71805491,-33.46868075,-40.87169892,-37.95161665,-54.47116461,-39.31818184,-47.93548446,-51.54549923,-51.49139017,-44.71444796,-42.48281922,-49.97895661,-55.14126113,-52.36474229,-35.64264138,-34.28670989,-42.27276632,-13.75797975,-49.75956481,-47.23037897,-35.57134651,-52.96898908,-48.92556725,-51.18853562,-49.37464491,-49.69876816,-45.998734,-36.42086798,-46.18384776,-51.90145338,-38.3639016,-52.41760647,-35.7565972,-47.36238091,-32.5761406,-54.30061349,-17.7762859,-46.08225956,-34.0951123,-51.44795739,-44.05534522,-50.79329132,-49.57545153,-44.84776188,-46.34166959,-52.15494796,-52.318803,-47.94684244,-42.95005594,-52.27024341,-52.90388978,-45.03758155,-47.25277313,-24.38097156,-52.86100364,-44.80603573,-26.96583794,-51.14001792,-50.51517055,-51.39499786,-49.37485501)
mX=[200,3](0.543741848,0.3958984272,0.5523401608,0.0595395809,0.02524468068,0.2227206347,0.5199844013,0.5864750757,0.5252136983,0.5516413567,0.1241006736,0.05172270297,0.1389527853,0.1901467398,0.9499659721,0.2004534764,0.008106746676,0.1715105543,0.02960177859,0.9801930784,0.3173311933,0.2652104202,0.08208156141,0.1871900373,0.9363084132,0.3021845983,0.6462525789,0.5255256382,0.3321603605,0.743947192,0.8592581924,0.5370580586,0.8016622007,0.9599284184,0.8361145878,0.720649103,0.9737571864,0.6952672681,0.2615906916,0.4187495798,0.403345002,0.2969184216,0.3017990549,0.0386419619,0.166246569,0.7589865027,0.2891496184,0.4363067111,0.03357519498,0.290418264,0.07321571074,0.9460760382,0.1691432423,0.9029968683,0.3248577093,0.7701545867,0.9846700716,0.2306062239,0.9562669685,0.274255524,0.1689293951,0.6427028106,0.5855500169,0.7794494782,0.3780737184,0.1304180721,0.6329510004,0.2013237696,0.1058892287,0.1463232252,0.3866863474,0.2035346428,0.5810904248,0.3415445365,0.08562175802,0.5378209894,0.7870526137,0.2321237859,0.6035632837,0.09699782977,0.3316942126,0.6587284066,0.8790538263,0.9337459369,0.4771964992,0.3555798159,0.9949696264,0.9208905982,0.8670129231,0.4840503629,0.1031233102,0.8521816149,0.4527256593,0.6911318239,0.6329495331,0.09924959785,0.4431773269,0.01159242415,0.4436433078,0.4284514752,0.8473592898,0.4003358915,0.6776481776,0.4609982537,0.7033051899,0.7132192094,0.8122612831,0.9563173819,0.4869652483,0.4888136614,0.862499523,0.1854230816,0.235241972,0.3767534068,0.04991338986,0.564833689,0.01866441876,0.2277017318,0.4500899318,0.8256150181,0.213895723,0.7475123607,0.6950213078,0.09749874723,0.433738067,0.8581770792,0.2428461743,0.2152350333,0.9205659038,0.293912714,0.5572285941,0.1984367374,0.380070488,0.7935250595,0.8778447759,0.8275030248,0.925723031,0.5425595104,0.9041082526,0.6826325923,0.9642172014,0.3341221661,0.6605941575,0.6219021081,0.6297421327,0.4492621841,0.5307536563,0.002404468411,0.2732349473,0.2140517171,0.1589785124,0.9166420362,0.7889052693,0.4929470911,0.8074729257,0.5965257444,0.06527022189,0.9658073367,0.4747020014,0.3684842582,0.5124913798,0.3474094028,0.7999176569,0.6572897032,0.8849150031,0.2815365,0.9719646972,0.9747182626,0.6830315984,0.7059432865,0.7756919013,0.4305523137,0.9390731038,0.8403520291,0.076797611,0.07729692311,0.4625209269,0.8733850966,0.885180615,0.3971703748,0.8437801427,0.04816185896,0.6177855285,0.2720216573,0.6716382881,0.1111470088,0.780372065,0.6055060102,0.3234147939,0.3179297628,0.1170161418,0.651649483,0.8051310861,0.4977687987,0.8389360967,0.4648171377,0.05811684506,0.4902178932,0.4529862588,0.2475897278,0.3807803952,0.5031741531,0.7203397981,0.1234084888,0.8842382244,0.7669692488,0.1412207254,0.1715592349,0.3181748629,0.04054666936,0.9192884687,0.9929713533,0.3698278017,0.1963311312,0.1425998157,0.8900195749,0.6616406383,0.8937124702,0.7955426341,0.4020929835,0.5048942027,0.02896553242,0.1202497579,0.7388539832,0.3079254275,0.5690215428,0.3637949232,0.7515126157,0.573102901,0.617279087,0.5605806197,0.9993650108,0.1027934725,0.155050911,0.6185687792,0.2656614222,0.2583386455,0.7697817328,0.6220042459,0.03075310373,0.3524629993,0.2206144691,0.7358848621,0.9804683019,0.4231882737,0.9126231421,0.7345005176,0.2558142005,0.5767052336,0.9609494473,0.1336190613,0.4131941586,0.3719940105,0.156264456,0.2864433548,0.3982720321,0.1813170119,0.7145904766,0.6482683266,0.8245617664,0.637392593,0.08230202877,0.5239359659,0.8156743998,0.1124460041,0.4788964918,0.002699083795,0.8655975197,0.5725657242,0.6662328019,0.8108796129,0.3206164298,0.2431893892,0.7009483655,0.542513777,0.5129305055,0.8396414728,0.06068789462,0.06595424358,0.3431086769,0.7188745294,0.6871708837,0.0164482128,0.5996272708,0.5086368517,0.747654509,0.9470862166,0.6072406922,0.7228233107,0.9081911365,0.7612406982,0.8968391338,0.419089571,0.3575803656,0.5985807785,0.1742127663,0.6778760269,0.2588337707,0.7584155974,0.4283483188,0.1467727177,0.5226004873,0.2979526278,9.703141289e-05,0.4571417565,0.3483631706,0.6933843232,0.5531529235,0.2755757646,0.6288456211,0.5877008513,0.2562702303,9.690409859e-05,0.41534085,0.3888221999,0.6980406408,0.55747875,0.2727152095,9.709238561e-05,0.4254054961,0.3735064271,0.4465967383,0.6089454275,0.2445122548,0.9999844687,0.4862601651,0.3310372385,9.695332945e-05,0.3591968347,0.459838591,8.749950169e-05,0.5212376385,0.296747922,0.9808634838,0.636426719,0.2264412664,9.709178299e-05,0.4415657654,0.3457669245,0.9999694204,0.441564037,0.3996223448,0.0001059319954,0.316937757,0.5216836411,0.0001040492379,0.6553013269,0.2390156175,0.8493035632,0.6670973118,0.2199593935,9.39502008e-05,0.5049921342,0.3024793767,9.698759039e-05,0.3796007807,0.4152808234,0.9429778421,0.5399499539,0.2802434649,9.66335793e-05,0.3858765003,0.6131730842,0.3872256229,0.4742590499,0.3145758263,0.4847517629,0.6196249046,0.2225827242,0.9724675276,0.6250415967,0.2094478744,0.9999779935,0.6115576531,0.4161036458,0.3923218126,0.5175055458,0.2785512998,9.88287277e-05,0.5509308864,0.4248337162,9.683365883e-05,0.3768024047,0.471423798,9.710115595e-05,0.4253023361,0.3424565808,9.688448741e-05,0.4324263482,0.6238585689,0.9999780975,0.6937186617,0.1972942419,0.9999780148,0.4147062039,0.4672072489,0.0001055459789,0.6539927624,0.2348876844,0.0001041311856,0.5469649258,0.2752901891,1,0.525753885,0.2754159832,9.702603937e-05,0.3933601138,0.3775555972,9.789778844e-05,0.28350686,0.5538980761,9.715489385e-05,0.6360406751,0.3821934079,0.6144166706,0.4621446814,0.3212109559,9.686201631e-05,0.4512709987,0.482560249,0.9999779995,0.4437322052,0.6011113486,9.098003716e-05,0.7033736129,0.2147449018,0.9999554123,0.6687239372,0.4694154245,0.3696882405,0.5542277908,0.2639851813,1,0.6941749378,0.3353426822,9.680082531e-05,0.4602886974,0.5593812817,9.75685676e-05,0.3129624805,0.488081527,0.5672879946,0.4216100489,0.3643103552,9.709052754e-05,0.3059888595,0.6244288285,9.714077058e-05,0.443922411,0.3144502049,0.9418157479,0.592146712,0.2326961618,9.060327963e-05,0.5212621586,0.4468849283,9.68588659e-05,0.3562686363,0.40581028,0.9999780906,0.7074293822,0.1961427782,9.700734389e-05,0.5005124658,0.6666262186,9.033736107e-05,0.6453863189,0.3289642956,0.9999779419,0.3358117642,0.5197931617,0.6905280786,0.4739892065,0.3001586317,9.703247435e-05,0.3843263055,0.3646566733,9.697016857e-05,0.6848650983,0.4857931631,9.69279986e-05,0.4712085483,0.4949536361,0.9530436509,0.5234960925,0.4194190965,0.4152450668,0.5468040237,0.2588514049,9.686397974e-05,0.2526128631,0.566666031,0.9450597235,0.6032939503,0.2311758525,0.7176052393,0.4189497383,0.3359721224,9.016960231e-05,0.7199631167,0.211612437,9.701310198e-05,0.4984297443,0.575098023,9.770728746e-05,0.5784861309,0.3914605185,7.820349988e-05,0.3360372221,0.6770660248,0.0001096502772,0.3246904135,0.449707035,0.9999780499,0.7319219699,0.31701122,9.543109143e-05,0.4638759649,0.3024837925,1,0.6981497675,0.5123476049,9.72362117e-05,0.4693173521,0.4547221532,9.706820506e-05,0.285146774,0.8015878628,9.699094236e-05,0.3646135105,0.3821288579,0.999978116,0.524717412,0.5935297205,9.664459175e-05,0.3759821484,0.5439787263,0.9179087305,0.4871470325,0.2950345968,7.812058651e-05,0.6171258218,0.2761722978,0.8708785141,0.4993147891,0.4583530605,9.697767212e-05,0.6469041033,0.4277205481,8.973209417e-05,0.2623441825,0.5219185002,0.8828938684,0.5910097404,0.3562031672,9.765220445e-05,0.4680360262,0.5117559948,0.692796788,0.3847928668,0.4050451087,0.9999780757,0.6694925353,0.19909211,0.4024648435,0.5581475069,0.254951928,9.706790408e-05,0.5109976868,0.3928448925,9.949930344e-05,0.2883581906,0.623078358,9.72993242e-05,0.4558866753,0.3096666344,0.99997807,0.3764998547,0.6495980516,9.781555354e-05,0.3453250272,0.4517356918,9.69187786e-05,0.6741707977,0.303499148,0.0001014860684,0.544759941,0.6924055834,0.9583100765,0.568589089,0.2503753178,9.68249978e-05,0.4039730632,0.5457792183,0.5560493069,0.4323719346,0.328842322,9.696684601e-05,0.5568182788,0.4852709031)
