mCurrentIter=100
mCounterStuck=0
mYPrev=-62.97363081
mParameters.n_iterations=100
mParameters.n_inner_iterations=1000
mParameters.n_init_samples=100
mParameters.n_iter_relearn=1
mParameters.init_method=1
mParameters.surr_name=sGaussianProcessML
mParameters.sigma_s=1
mParameters.noise=1
mParameters.alpha=1
mParameters.beta=1
mParameters.sc_type=SC_MTL
mParameters.l_type=L_EMPIRICAL
mParameters.l_all=0
mParameters.epsilon=0
mParameters.force_jump=20
mParameters.kernel.name=kMaternARD5
mParameters.kernel.hp_mean=[1](1)
mParameters.kernel.hp_std=[1](10)
mParameters.mean.name=mConst
mParameters.mean.coef_mean=[1](1)
mParameters.mean.coef_std=[1](1000)
mParameters.crit_name=cEI
mParameters.crit_params=[0]()
mY=[200](-34.53318454,-47.87707694,18.76140758,-23.95416704,5.001923231,22.20108442,5.817125577,802.4482035,11.16673128,-8.03414844,-32.34641126,-39.87460337,1659.348318,-56.77185173,115.7496541,-23.57459211,-5.15663645,-33.72009643,24.22745006,-40.41952558,21.551491,8.732933932,-19.88299103,-46.92143735,-29.10501604,-36.63368491,-11.75543061,-43.91788793,-34.68268774,0.4465712997,-7.291882534,-10.62185921,-6.702683528,95.06669253,-29.91156539,-12.2903802,408.0751973,268.8724842,-23.38977167,15.10255455,22.63005109,3.787601011,-4.973739841,-36.75289392,271.2500752,8.695236677,23.93010854,20.40714607,-0.1936228729,1.70463465,1981.649405,12.96676806,-43.83744408,35.05629135,19.10614329,-37.09200813,-11.89276936,-48.41700827,-43.17657766,269.0944563,-60.2748211,48.78361486,-2.46805117,-12.04480836,10.79686309,-33.36413906,-57.04813061,21.85891224,-46.88567398,-24.85767929,-21.9512773,15.17084166,-0.5787239644,-55.29600911,103.8965504,-54.93379786,79.48308915,-25.48236396,0.5527007293,1470.668262,932.1461921,-32.25419133,111.4338151,-29.74648232,-1.556679752,-59.77060966,-11.69144155,-65.53637878,-9.813535387,2691.415613,11.91596955,1.051293184,-19.21737288,-3.211821646,-49.83709087,-14.86528378,4.448765623,93.99301436,-3.401584665,-7.696106965,-64.43883928,-60.12593211,-69.67705375,-68.70301044,-66.90278014,-66.80824834,-59.615134,-68.82930158,-62.8830229,-53.91262223,-65.54994777,-69.66439785,-61.60784595,-46.48418441,-63.43940761,-66.58406043,-67.43362129,-59.99299198,-61.49024919,-57.81398981,-69.31010996,-41.67537467,-62.98641431,-69.27144952,-19.01431789,-64.72621504,-57.42706025,-64.23937609,-62.71247773,-63.67419373,-60.32754901,-54.59594089,-65.8726265,-66.30552407,-59.37211497,-55.60096746,-56.97088526,-64.51379343,-63.01107329,-65.17899654,-65.52219103,-59.20253818,-63.89654918,-63.38459216,-56.58156143,-56.37613155,-63.61170969,-65.14602325,-57.20191523,-66.45649637,-65.94709498,-55.06579321,-45.53932266,-60.29416666,-58.31364444,-55.4354722,-66.37000097,-53.90973077,-66.88267208,-62.59796129,-66.45822129,-66.94852925,-66.34639995,-62.71377345,-48.68136476,-59.64188009,-58.34341647,-54.94577602,-69.34284283,-52.46149143,-55.04657403,-64.51286767,-66.23433259,-62.15597111,-51.97276753,-67.41765025,-66.42353703,-67.3668696,-43.45015191,-66.73725205,-59.75353429,-64.0482795,-61.47014899,-56.84512393,-68.37260811,-49.09214778,-52.79562626,-61.75171242,-61.40122879,-64.31999016,-65.41873081,-48.70751244,-61.65762644,-64.99777973,-65.58569884,-53.19291287,-55.30933444,-62.0435211,-67.77784241,-62.97363081)
mX=[200,3](0.1698777728,0.7465788937,0.3696643651,0.4885082836,0.6408528619,0.1625483627,0.2653332396,0.3170977849,0.2215408967,0.8451300394,0.2266697975,0.5308248464,0.6868517408,0.3754164275,0.1950972975,0.54276835,0.419123042,0.99148156,0.7677917342,0.2105079811,0.9117523485,0.9870216656,0.02395363278,0.2668320076,0.09916903409,0.3014861984,0.9464890359,0.0313708195,0.8437113105,0.5151251236,0.04451377884,0.1774851598,0.377388299,0.02140186937,0.09709868125,0.6007484377,0.7472808152,0.05153488808,0.159043316,0.9251971482,0.4598157838,0.4265907338,0.0007707384508,0.06847596734,0.3564995614,0.290583623,0.701123745,0.6193203291,0.2899462912,0.08964234818,0.8560585554,0.1879934496,0.1348770867,0.7038968351,0.0628200462,0.7347661132,0.9200097493,0.2226035386,0.7232257651,0.2806592559,0.1774533659,0.898399172,0.7787302555,0.8144782488,0.9389729819,0.5237746811,0.9014390556,0.2077918396,0.7231112539,0.4143106659,0.3452122349,0.6476310039,0.3597583288,0.1818930008,0.38290952,0.5806176175,0.2304713806,0.6770237369,0.2461388571,0.4277309017,0.8260978691,0.4666151013,0.4613285173,0.1741545337,0.7175319235,0.7549403737,0.3001324246,0.6357113502,0.2754541382,0.8896088136,0.4421702124,0.6879637795,0.7674048512,0.1923709108,0.3355065198,0.2328054278,0.2187710571,0.8575594867,0.4642888577,0.737227782,0.3655557157,0.1490695089,0.4271514551,0.3873007091,0.7411761226,0.6988049949,0.2931752517,0.2907054887,0.4580706512,0.249106032,0.1348266412,0.5900727453,0.1986464519,0.2135112084,0.3356334997,0.7946782964,0.339691972,0.3438625475,0.9284627662,0.6559164854,0.971303719,0.9874815436,0.4145724282,0.7919015087,0.481591412,0.0528336175,0.8872605897,0.1122101548,0.8414055024,0.1419378332,0.7110615542,0.4416574853,0.52642595,0.1284544522,0.2524472036,0.479660686,0.1664654354,0.9314675688,0.05648962842,0.5887002606,0.9614508844,0.9422976252,0.3924497987,0.9805417741,0.6100914544,0.8291562311,0.0803468368,0.2379934324,0.3206899407,0.9049127896,0.2070814948,0.07229091069,0.110595486,0.3749372758,0.2525066177,0.9585724638,0.254692558,0.5655426706,0.59184864,0.390744983,0.5907106431,0.02643073486,0.6629159175,0.9025947107,0.06522508275,0.4097267014,0.441752513,0.6887678829,0.1203793306,0.8316743258,0.2419413631,0.4352954695,0.6268234768,0.4781681239,0.3691426313,0.5098764987,0.6293999724,0.07346594265,0.03801594887,0.3161802806,0.1399867514,0.5598710748,0.3922335156,0.868401078,0.9688219869,0.9766932976,0.6535288034,0.6154084391,0.8380280823,0.7033794536,0.5734372244,0.8010019871,0.0881354947,0.6088617009,0.8938550628,0.727022792,0.6797630827,0.5801086786,0.7562196048,0.6505418673,0.1829460471,0.4970225103,0.958059107,0.6941975239,0.6209377873,0.6609590441,0.4398016152,0.8563174971,0.8086765951,0.2707445305,0.2753664776,0.2677827972,0.7944878286,0.8799477523,0.9729736935,0.3460755811,0.1066136907,0.4080634437,0.8797213817,0.9100671863,0.5101214957,0.494338147,0.9356658084,0.04009543354,0.4502349257,0.01545926735,0.5434338242,0.4880958556,0.5624222061,0.9980408286,0.04643495878,0.313280891,0.6320459237,0.6684220763,0.5321656065,0.9106016457,0.4064228966,0.5195737512,0.1056395914,0.1228172811,0.9607288586,0.4367462481,0.009995080729,0.8336177402,0.6933240988,0.5492451272,0.8904849149,0.770140049,0.01960565601,0.7816119288,0.7662862151,0.1081505834,0.3838992956,0.8614055543,0.09485909518,0.3026054428,0.4926824228,0.5016640091,0.9582804286,0.1470134329,0.7895572646,0.8214846969,0.4794875893,0.3210390588,0.1565151639,0.5206211778,0.812420967,0.9969235113,0.01909003139,0.07324908769,0.3280720584,0.9440771229,0.5739585561,0.6020836745,0.8822103102,0.5690671025,0.8024093887,0.1563894998,0.7195835511,0.6723110891,0.2813523742,0.8691732949,0.7774537166,0.3574521284,0.5502995464,0.6404556112,0.007471576734,0.7375925941,0.1157255239,0.7803836474,0.7580582356,0.5021106357,0.5332374906,0.03256812609,0.5573400808,0.8716781742,0.2076326436,0.5717628556,0.8186579105,0.638133992,8.930137223e-05,0.430317109,0.3233325995,0.07081571889,0.4837350143,0.2856684742,9.701493598e-05,0.3578447656,0.38613532,0.2827823692,0.5062137438,0.2727893735,0.03385611935,0.3585420758,0.3847056128,0.5125017494,0.4231214242,0.3265729856,9.703915938e-05,0.5359761495,0.2541534748,9.176456759e-05,0.3197637055,0.4340687181,0.6190928767,0.3987356117,0.3474462248,0.9999779704,0.5335449052,0.2730389143,9.691307475e-05,0.4047183593,0.3347317727,9.691588528e-05,0.3050355728,0.4551218875,9.718989837e-05,0.5491615855,0.2436331364,0.84558447,0.3541880035,0.3958942908,9.740203695e-05,0.4380279064,0.3042833771,9.688556917e-05,0.2927592192,0.4792300789,9.785512044e-05,0.3696883652,0.3629623375,0.9999844094,0.5311392535,0.273269244,9.548742047e-05,0.5829127232,0.2293032396,9.701721815e-05,0.4464679396,0.2946636054,0.0001048830569,0.3223031587,0.409934154,0.9999830541,0.4354366848,0.3236570672,9.666272664e-05,0.3411503537,0.5284365144,9.689437896e-05,0.413565293,0.4279267656,0.9973969487,0.3297035832,0.4347540025,9.692059168e-05,0.4794133791,0.2712252747,0.9999779786,0.600391943,0.2510957858,9.699661978e-05,0.3777693595,0.3444692897,9.003090789e-05,0.5578009165,0.3384588252,9.68277125e-05,0.2431842932,0.5175399981,9.696600928e-05,0.4026545838,0.5378770574,8.984334137e-05,0.6121326455,0.2124791789,0.0001093661778,0.3094045974,0.405200377,9.698642613e-05,0.4657375364,0.396363395,9.70353855e-05,0.4582910339,0.2788565485,0.9999780228,0.588092709,0.340655086,9.68960898e-05,0.2783491497,0.5858606876,9.694896311e-05,0.2677980129,0.4511392303,9.691254926e-05,0.3771125179,0.3449812271,9.678873674e-05,0.4110796694,0.4694370015,0.6741079536,0.4806088518,0.2702823813,9.686329611e-05,0.6101238514,0.2228124063,9.688655414e-05,0.3369800669,0.3788828938,9.681600973e-05,0.5035050705,0.3723282465,0.5842530195,0.4680827096,0.2760022929,9.691241947e-05,0.4142492253,0.5660512456,9.679627539e-05,0.25478069,0.470497794,9.740934457e-05,0.4137940995,0.3132067095,9.707329926e-05,0.5986790257,0.3020491372,9.770188361e-05,0.402945702,0.4561001045,3.530382685e-05,0.3149885173,0.3990918695,0.9999780866,0.6069910521,0.2350091483,0.9999780683,0.4024604406,0.5126067205,9.7016512e-05,0.5067788738,0.2455490349,0.7852424232,0.4104126374,0.3362434438,9.664900115e-05,0.2670341877,0.5886613696,9.685988225e-05,0.4668095988,0.4227214696,0.999978093,0.5645532601,0.3846981055,9.676883076e-05,0.2803179862,0.4485345699,9.699036424e-05,0.3864106988,0.336780073,9.753597073e-05,0.3700769088,0.476644952,9.673592603e-05,0.3305063324,0.386180884,0.5888553805,0.5113873707,0.2505522613,9.699185344e-05,0.4540474176,0.2840189013,9.74716413e-05,0.6690487858,0.1958119441,9.692446432e-05,0.2325671833,0.4985104641,9.708942995e-05,0.5894309174,0.3231205176,9.668033859e-05,0.4801743566,0.5376610676,0.0001875217132,0.4135409493,0.4175478784,3.476195773e-05,0.3545489994,0.6091667928,0.7775951223,0.3878439135,0.3677614432,0.6359414199,0.5382685853,0.2382340787,9.693999716e-05,0.3454496781,0.4825218384,9.695842566e-05,0.5256884322,0.4292214302,0.9999780839,0.6337765119,0.2813265934,0.5538819326,0.449977024,0.2909833586,3.939371604e-06,0.3256223651,0.3788197787,9.684579937e-05,0.4751246936,0.3489615879,0.9999843212,0.4510558776,0.5867070132,4.04774987e-05,0.3567107083,0.4715698267,9.110722535e-05,0.4279059978,0.2996507189,0,0.2986569176,0.4044419902,9.699997275e-05,0.533703048,0.2328147526,0.9999780067,0.5023452853,0.4177210371,9.702691915e-05,0.4218951111,0.4108791827,0.8136321222,0.317497366,0.4642647175,9.671398435e-05,0.5497461054,0.5025459166,9.776300858e-05,0.5342037629,0.3265633393,9.698521206e-05,0.3819551144,0.3377482502,9.661327362e-05,0.3178680838,0.5289229297,9.680184721e-05,0.4203927657,0.4739081259,0.9999779663,0.6347009169,0.3698524482,0.7344796652,0.4689834524,0.2823812649,0,0.2587906747,0.4609725298,9.798374802e-05,0.435568785,0.3866177464,9.700819326e-05,0.6232219125,0.2673848349,9.675907808e-05,0.225198879,0.5809400873,0.6432866925,0.5450288016,0.2345188622,9.942850251e-05,0.2992234724,0.4175371805,9.667148425e-05,0.3641475625,0.5104247676)
