mCurrentIter=100
mCounterStuck=0
mYPrev=-54.07346947
mParameters.n_iterations=100
mParameters.n_inner_iterations=1000
mParameters.n_init_samples=100
mParameters.n_iter_relearn=1
mParameters.init_method=1
mParameters.surr_name=sGaussianProcessML
mParameters.sigma_s=1
mParameters.noise=1
mParameters.alpha=1
mParameters.beta=1
mParameters.sc_type=SC_MTL
mParameters.l_type=L_EMPIRICAL
mParameters.l_all=0
mParameters.epsilon=0
mParameters.force_jump=20
mParameters.kernel.name=kMaternARD5
mParameters.kernel.hp_mean=[1](1)
mParameters.kernel.hp_std=[1](10)
mParameters.mean.name=mConst
mParameters.mean.coef_mean=[1](1)
mParameters.mean.coef_std=[1](1000)
mParameters.crit_name=cEI
mParameters.crit_params=[0]()
mY=[200](-55.76599801,29.62281339,2028.393729,-40.25640053,-24.91129521,2029.012542,50.80544585,-16.19179752,-37.63576738,-19.13999034,-2.179016208,391.4164975,1.118102183,1899.32454,-50.79278493,3.193056433,10.14859404,-32.40137489,-54.35133626,-37.31014986,8.787051622,0.9368856737,-19.18242201,-3.611550151,-53.25272537,101.6364168,-10.49072369,-12.90689541,12.48108178,-34.19230708,43.14192011,948.5345268,145.5070359,41.66930495,116.8112071,3.542622334,50.40290668,-32.56705012,-34.9592438,23.20300974,-22.97752745,-25.65570387,-4.839146898,-37.07146426,27.47970154,-17.47122355,-33.54889022,-27.36083982,-30.49654377,278.6708075,-0.4254009245,21.56746901,1117.51743,950.6257721,-22.09111615,-58.29367517,-39.05083438,1359.975313,-41.42904949,23.69332059,-26.06735415,-9.310330869,43.39672186,-48.04494805,257.2276434,315.1552328,18.89688643,15.68253392,22.90864594,27.98708665,-8.53493902,12.41698541,-11.23392428,-43.62370431,5.039312464,4.669784704,91.96539932,-4.422416402,-45.56971696,23.60183458,-33.6883705,-47.52486878,-47.82867021,-13.0425838,26.2841631,-18.14308062,-24.66719241,721.9698407,0.2745837329,19.05126041,17.72614373,-31.09405202,1186.968098,317.5723316,-3.13574152,-8.316270316,-4.411292707,2.709385789,23.32648669,-4.031103154,-53.54185287,-49.71128163,-49.43842082,-51.07504296,-52.6827654,-42.16586863,-53.0745759,-39.11301067,-45.81479682,-51.96331981,-45.88128481,-57.34702354,-21.42414793,-45.54732904,-45.76410025,-48.40269129,-46.93901333,-54.11830343,-48.07047026,-52.9767356,-47.00473047,-57.18707481,-47.46426005,-50.0819409,-53.15319891,-49.93161498,-54.25634389,-35.09229397,-51.44975291,-47.46399431,-47.46949826,-47.71015454,-48.8417546,-44.39975078,-48.59338992,-47.23445249,-53.42419699,-50.19872527,-53.47668821,-42.2462431,-40.58995207,-25.38849224,-43.13782879,-56.83163829,-56.87074066,-50.49970389,-53.87098909,-53.3496479,-54.5017449,-53.89671248,-49.29718869,-51.60490236,-34.99087661,-47.67226052,-44.77504867,-51.66929992,-45.95086459,-52.1500019,-51.93396515,-43.09202279,-52.85689337,-33.86745471,-49.33830261,-56.00517561,-51.54941076,-44.98895359,-37.00640849,-37.26708132,-55.97000113,-40.5580529,-50.35645482,-55.2911705,-58.85332487,-50.74914103,-50.25890856,-47.61208008,-45.35369756,-48.92064711,-54.1000743,-56.85110269,-53.98253634,-44.06890501,-50.20292884,-46.14600562,-56.56669712,-17.77287423,-53.75398963,-36.62571489,-46.28685893,-58.41782219,-56.43645959,-53.42150375,-51.29430078,-59.90979166,-38.49434532,-47.6858059,-52.40049812,-59.51388965,-57.0115539,-54.07346947)
mX=[200,3](0.5763956419,0.4618020552,0.3435238143,0.808385074,0.862564093,0.9035316971,0.03451875288,0.2204714455,0.02235380786,0.8106811631,0.6712509538,0.43071582,0.2159280858,0.7698654068,0.3964966526,0.0640200531,0.1326568274,0.06635995298,0.6088447743,0.983813379,0.07298487869,0.4534682092,0.6039789814,0.1104557454,0.1931273384,0.6584282195,0.4686590818,0.5681644283,0.2921340964,0.7739960269,0.5309268457,0.2130778558,0.3761817078,0.2619703111,0.2425261788,0.1752147718,0.585359432,0.3325342111,0.2637053644,0.3033160084,0.2314273339,0.03093939591,0.4351155857,0.4146639455,0.5692241749,0.9436460154,0.3041251978,0.4120148704,0.1232934834,0.5520426521,0.8916963552,0.2802278617,0.5796912422,0.632100325,0.2980401165,0.3726300823,0.5269774558,0.0494374117,0.7243611451,0.2578035703,0.1678936069,0.3126837626,0.9172774874,0.1067649901,0.1725583244,0.8856894495,0.1563719388,0.5989471567,0.1467063206,0.1337182007,0.7949449255,0.08583482151,0.7221620367,0.4568652023,0.5126209793,0.4453885002,0.02365425184,0.4526032966,0.5484696192,0.1019332581,0.7854749629,0.1749721254,0.2636359402,0.8199649899,0.3977241354,0.0366378482,0.5516001065,0.4658553066,0.6864239076,0.4767547883,0.5080541704,0.04941550433,0.4947699341,0.7700888192,0.001470593321,0.2338397053,0.4742928147,0.1423467004,0.3293354682,0.7314705133,0.836078352,0.9923350376,0.3761904985,0.1523549084,0.316127603,0.8653348698,0.09509544903,0.5769870814,0.4291750442,0.949042591,0.9430298404,0.2599615704,0.6281656633,0.5872138684,0.4171672152,0.4715013201,0.6644480646,0.5141845285,0.9774853822,0.5924483894,0.9528325073,0.7580782877,0.4490337063,0.918425203,0.7771497392,0.2149558847,0.4957818648,0.4422946768,0.8418006327,0.7927224632,0.5281761815,0.6238692693,0.0135004697,0.7076808377,0.9260677762,0.09553903057,0.805524164,0.2040697706,0.2424506794,0.731824413,0.2755419707,0.4856547404,0.5188122213,0.7015458809,0.5528646091,0.7474986961,0.3322801325,0.6529816133,0.3443171382,0.1320033165,0.3332780451,0.4967586831,0.1508025834,0.4046437291,0.39472756,0.9733562116,0.05684516572,0.1161255132,0.1640348827,0.7648922382,0.8418365108,0.008917002527,0.9302638813,0.618627275,0.6880014719,0.5288680089,0.3846240943,0.4088441765,0.5933864479,0.4050329876,0.6456477785,0.8804905187,0.1617106367,0.1032220587,0.2288592804,0.6680823976,0.2229226634,0.0229726109,0.9935105658,0.3039043213,0.6356612569,0.2097982156,0.6736642882,0.8219175127,0.8524890841,0.3847199491,0.6819697279,0.9020454773,0.9578198965,0.7414029736,0.503851017,0.5374377626,0.7086877244,0.05502817654,0.369915739,0.9735616332,0.1858156654,0.2946819754,0.7841116166,0.6421934882,0.9346104584,0.7575919806,0.8764639534,0.7648238872,0.6686271586,0.8218377615,0.8659695736,0.922190276,0.962487006,0.7584966467,0.8322470579,0.8121414935,0.5407096541,0.1866913304,0.1999509296,0.3592338646,0.1427378086,0.4815354857,0.7927486884,0.009822792399,0.2857237251,0.608001612,0.8584429511,0.9174497061,0.2894958851,0.9809031982,0.8805826244,0.6156921687,0.3108583538,0.360517105,0.1887140388,0.6482173145,0.06738757298,0.8279175148,0.7132901665,0.6331190171,0.243571891,0.3607936386,0.9267607916,0.7211677178,0.9601142996,0.7160522532,0.194048884,0.2082497133,0.5632330754,0.4847261947,0.2393891449,0.5885058305,0.4214580337,0.2777028058,0.01698075681,0.6911348391,0.08355467455,0.933895751,0.7337483637,0.8989249298,0.7804522054,0.09191096627,0.6260185427,0.2561213678,0.7106406371,0.1101835009,0.353347283,0.05993422521,0.3488624865,0.4278034386,0.8710609093,0.3535801879,0.07388985109,0.508437979,0.321081498,0.08926467764,0.962506328,0.9047309491,0.5407266645,0.658333013,0.8470365999,0.9507942759,0.01034063409,0.678734961,0.4307488022,0.04444159905,0.8720685196,0.1216162691,0.8381238572,0.699097981,0.5360780485,0.8084621792,0.3809487052,0.279448582,0.8557535772,0.9994299871,0.8969969676,0.1299041024,0.6187786509,0.3256043037,0.98990949,0.07045260518,0.6919221073,0.7493263401,0.5503081732,0.5326227617,0.2821224853,0.05808707155,0.5267886432,0.2936644803,0.9999888149,0.5564845913,0.2617855834,9.709790382e-05,0.4611903763,0.3653425492,0.9999840821,0.5693176323,0.2513160943,0.9999779718,0.5028531145,0.3451588495,9.686107694e-05,0.3823397096,0.4477931475,9.539184205e-05,0.5777867478,0.2503729026,9.698110752e-05,0.4699640729,0.3491675548,9.702277998e-05,0.3090188964,0.4986082865,0.9999779894,0.4662217851,0.4259004552,0,0.4227372642,0.4301688291,0.9999779889,0.308378183,0.5330574841,0.9999705797,0.6039327081,0.2262054412,9.202682635e-05,0.5975116098,0.2378794612,0.9999804618,0.4923046905,0.2995726097,9.400945389e-05,0.4921072243,0.3054649471,9.690607459e-05,0.4586524731,0.4685147536,0.9999850171,0.597349223,0.3414232258,9.700615905e-05,0.4037638385,0.3874871287,0.999978137,0.4930723839,0.4330895455,9.687571966e-05,0.3111345277,0.4845145298,9.70401847e-05,0.5854405871,0.3418332851,9.68901334e-05,0.4632470668,0.53237338,0.7167298332,0.4386332068,0.3511444618,9.712824507e-05,0.2819967327,0.5663595549,9.689666406e-05,0.3621151365,0.4375316288,0.9999780777,0.3927471853,0.4776871269,9.704594518e-05,0.5098523408,0.4103365076,0.4111757958,0.5026805541,0.2511886517,9.6813945e-05,0.3913440821,0.5910746933,9.709525917e-05,0.4124258523,0.3670847689,9.688108004e-05,0.5078574606,0.5137836035,0.9999755097,0.6247475618,0.2178031101,0.9999682514,0.6216027655,0.2202580436,0.9880693794,0.6298091588,0.3049141108,9.687561339e-05,0.3008310432,0.4821869693,0.9194007171,0.5130502,0.275991668,0.8572141907,0.5340754256,0.3931045426,0.9999828604,0.569383444,0.5212539628,0.0001059598667,0.6451889046,0.2168435631,0.9999780911,0.3197846542,0.6001928103,0.0001007731323,0.567346225,0.2595535656,9.775677709e-05,0.4319152248,0.4671074325,0.6992727864,0.431980863,0.3597489897,9.078747071e-05,0.569286884,0.3596902372,9.702023341e-05,0.3776580684,0.4146137292,9.688427354e-05,0.4082866413,0.5185602345,9.708735485e-05,0.4987462313,0.4346281737,0.6905681894,0.492459944,0.298247583,0.8039917288,0.4126165748,0.4378566737,9.727437806e-05,0.2518400363,0.5329719972,8.975561802e-05,0.347683053,0.6752240683,9.565628384e-05,0.4581715063,0.319338268,0.8976845561,0.6539199931,0.2108861448,0.5683917271,0.5596247038,0.2318284255,8.934883807e-05,0.4728355499,0.5690299876,0.0001065924267,0.3263213225,0.451045617,0.999977986,0.5784494725,0.3852375406,0.9999779702,0.529745115,0.4750945458,9.72376761e-05,0.4972973408,0.423637442,0.9996967495,0.7181339589,0.2611426254,0.758189389,0.4525373183,0.3311404393,9.702521498e-05,0.3848654048,0.5123638509,9.702813893e-05,0.3896972359,0.3898069721,9.729309243e-05,0.6238574306,0.3446632029,0.999978018,0.423693666,0.553539469,9.696205914e-05,0.5948173426,0.538333849,9.084772129e-05,0.4602707405,0.471381531,9.143294862e-05,0.2211685058,0.6125665109,9.686930729e-05,0.3585295741,0.5552339499,0.3727291863,0.5126909391,0.3914866742,9.69207736e-05,0.3976311933,0.4812780301,9.706396925e-05,0.2672240002,0.4998682431,9.103811708e-05,0.5433066458,0.4475175587,0.7243882562,0.3723478012,0.4701871822,0.4776160547,0.660556178,0.1956103948,0.5832037988,0.5356273463,0.2408389001,0.5658407559,0.5634245643,0.3192830279,0.6589972096,0.4448603413,0.394513544,9.219838091e-05,0.4873757602,0.2954480015,9.691125245e-05,0.4275661709,0.5982088125,9.689008548e-05,0.401308299,0.3788761554,0.7971954658,0.4931836879,0.2888370351,3.562328719e-05,0.4282102818,0.4850872551,9.709829297e-05,0.7083470008,0.6103084369,9.710113618e-05,0.5181506858,0.3766746079,0.9999780191,0.6145983476,0.5414963049,0.9999779892,0.573115527,0.4239042387,0.4939812367,0.4611748719,0.4543054769,9.693099261e-05,0.335054948,0.4430126608,9.683146669e-05,0.3306308137,0.5403258497,9.700166307e-05,0.5005284079,0.5037112288,0.5511464907,0.4496974689,0.3999382685,0.7601253167,0.3037408682,0.4997101934,0.4795982808,0.6195897344,0.2083041978,0.3828819972,0.6061484739,0.2910234715,0.5699245812,0.5124221178,0.3406361788,9.689421626e-05,0.4240562087,0.4269527285,0.6708073405,0.4286444326,0.3561787808)
