mCurrentIter=100
mCounterStuck=0
mYPrev=-13.02093731
mParameters.n_iterations=100
mParameters.n_inner_iterations=1000
mParameters.n_init_samples=100
mParameters.n_iter_relearn=1
mParameters.init_method=1
mParameters.surr_name=sGaussianProcessML
mParameters.sigma_s=1
mParameters.noise=1
mParameters.alpha=1
mParameters.beta=1
mParameters.sc_type=SC_MTL
mParameters.l_type=L_EMPIRICAL
mParameters.l_all=0
mParameters.epsilon=0
mParameters.force_jump=20
mParameters.kernel.name=kMaternARD5
mParameters.kernel.hp_mean=[1](1)
mParameters.kernel.hp_std=[1](10)
mParameters.mean.name=mConst
mParameters.mean.coef_mean=[1](1)
mParameters.mean.coef_std=[1](1000)
mParameters.crit_name=cEI
mParameters.crit_params=[0]()
mY=[200](21.30223762,3033.303219,13.76906065,89.89400611,46.56684705,41.4633388,-12.05235901,-20.93079725,54.24484715,21.15161386,21.69939923,19.67090554,10.87297898,4.809299627,185.4158696,738.4954934,139.9272887,-11.97642744,54.41967128,1064.503269,9.036581411,-5.508586402,9.02042199,56.24508041,-16.16491699,-21.22028049,10.99731926,74.69266133,30.9146247,-4.712901397,11.9749899,-9.876321045,36.46357572,39.32080964,10.54723494,703.666631,27.23769942,29.28009301,-3.244811251,-4.356222503,-12.38395631,39.39184261,-6.555463754,22.7580718,29.00473706,434.6243843,76.69677974,845.3840372,78.22387336,-14.24043683,2649.637202,-1.523194945,2277.969961,-8.822129681,263.5659884,28.86462684,11.55274432,61.44989163,22.16766157,11.96666264,-16.58770536,41.83550681,2601.50637,137.4128621,59.23116387,36.37300873,12.52745339,173.5064837,45.73946619,243.0435469,20.18469733,-4.851911193,-1.060258431,-3.383303271,65.46704285,-15.82550991,56.60215063,157.6743957,15.06136278,2.337352544,481.2060588,65.43827252,764.8556574,43.34726383,541.5966156,61.31117831,526.2854172,33.01599243,23.29697511,39.68239682,-8.154162814,29.54464492,19.59920438,30.06701329,52.09003776,-1.105778214,111.0940869,16.21621481,557.4738401,18.0518382,-15.36939235,-10.70436427,-17.78051686,-8.291288136,-19.54641598,-5.494874918,-15.68792925,-20.20716634,-11.05466321,-18.92958382,-6.343333913,-21.68045764,-12.38504662,-14.91044089,-8.23039502,-19.7292644,-13.46001173,-2.704806006,-16.15254199,-6.003823804,21.60880571,-12.77205988,-11.40778985,-15.25437655,-6.901401164,-1.287472819,-20.65548124,-11.48804989,-17.60790638,5.935081575,-13.08037232,-22.70316527,-3.116814545,2.935548231,-12.44692512,-9.022168123,-15.75340954,-13.58931128,-19.21668434,-13.95341222,4.941235794,-12.10139912,-21.86300792,-6.889694631,-20.26541917,-9.680663099,-5.682039612,-20.48929752,-6.265629194,3.987907046,-12.72139712,-20.41130665,-6.74031532,-14.94715984,-11.66971677,-18.67527213,-19.18719024,-18.44373923,-0.6378934006,15.33241775,-12.40216803,-5.845139765,36.91934123,-8.470760411,-11.81212598,-19.42684583,-14.62409857,-12.52689666,-14.14260493,-13.36638959,-24.48545499,10.26466367,10.94963803,-5.618867977,-2.183403249,-12.14936916,-15.54878494,-21.21590228,-18.15063796,-19.1385902,-5.963345186,-1.955493185,-17.50616479,-18.77583297,-16.98243589,-8.697485533,-20.93683814,-13.37711488,-4.939562835,26.40286883,-3.836558776,-12.52304883,-9.605519716,-20.4149133,-19.24706415,-20.26348155,-18.13210073,-16.60428538,-8.759017657,-13.02093731)
mX=[200,3](0.1725330321,0.6966870511,0.7537378196,0.6810425964,0.04860327638,0.06368638843,0.479431923,0.2685891324,0.8060859278,0.2874637715,0.7077305791,0.04152961954,0.9388854638,0.1545773016,0.9648882701,0.7016159575,0.297391285,0.9438249801,0.9713148425,0.5657364122,0.3301273649,0.2392951546,0.3200510989,0.5398174205,0.4080150896,0.9638344201,0.7682170179,0.2041902097,0.7120235366,0.7382037297,0.5657297248,0.1487280819,0.655244061,0.0796650157,0.7274617138,0.7065725718,0.8710924649,0.818254875,0.4407550725,0.3838298422,0.7607697001,0.5085205701,0.2629587674,0.1868522741,0.2923002143,0.5429768826,0.09730551921,0.2590152207,0.7229362375,0.2287088688,0.3467973334,0.9030368652,0.6679055793,0.4556407808,0.7955271239,0.1937199823,0.5406559967,0.5557659677,0.3627168521,0.02124751953,0.1675362262,0.103236371,0.6859665908,0.6294202179,0.7372661581,0.3118882838,0.4286513815,0.3181645229,0.3588065151,0.08585178553,0.6544689352,0.9768255647,0.7821635223,0.6026413906,0.4676154162,0.5866895405,0.593782979,0.3914107444,0.8845564035,0.3348696794,0.5532448863,0.109315955,0.9132292848,0.9806375697,0.7511656962,0.1365472665,0.6664617304,0.2966577343,0.7565378962,0.3029143699,0.6752225817,0.2382156731,0.6463221877,0.592457445,0.6893601915,0.2739068198,0.9975537928,0.8500384564,0.7792833139,0.3979999657,0.947897786,0.585878914,0.9812042934,0.5478905636,0.7274716207,0.04204100863,0.1713803749,0.1913880534,0.3355353773,0.5878549989,0.8555538667,0.06199622314,0.3805367838,0.8942694415,0.4362620357,0.6187060747,0.6332322611,0.1514919636,0.3572457759,0.7150463574,0.6336459193,0.6700708106,0.4221755823,0.2226353599,0.9512863414,0.1688203169,0.2756149936,0.7442316321,0.2119146985,0.7430322348,0.8896373913,0.1890579921,0.9247057033,0.03085583625,0.7472956332,0.3572319884,0.1621393242,0.2448017681,0.6020864098,0.2829063677,0.3243372146,0.6945328375,0.2751294036,0.1385903676,0.03799063868,0.9919978798,0.9370539031,0.8371797817,0.6258044082,0.4180287382,0.5313272426,0.1169823305,0.05774323712,0.2427943207,0.7704844617,0.2614695891,0.5711184309,0.01856509274,0.1581324207,0.6116348473,0.5052716169,0.230143292,0.09575156979,0.2467564188,0.2211281518,0.465737531,0.4730588027,0.8897684173,0.3033181012,0.8340188371,0.208066621,0.3763517671,0.05978191334,0.5710639106,0.02530186921,0.8627168006,0.1206526445,0.1829145624,0.4517101551,0.7925842853,0.7380300483,0.5756386342,0.2888133205,0.9583701841,0.631776961,0.07167037658,0.8112632241,0.8090485236,0.001804401164,0.719559583,0.4944520681,0.1092292983,0.965825416,0.9715747161,0.846902389,0.8495048113,0.3942927045,0.9128921065,0.5184311527,0.7973666598,0.5651243753,0.4515889082,0.002909872122,0.4925060788,0.5046640566,0.06413270718,0.6247949949,0.9159862132,0.2085461442,0.360583365,0.2557931403,0.8250276009,0.08376812895,0.4837885181,0.4307799586,0.693549905,0.8948398374,0.4239052025,0.4047118058,0.6508265734,0.3093868051,0.5238747519,0.1248368802,0.8489537473,0.9585760577,0.3621965896,0.4433474127,0.6085813819,0.6622592172,0.9364464843,0.838642749,0.2144752595,0.02904549616,0.48087196,0.3441101935,0.4851389819,0.8110230105,0.8232455957,0.4148865307,0.3724486795,0.1423531308,0.3794902759,0.09732972305,0.1194094815,0.897928817,0.9211880355,0.4451002384,0.214990796,0.1702623238,0.1931676433,0.9821158799,0.431771823,0.3276909506,0.3447419579,0.1167926704,0.3195241271,0.9028575646,0.9025580899,0.1339952421,0.4655592961,0.03463746646,0.770752651,0.08429213876,0.8658203308,0.8085888236,0.2508879026,0.5934002733,0.005002533628,0.9259301133,0.6105053732,0.05380390129,0.6443976704,0.5194254375,0.8602442732,0.07186752239,0.8208251354,0.9455264358,0.4068412965,0.789172717,0.8595423888,0.5259573159,0.874473288,0.4987229931,0.5347951478,0.9967621064,0.7659031219,0.5592945047,0.6765897085,0.6433067309,0.1245975283,0.4769313498,0.0136345228,0.7861399408,0.1432991254,0.4154918674,0.5142217551,0.01097707899,0.5279150183,0.8755563888,0.3895101842,8.88432288e-05,0.5828185275,0.2627126707,0,0.620913292,0.2346100303,9.69310236e-05,0.4969662337,0.3447205043,8.279457824e-05,0.6427175079,0.2226549071,9.680093412e-05,0.4628178801,0.4241035592,0.04074206094,0.6433622942,0.2242736565,8.85162685e-05,0.520938606,0.3115673817,9.688697317e-05,0.4844776597,0.5030893808,0,0.5674682166,0.2748381228,9.664849852e-05,0.4977257991,0.3815622435,0.9999779889,0.5316320686,0.550521629,9.05062987e-05,0.4514964812,0.4717280971,9.696976646e-05,0.649068928,0.3489431475,9.665171138e-05,0.516335236,0.5733320315,9.926201169e-05,0.4972060734,0.3094977392,9.989640283e-05,0.4332493161,0.4467143529,9.707527854e-05,0.3897382532,0.6281040384,0.9999780904,0.4981489349,0.5071288999,9.67807046e-05,0.5986481122,0.4394734359,9.720903385e-05,0.6163141842,0.5742930216,0.9999781049,0.2781350517,0.7423380473,8.323077818e-05,0.6744577233,0.2114200556,7.905051857e-05,0.6773139961,0.2136693249,9.68801434e-05,0.4756927889,0.3399941601,9.700928168e-05,0.7246465679,0.2287951732,0.9999781396,0.6530650602,0.5895049017,9.679723074e-05,0.4460567078,0.5375217382,9.664097256e-05,0.691039458,0.369619125,9.679184046e-05,0.5578619947,0.4688821195,0.9999780345,0.4450419155,0.6201004966,0.9999871845,0.6349826014,0.2426239093,9.676160014e-05,0.4470798607,0.3947197715,0.9999779987,0.4885454057,0.4555525683,9.700085167e-05,0.2556489322,0.7488517016,9.933910282e-05,0.3591679254,0.636124531,0.0001091314322,0.6418658059,0.2059836667,0.0001095406612,0.6509593779,0.2081715035,0.0001031461083,0.5307574994,0.282858579,9.699036784e-05,0.3820802913,0.4725341512,9.819470037e-05,0.591280934,0.5161478185,0.0002352350782,0.8095770258,0.257334434,1,0.5593309284,0.3303269838,9.691858066e-05,0.5610224083,0.3870193363,9.680717119e-05,0.5245554039,0.642362497,9.781705398e-05,0.4274755156,0.5496198352,9.678778402e-05,0.4686933401,0.331355404,9.673872877e-05,0.7011077433,0.4514024939,0.0001729945062,0.5151508088,0.4304907535,0.9999840904,0.5659928833,0.531001352,9.69532144e-05,0.6844402558,0.6020865196,0.9749531113,0.536319522,0.382943478,9.681997956e-05,0.4692638749,0.5344080137,7.761319487e-05,0.6614968576,0.2043265526,9.715089568e-05,0.6482978869,0.302556084,9.720497638e-05,0.3227933136,0.665297162,9.68022705e-05,0.3983415337,0.4410913847,9.716494789e-05,0.5865094871,0.3742905466,0.0002711366287,0.5545787293,0.4782277405,0.0001871568596,0.4916746522,0.6974890557,0.9999852197,0.3679310424,0.669435047,0.802679861,0.4688933373,0.4736935727,9.986989624e-05,0.7520566056,0.2256221237,9.709054648e-05,0.7109967742,0.842588327,8.797245533e-05,0.6111988894,0.2103512601,9.713516604e-05,0.4534009068,0.3529700428,9.693560367e-05,0.3883756345,0.5741018784,9.761837862e-05,0.5196891742,0.5788649479,0.9999645611,0.6475548751,0.24003594,0.9999903345,0.6401105217,0.2456550411,0.9999851456,0.6718344369,0.3447600692,0.6040305679,0.5245589419,0.412978801,9.710775266e-05,0.2442399748,0.8029652698,0.999978042,0.7274997904,0.6426644288,9.769961056e-05,0.6835505799,0.4956726704,0.9951231447,0.4795886434,0.5741222558,9.201671709e-05,0.5413953916,0.2649613744,8.945321539e-05,0.6369509628,0.3156269975,9.689922947e-05,0.3938927462,0.4983086358,0.7361950724,0.5261893265,0.3021826894,9.775978854e-05,0.5417423903,0.4288678527,0.9999842906,0.6628655827,0.5191270412,9.747427288e-05,0.7296087517,0.3906734446,9.707696219e-05,0.5281419483,0.5120273453,0.6708229608,0.5284763647,0.3709313909,0.0001002520291,0.3244308616,0.5991872026,9.69771348e-05,0.5230641282,0.6181093288,0.6082871164,0.5161584693,0.4624348756,0.0001057109687,0.4351436677,0.3939385001,9.711242973e-05,0.2790098951,0.6990634875,0.9999782416,0.2675793625,0.8100970765,9.810384082e-05,0.7235297656,0.2086941806,9.729431904e-05,0.6435488262,0.1949287971,9.84574411e-05,0.6187441347,0.2924188243,9.754908194e-05,0.4029411095,0.52665083,0.647769016,0.4601569356,0.5110164631,9.785050536e-05,0.575546064,0.4176660442,0.723349738,0.6474049654,0.22077108,0.6391750719,0.5265732758,0.2917310763,0.999984862,0.6735163113,0.3663286156,9.773330964e-05,0.5593945444,0.5318951797)
