mCurrentIter=100
mCounterStuck=0
mYPrev=-48.07821683
mParameters.n_iterations=100
mParameters.n_inner_iterations=1000
mParameters.n_init_samples=100
mParameters.n_iter_relearn=1
mParameters.init_method=1
mParameters.surr_name=sGaussianProcessML
mParameters.sigma_s=1
mParameters.noise=1
mParameters.alpha=1
mParameters.beta=1
mParameters.sc_type=SC_MTL
mParameters.l_type=L_EMPIRICAL
mParameters.l_all=0
mParameters.epsilon=0
mParameters.force_jump=20
mParameters.kernel.name=kMaternARD5
mParameters.kernel.hp_mean=[1](1)
mParameters.kernel.hp_std=[1](10)
mParameters.mean.name=mConst
mParameters.mean.coef_mean=[1](1)
mParameters.mean.coef_std=[1](1000)
mParameters.crit_name=cEI
mParameters.crit_params=[0]()
mY=[200](2453.530995,1217.835809,-31.6012029,-12.94100177,36.53041643,-32.32684464,18.71323847,12.80490741,11.93795907,761.8558292,-33.08977987,-31.64033699,25.76867658,592.0642546,5.326129194,550.0119865,-47.1325691,66.301917,-39.68389029,23.96073984,-48.12381463,-1.071398242,374.9739358,3.666633444,-45.37329074,1965.919901,-6.02955723,48.95053613,15.21564074,31.91703335,12.17798071,50.88291605,29.80411613,47.84786363,-31.41566437,-28.11805939,-1.658650709,-20.14480544,-51.63315491,25.43572373,1083.797351,119.5998912,-46.09163681,1596.932916,-27.32295103,-12.93480567,-40.09489131,-41.48787016,-6.380613817,33.46601797,-18.9635758,289.4080261,-34.45312755,9.998780503,5.805482083,-11.18443421,-35.29970775,54.66284395,-19.59485362,13.53388766,-42.59730408,-10.72416023,10.20967906,36.22961495,-8.377435931,-33.54569311,9.670019749,-30.57815586,285.5264028,25.08127268,26.39222288,-31.72303262,-53.63615539,-28.00463695,-44.44394529,-30.8525745,26.69207338,-31.39502058,-52.62091367,33.46397366,-43.33196918,-20.56082859,58.70333891,8.094047977,75.00923028,143.5098256,-21.29310135,12.86269784,-45.20616364,-33.92972249,-6.524598049,-38.10961274,-15.11562366,20.904297,1578.928891,-46.04051948,-35.50031741,-10.57070791,34.44670816,-12.82272273,-38.24642392,-48.36732057,-32.25170205,-50.69309595,-51.58823688,-43.29572511,-50.29366021,-49.56259104,-53.73034184,-42.69571865,-49.54747369,-32.69986705,-47.38631244,-51.87986353,-50.59564442,-47.91349841,-36.98282976,-45.70971443,-46.65111909,-50.62725986,-54.30636531,-48.7562746,-36.6205559,-47.25657634,-47.25207753,-46.057929,-44.16962922,-53.09445404,-48.61701922,-49.68942838,-47.13021882,-51.12016436,-38.62968148,-50.57590559,-50.00029529,-26.43766836,-48.08152831,-45.10902088,-40.26428404,-43.89983111,-49.75917617,-50.99803518,-38.42065555,-48.10366055,-47.0750147,-54.31249612,-33.73950882,-32.38041438,-48.00416145,-49.78691489,-50.2314932,-38.13164194,-46.26569888,-41.07435405,-48.32850089,-48.48639302,-49.43613697,-54.04131632,-47.71298435,-49.24616479,-52.72608942,-45.22206185,-42.42667623,-44.2895353,-49.80528471,-48.36666059,-53.52982486,-48.24251175,-50.62613271,-43.03098764,-47.81306948,-50.89730327,-53.92523931,-35.76862323,-48.21922124,-52.77856472,-53.56809206,-36.24303664,-53.92723696,-44.37511331,-50.03239408,-46.23023869,-47.0875613,-47.59485068,-54.65482921,-49.43112115,-45.83461784,-50.6076866,-45.33390221,-53.9931083,-32.81086604,-54.51159722,-42.99765268,-45.54414373,-34.35000823,-53.20086383,-44.82891217,-51.04531399,-50.20319676,-48.07821683)
mX=[200,3](0.2634124859,0.2247162697,0.002919762817,0.3988876417,0.06222456126,0.1388818569,0.9943992592,0.611435068,0.5624091414,0.4734569068,0.1431631842,0.357888738,0.8044076428,0.973261282,0.6794944306,0.7480475104,0.6814948654,0.2237134567,0.2253959385,0.927455671,0.3923919748,0.7263382328,0.4174988027,0.9012941948,0.4082154663,0.0466753749,0.9172421599,0.08793148503,0.2507007417,0.06955638367,0.5268387935,0.03702436902,0.6951839835,0.8859393982,0.6643885598,0.4625480248,0.2715697541,0.7672748119,0.8271194343,0.6096151068,0.1697366105,0.1412223374,0.3711613962,0.8011681446,0.6157345319,0.7030418062,0.3994591324,0.02783439017,0.07796265258,0.4465637308,0.3844473769,0.693611588,0.1855833359,0.2726447922,0.2924751309,0.5306676879,0.4798402851,0.8564582396,0.004372138344,0.9695957824,0.3193087412,0.2332316956,0.5798597439,0.2589180561,0.7183945923,0.6674720759,0.1445721933,0.1303826934,0.1950718863,0.2405617788,0.8333269158,0.4480681398,0.6282429497,0.1779651361,0.4302064107,0.117262836,0.2156910268,0.01223428773,0.7560822589,0.1128072581,0.8349958082,0.8115385176,0.9932781482,0.7934599331,0.238160897,0.8620581672,0.6063849357,0.05107054836,0.9536253809,0.09405743835,0.9892570798,0.5679832697,0.8800689459,0.5608892771,0.9617677227,0.8587695375,0.6813403276,0.7904897764,0.866265147,0.1068767457,0.8204389895,0.9347200775,0.4620065967,0.6208899548,0.4502241106,0.535526587,0.5988187856,0.5519512977,0.3807998756,0.6738333814,0.7066335627,0.342808059,0.7073310876,0.4167938533,0.454682865,0.3506509819,0.5221187365,0.6772556637,0.7817098331,0.8421287415,0.5168450671,0.2474381634,0.05162546561,0.8424524265,0.2988399138,0.1767118887,0.9053735212,0.057493526,0.5462741505,0.7853084149,0.02745179801,0.1218454495,0.1262463718,0.2618092908,0.3491404993,0.3543396528,0.4826422108,0.7394303397,0.5469432693,0.5440339963,0.5099375828,0.7632173385,0.125736369,0.6348900502,0.2856455429,0.7765444145,0.1515915847,0.04315849185,0.311308436,0.9907284789,0.7795513327,0.7494528721,0.2047571312,0.5888492627,0.3349110363,0.1179078589,0.8978820858,0.4353884664,0.6513783974,0.3646088427,0.8599821578,0.5385114442,0.590996198,0.8750032258,0.255799045,0.5764299802,0.1946776681,0.8091207079,0.8623939441,0.6509953626,0.3235848514,0.8360625495,0.9030048621,0.9722646758,0.4924552046,0.7268586154,0.4035942753,0.7927154212,0.09500102047,0.9238451923,0.03790923126,0.3811637633,0.3745050248,0.4874361561,0.3673999973,0.7895585775,0.619499728,0.8977611703,0.2451094675,0.2155396073,0.7542404613,0.8983608889,0.9354611149,0.8105823129,0.3340551728,0.09457285358,0.6468639981,0.312850035,0.004460604801,0.7347923083,0.03714521856,0.5539307871,0.08026531509,0.7108549718,0.02291559189,0.4210493333,0.07091205636,0.4196611671,0.4605801438,0.9460269567,0.4233680983,0.9451021,0.2396063697,0.1879748195,0.5230727742,0.5813253277,0.8201623328,0.3240686861,0.5195604074,0.6513962531,0.5165436758,0.1074402977,0.6489360742,0.5557982423,0.3657194001,0.1995334279,0.5891807571,0.1631332098,0.7377121061,0.9166383551,0.6894380355,0.6311643385,0.4993217874,0.6237445041,0.4475951604,0.343243507,0.4230748374,0.1587305055,0.9829280705,0.4980115992,0.1779579636,0.2830020615,0.5979397878,0.5057322923,0.1595750258,0.7636236235,0.1687809852,0.8472878516,0.985198647,0.9431335414,0.8839019704,0.2132747265,0.2069208335,0.3763652596,0.1846403231,0.3061922035,0.01931991844,0.3000967805,0.7120741144,0.3017391082,0.7521850597,0.4369475267,0.4760199481,0.8799531858,0.01510113991,0.4564133946,0.4857837882,0.9741069452,0.4016567683,0.266762795,0.1327434891,0.5733841956,0.7275167623,0.8793110853,0.6007699948,0.08453776519,0.3275439062,0.2778141604,0.7778239309,0.06792406328,0.1073426192,0.9533580151,0.331152896,0.2029715364,0.04509983402,0.9566860427,0.5005998955,0.2883071678,0.6619517493,0.6315598209,0.2954036863,0.9621003521,0.07794531281,0.814418707,0.9233585768,0.933853677,0.7477976272,0.9171120262,0.6927433466,0.6481494104,0.6889134499,0.5486548189,0.2295382772,0.9999781842,0.3961391121,0.3576151912,9.705002921e-05,0.5114473939,0.264372345,0.9999781537,0.3068903457,0.4475643315,9.047513467e-05,0.2243354821,0.4881130395,0.9999780749,0.584205224,0.2066033215,0.9999780179,0.4208264882,0.3336668145,0.9999787858,0.236578755,0.5156285893,0.9999774673,0.3700916175,0.4226982355,0.9999781333,0.2742556567,0.6247790166,9.715063949e-05,0.2941366489,0.4480983624,9.990688921e-05,0.4585018334,0.3018929985,0.9999780883,0.3367824307,0.3886794188,0.9999781892,0.3873409927,0.5072272953,9.69257294e-05,0.176133481,0.5288296723,0.9999781957,0.2214622336,0.4839187616,9.056506053e-05,0.2680418921,0.6424623667,0.9999888649,0.5848343146,0.2079389246,0.9999920076,0.5121395022,0.2570690571,9.68428915e-05,0.3306128503,0.4799887922,0.9999779981,0.4560133829,0.4173716206,0.999978132,0.3352195192,0.5674873912,9.059427664e-05,0.4179128592,0.3305181095,0.9999781234,0.1975100279,0.5683976874,0.9999781171,0.2861867995,0.4206561913,9.239258567e-05,0.3579859653,0.5501812213,0.999992632,0.5490750478,0.2289412309,0.9999781557,0.4292122291,0.468434332,9.011344859e-05,0.2912270807,0.4279033903,0.9999762014,0.4330753601,0.3183283297,9.690711525e-05,0.149790871,0.5835601712,0.9999782198,0.2551943926,0.5135295484,0.9999781255,0.2377333955,0.6592245989,0.9999780722,0.488623791,0.4000005103,9.955032364e-05,0.286771769,0.5166981792,0.0001068253744,0.6228500386,0.1946887322,0.9999780658,0.404800593,0.5491808903,9.700532198e-05,0.4141057636,0.4362961688,0.9999781084,0.6527841768,0.1610951328,0.9999779464,0.3450950203,0.3629569837,9.709145214e-05,0.163968523,0.481562099,0.9999781329,0.2813344336,0.4672142019,9.700741652e-05,0.3647196971,0.6086981999,0.9999839931,0.2085958409,0.5615454869,0.9999890508,0.4904668627,0.2716797845,0.9999781289,0.4097038627,0.4743002044,9.973555456e-05,0.5668935781,0.2288147072,0.9999780569,0.6417195893,0.1676793974,9.690766454e-05,0.3078635146,0.4070344511,9.761424614e-05,0.2806402134,0.5203035161,0.9999780479,0.4987451285,0.3553469928,9.683613001e-05,0.1956251002,0.6546504862,0.9999780223,0.2475200278,0.4482992894,9.697130113e-05,0.4972170316,0.394387524,0.9999846946,0.3176319345,0.5749122524,9.694377294e-05,0.3740938928,0.4869391219,0.9999778814,0.4120963265,0.3206787549,0.9999781521,0.4047248593,0.4502565483,0.999978024,0.1652690491,0.5162954963,9.701073964e-05,0.2252479912,0.5470792607,0.9999779421,0.3262847381,0.4928234967,0.9999498801,0.5206046774,0.2443798173,0.2466368668,0.3594400019,0.3592620227,0.9999780745,0.1906188407,0.6149374947,0.9999781359,0.4963615854,0.4367453565,0.9991731904,0.4321572119,0.540900414,0.3948945262,0.2904883192,0.4709797644,0.9999764715,0.3261466778,0.3974144841,0.9999779439,0.278151589,0.5431041336,9.721735542e-05,0.4137033825,0.538324375,0.9999846275,0.5151405309,0.3275603036,9.711592832e-05,0.2301235639,0.4543460431,0.5070488177,0.3658545903,0.4513783412,0.9999760353,0.3280152149,0.6610898589,9.699866751e-05,0.1340826145,0.5736387731,0.3654252054,0.2581111896,0.5332252667,0.9999781,0.4242427783,0.4026574148,9.557757203e-05,0.482702027,0.2829825433,0.5907729334,0.3030809386,0.4840605176,0.9999779787,0.1643867841,0.4865396859,0.9999783452,0.475370072,0.4866723995,9.790177457e-05,0.452784482,0.4311432959,9.709078256e-05,0.2582692016,0.5704915314,0.9999780451,0.3737151218,0.3461572555,0.6299043208,0.3325467641,0.4607032516,0.9999781689,0.5408880198,0.3909698999,0.999978058,0.1753657369,0.592510296,1,0.2944121832,0.5363862305,9.208283476e-05,0.2628554625,0.4235169874,0.3442206233,0.2319341274,0.5124095729,8.984518027e-05,0.2266244605,0.677964093,0.9999780929,0.3806696547,0.4284107124,0.9999848159,0.5854886428,0.1949276575,0.9999840814,0.4055932045,0.5827172648,0.3559603996,0.4279469828,0.3082417998,0.5331211456,0.3603561176,0.4832727645,0.9999780091,0.2756947118,0.4146001373,0.4952966977,0.2556739321,0.5463296132,0.999978153,0.5035478957,0.4622569259,0.4093217834,0.398039221,0.4111639277)
