mCurrentIter=100
mCounterStuck=0
mYPrev=-15.41849591
mParameters.n_iterations=100
mParameters.n_inner_iterations=1000
mParameters.n_init_samples=100
mParameters.n_iter_relearn=1
mParameters.init_method=1
mParameters.surr_name=sGaussianProcessML
mParameters.sigma_s=1
mParameters.noise=1
mParameters.alpha=1
mParameters.beta=1
mParameters.sc_type=SC_MTL
mParameters.l_type=L_EMPIRICAL
mParameters.l_all=0
mParameters.epsilon=0
mParameters.force_jump=20
mParameters.kernel.name=kMaternARD5
mParameters.kernel.hp_mean=[1](1)
mParameters.kernel.hp_std=[1](10)
mParameters.mean.name=mConst
mParameters.mean.coef_mean=[1](1)
mParameters.mean.coef_std=[1](1000)
mParameters.crit_name=cEI
mParameters.crit_params=[0]()
mY=[200](-11.82367202,1236.837226,0.8402592302,41.65967806,9.199730816,41.15590389,37.56570488,13.44361337,20.538365,2.940828516,-11.93833975,18.99870453,362.2747912,1159.929798,40.91252451,-21.26410463,377.2654417,7.31922434,281.7429678,-0.7119474468,10.36361656,-1.784608576,46.74529367,109.7161653,52.61080958,-11.2989634,42.51291161,114.2748095,23.28691212,24.07127529,52.30558124,63.57063064,10.57874043,30.4280161,22.39053249,17.8434926,1776.067725,40.61978976,-16.83534082,51.13143506,36.87779577,11.29955022,49.518066,9.154750454,51.45614125,33.37840906,38.37228211,42.15987785,29.5445746,13.25888909,-11.63156524,-2.409730772,39.85876806,51.23933373,-20.31950265,-14.20712952,52.15432644,-12.37786618,-8.683786476,32.30993831,4.399553964,90.49830889,43.73784292,37.61792473,8.101739504,35.23176095,-2.653905941,2660.566067,-14.44513337,-9.129438912,46.37250025,-16.57844041,-24.69852524,42.75971295,3.042785594,77.91809266,-2.8640428,258.0712294,34.93510886,2843.293447,7.652314756,664.2197755,-3.026611639,45.53491582,10.50862133,447.3451723,-23.6766434,2798.224601,24.192276,137.2094446,27.51239213,188.1328962,470.9719235,19.31366442,44.69546153,41.90432779,41.90433361,31.20257101,50.50158853,33.73817079,-16.12080995,-8.906024429,-17.67906646,-13.82323926,-22.45586682,-11.5543421,-0.8641801326,-12.19164203,-16.41955441,-17.34575806,-14.60655842,-4.186252312,-22.82621623,-14.91812557,6.824648957,19.16926937,-12.02038712,3.022317639,-16.04354762,-9.234515287,-21.5319981,-14.84226496,-1.317068767,-21.4706813,-22.20038451,-20.21223652,-12.80051673,-14.67139872,-21.72508282,6.284329568,-13.76138146,4.00809614,-11.93027402,-20.45966661,-6.259097987,-20.81970627,-20.44016371,-10.53897772,2.926422706,-10.5348163,-14.30394804,-12.5248192,-23.04554698,1.370595913,11.69961472,-24.54738058,-5.484382247,-6.64644851,-19.78836074,-19.43179421,-5.918604104,-4.562905183,-23.46075447,-20.69949195,-13.95645139,-7.447382874,-17.3032728,-22.04207703,20.33986823,-20.38383525,-22.77605847,-8.223926523,-17.46552534,-17.7741052,-18.74095932,-23.41955789,-10.13543395,-3.30046379,-20.45111375,-3.228153587,-17.11251368,-20.35083996,-10.55574304,-20.60575568,-21.8925875,-20.79582546,-10.08698211,-10.90741812,-2.044084382,-6.109932625,-23.55138153,4.305776661,-22.39580102,-0.1696136534,-17.20885147,-8.778311552,0.06352936538,-19.61718584,-16.6571145,-18.75057986,-23.50121754,-23.36818112,-20.59633039,-20.80902482,-20.84830799,-22.29090661,-16.60509368,-22.25284493,-20.3369681,-15.41849591)
mX=[200,3](0.8344266718,0.5944386519,0.5280446387,0.07744400857,0.6748219398,0.00436109327,0.1681099881,0.7566642115,0.2040308388,0.5051831195,0.0970370077,0.6647805609,0.7159376433,0.4539089578,0.7376480458,0.8242153474,0.9645831064,0.4247815508,0.03989510433,0.8321755635,0.750774877,0.329457605,0.1639497075,0.583764379,0.7709854639,0.4468891203,0.8009952366,0.7316806682,0.3265304663,0.568045788,0.01626389958,0.3732035477,0.6290256258,0.4614720668,0.821919392,0.1281862474,0.4206816442,0.2659209163,0.1825574816,0.5818963013,0.2128041786,0.1306751683,0.3419074545,0.3632771689,0.2623890139,0.4851820103,0.638189039,0.3206084336,0.2854404795,0.1342039415,0.2762989852,0.2739104543,0.1790165962,0.6361538081,0.1333398176,0.8831408288,0.018190402,0.5136204794,0.7071482506,0.5437143849,0.2179176582,0.3809110606,0.7810348204,0.8557092312,0.7629988931,0.2961516452,0.2264865808,0.01807628508,0.9362923581,0.8856766613,0.1931081479,0.502323057,0.8642187317,0.02556275542,0.6702888078,0.1870757965,0.6590433782,0.2409148922,0.336564759,0.8515076607,0.7727842124,0.2543645502,0.9542746673,0.03585024526,0.7552961044,0.8945928529,0.3318806297,0.5542172267,0.4347208639,0.8411080796,0.3695131011,0.5824790342,0.9725195254,0.4962406519,0.7416250534,0.9951757663,0.2416119094,0.2323921169,0.7677875726,0.4301853981,0.9198628628,0.3013772759,0.2038829361,0.8679514188,0.3996182048,0.6199543586,0.2485475948,0.6043138539,0.5409123916,0.1466615396,0.1177096723,0.7946888314,0.3987834339,0.9162073429,0.1787490628,0.5305800452,0.5540902482,0.3748972851,0.4789010962,0.9827157309,0.9801855765,0.206688499,0.8502355507,0.7206042297,0.3511691067,0.7079210711,0.3802355249,0.103983596,0.9605522617,0.5778468253,0.7934581707,0.09537839416,0.7818027884,0.8465304018,0.8777005216,0.4148043492,0.5212887282,0.8904107857,0.9451368153,0.2956527238,0.8819059812,0.9781795337,0.2541685449,0.9054215091,0.6889964142,0.1875498355,0.7912763764,0.6057098229,0.615704908,0.7442567719,0.197532585,0.2729445394,0.4542170965,0.2674272284,0.4273324935,0.6994997629,0.4789292821,0.4042621012,0.2369498236,0.672872495,0.9495229999,0.7251488211,0.6228616088,0.48501018,0.385815471,0.8998186507,0.5129155331,0.4105244875,0.9384626255,0.9925780041,0.654700235,0.6593961616,0.6611743974,0.2172383341,0.1116610495,0.7197782808,0.1909878351,0.350517713,0.08407016565,0.7176244793,0.7450086523,0.3374150846,0.6115028955,0.4515488922,0.340950218,0.2229728771,0.9256355032,0.7750840208,0.8689346257,0.6410199676,0.6807581994,0.04753638274,0.9163851309,0.5606255123,0.1408329867,0.08133436983,0.9202298035,0.2811077149,0.1414260666,0.7204928084,0.4779563549,0.8092090063,0.03854318862,0.1012496883,0.09793604913,0.640811343,0.4317362666,0.6648476752,0.5740375994,0.5948332829,0.7684413787,0.9774192263,0.1785063594,0.06039271004,0.5486168751,0.5195741233,0.4423353553,0.4976435643,0.4002554289,0.6343708472,0.8179793872,0.8283982842,0.8718798152,0.6254106435,0.07080710592,0.4064634456,0.9809864565,0.9455340093,0.2343571524,0.6968437773,0.08150203678,0.5263065253,0.223441553,0.2565714464,0.04973832066,0.9358946112,0.3139486888,0.5960630196,0.1223648151,0.029402927,0.8140037678,0.7378617681,0.5774780303,0.3170695108,0.005037882235,0.361392517,0.153123676,0.2888972151,0.4438026184,0.05638427002,0.6070828841,0.05730551034,0.305759517,0.5028371762,0.1659544084,0.02225375769,0.04224107525,0.346973597,0.1012696974,0.4622768802,0.4685170998,0.9037321189,0.07310767504,0.06620685946,0.9562271825,0.8795448913,0.4900575606,0.6902972278,0.0615910121,0.530271473,0.008929957715,0.1568914283,0.4836326337,0.2926046113,0.1167345504,0.3763546142,0.7070162018,0.3012061778,0.1517208584,0.3946942888,0.7814616089,0.6483568112,0.5602966158,0.05976941411,0.6889999781,0.8443580023,0.4185835329,0.9214192512,0.5335411631,0.8038110306,0.8317259123,0.9698556672,0.311817621,0.8176912966,0.9986289025,0.5507239743,0.9599491122,0.1208524293,0.9094037192,0.3553106393,0.06117582003,0.5245679908,0.2943020618,0.9999756673,0.5742229908,0.2651399604,0.09593123026,0.5050597746,0.3066204819,0.9999766735,0.6306263801,0.2318793702,9.710877309e-05,0.4687698186,0.3342703992,0.005098271402,0.4080857452,0.3738422197,0.9999797088,0.5203788117,0.295881261,0.9999844272,0.6861690703,0.2205194532,0.5749352248,0.4095516211,0.3730464443,0.004737869271,0.5323989748,0.280163126,0,0.5939672291,0.2471669999,0.99997812,0.685955731,0.2004536594,9.705972021e-05,0.3996504311,0.4594146459,9.70996969e-05,0.4241631221,0.3572257679,0.9999772952,0.496086218,0.3127958144,0.9999781169,0.4225227745,0.4827997492,9.727181509e-05,0.6613790368,0.3401124862,0.9999780839,0.7446493296,0.2247902165,0,0.5176218699,0.289123915,0.9999781217,0.6747604663,0.3909514733,9.684056586e-05,0.4015255344,0.5243505046,9.700129012e-05,0.4040192658,0.3843163275,8.980413647e-05,0.5707350314,0.648908872,9.687902984e-05,0.5540220278,0.4098579482,0.6566891647,0.5848125726,0.243275734,9.678649712e-05,0.4226229972,0.5462637318,0.0001077335202,0.6033855047,0.2392443786,9.706396985e-05,0.4732271653,0.3251242094,9.681482106e-05,0.4988695148,0.4583534416,0.9999780421,0.4901132181,0.6015533837,0.8682023276,0.585335843,0.2589589897,0.8765608917,0.4246682987,0.3649141656,9.706476097e-05,0.7036552081,0.2889423326,9.634877528e-05,0.3900468832,0.4489507144,0.9999773288,0.6348930618,0.4402311935,9.723351905e-05,0.568954792,0.3634840678,9.665733046e-05,0.3750463331,0.5408270875,0.9999670087,0.6598656614,0.2080425127,0.9999775818,0.765786723,0.2149009744,9.5960171e-05,0.4597939871,0.3256901513,9.708086514e-05,0.5700351639,0.4830861589,9.688549217e-05,0.4665147344,0.6074328387,9.6927313e-05,0.4020015593,0.4272549839,0.9999779873,0.4836971224,0.4936442143,0.9999780217,0.6436921487,0.6820067829,0.1336142585,0.5875525673,0.2389411835,0.9999769209,0.5600366996,0.260627305,9.728677518e-05,0.7031008259,0.3804562138,0.1651749057,0.6205319184,0.2273798954,9.68436757e-05,0.4931442577,0.3051010961,0.9999822366,0.6850645194,0.3296895109,9.68545975e-05,0.6312958495,0.5727758724,9.678574839e-05,0.3827147673,0.5008932712,9.675739223e-05,0.502610825,0.4230355522,9.687804738e-05,0.3994986406,0.3845790484,0.0001016287906,0.3041432967,0.6662797203,9.681168358e-05,0.4684875886,0.5356938201,0.4822521511,0.6253662367,0.2167061073,9.702611189e-05,0.6043743801,0.7766428342,0.5832606384,0.5143083977,0.2903285059,9.689847159e-05,0.5606814445,0.3658137546,9.71030359e-05,0.7129431313,0.2502398263,9.624859343e-05,0.3473125325,0.5610706213,9.695670689e-05,0.5892538793,0.4700229671,0.6138108229,0.4803691104,0.3200393598,9.685543851e-05,0.4394974789,0.4526252426,9.680711022e-05,0.4737033336,0.6306248173,0.999978078,0.7107977128,0.448410951,0.5576925196,0.579667964,0.3250534509,0.7778940052,0.4110080375,0.4255037512,9.693452176e-05,0.4495029971,0.3343993463,9.706898843e-05,0.5006060174,0.498403827,0.9875839483,0.6631563793,0.1975686195,9.692648255e-05,0.5439210166,0.4028070188,9.068262644e-05,0.3638322531,0.5097701188,0.3394163971,0.5673502442,0.2456646444,0.9150581283,0.5624792285,0.4868976975,0.4291985159,0.6211561233,0.2160110959,9.665618453e-05,0.6975220452,0.4775306996,9.206146916e-05,0.2965019889,0.6770466468,0.6447456384,0.5705340944,0.3549727618,0.9116724427,0.4440516837,0.5803859425,0,0.4580060126,0.4198490136,0.9999732392,0.727791984,0.1946338085,0.0001064438658,0.5391355825,0.2689316273,9.681532006e-05,0.7033029325,0.3205612501,9.685950153e-05,0.6342813829,0.6263468748,9.693074021e-05,0.488276331,0.5256757231,0.0316516231,0.4376888223,0.343744536,9.656497847e-05,0.3456807101,0.5759900639,9.750254021e-05,0.3867006742,0.4650736362,0.5407600917,0.546825796,0.2598122661,9.923745625e-05,0.5416155436,0.4345226865,0.6182705855,0.4830423498,0.3111152149,9.807310069e-05,0.5902096335,0.3034710552,0.667719396,0.5733128969,0.3874119647,9.485413358e-05,0.4718679018,0.5700986468,9.686411765e-05,0.3973416771,0.4127524641,9.826584924e-05,0.4794860635,0.4744565932,0.6858595152,0.6191254783,0.212928055)
