mCurrentIter=100
mCounterStuck=0
mYPrev=-36.99173163
mParameters.n_iterations=100
mParameters.n_inner_iterations=1000
mParameters.n_init_samples=100
mParameters.n_iter_relearn=1
mParameters.init_method=1
mParameters.surr_name=sGaussianProcessML
mParameters.sigma_s=1
mParameters.noise=1
mParameters.alpha=1
mParameters.beta=1
mParameters.sc_type=SC_MTL
mParameters.l_type=L_EMPIRICAL
mParameters.l_all=0
mParameters.epsilon=0
mParameters.force_jump=20
mParameters.kernel.name=kMaternARD5
mParameters.kernel.hp_mean=[1](1)
mParameters.kernel.hp_std=[1](10)
mParameters.mean.name=mConst
mParameters.mean.coef_mean=[1](1)
mParameters.mean.coef_std=[1](1000)
mParameters.crit_name=cEI
mParameters.crit_params=[0]()
mY=[200](153.0875108,32.27458053,5.806745579,-9.224331935,14.06205069,2413.878592,-23.31155237,24.85893752,24.07879824,-23.87999009,-5.914133041,41.12114657,3.212047095,-35.44443526,8.250792789,-21.84335913,21.96263202,-7.990324823,-9.866174979,123.933232,-18.64654173,2474.95575,23.75639926,17.40029403,69.89633374,-2.803616009,-34.20415103,100.2349251,28.08062304,100.5003944,16.48845495,38.20191553,12.90327577,-29.85167804,1030.37044,36.61357375,8.964520625,3749.531799,-9.85657559,-11.16727794,1.450904466,-6.575303241,36.53867304,24.61435148,0.8657086097,-19.58196118,-14.96325662,-19.68755905,79.71267165,-10.95226057,1090.870757,29.4514251,0.7433274347,18.33825678,-2.678595236,14.48324179,22.05749498,19.80365656,2832.516376,1916.650262,-11.93533256,34.3172714,567.3562272,-25.79581816,31.19530587,-2.026712856,-18.70954933,30.34568598,1412.079053,455.1897968,36.27004982,-30.56200731,144.1138657,7.320313993,6.196301082,175.784331,30.55170266,49.84753405,107.5791761,131.0444756,-35.88306546,740.0982941,3076.688204,94.79935557,2189.767226,383.0237725,27.05178424,-5.826682075,26.04737613,-14.49414647,52.61768094,42.0354511,-4.593818995,156.6617729,-20.1645053,-31.65622076,6.23451171,-6.656759992,-30.12292408,26.16359402,-41.81680448,-38.73905094,-31.31671513,-41.54203386,-26.29031971,-41.23085569,-31.71277526,-37.05965486,-34.14809053,-32.18714168,-35.09530242,-34.56004676,-29.34001782,-31.68322932,-39.27470241,-30.63255382,-18.75376217,-36.99139439,-32.67700866,-35.15030342,-32.48577581,-28.03249897,-38.38395862,-31.88560038,-7.641587682,-36.98453027,-24.96231215,-22.54156166,2.214889308,-36.64628023,-31.46488818,-32.8588816,-30.81931854,-24.75118294,-36.8370054,-36.22483449,-36.75410122,-22.88448806,-18.99173385,-42.36188404,-39.59400504,-26.76022739,-26.24401714,-18.24706534,-38.77689288,-39.61072265,-21.61316767,-37.98649626,2.819581882,-26.34302582,-28.78268988,-38.08564208,-2.621688158,-38.09983295,-36.26908908,-33.84883086,-14.3842822,-15.50182265,-38.09549657,-37.76427669,-14.96082166,-23.68576843,-37.25648415,-36.17709424,-26.29496352,-37.76177178,-34.25073066,-35.5107538,-32.67754487,-42.03302512,-32.56243462,-38.10874067,-36.59185877,-38.68567712,-28.74193815,-23.82778953,-32.23293241,-38.92410187,-21.66472444,-18.15964574,-43.02227067,-33.96309186,-22.30106955,-28.64765368,-37.70210556,-45.57849305,-7.806487739,-16.33738099,-1.321676178,-38.32619746,-34.67094569,-41.7563914,-27.70161468,5.940461161,-37.27367759,-30.77866205,-40.42751164,-29.7996559,-27.28983168,-36.99173163)
mX=[200,3](0.878236929,0.08692943898,0.6021130958,0.8589551931,0.5141255155,0.9608993226,0.9278016046,0.4552751883,0.5062611452,0.6801934797,0.7913349979,0.5895572213,0.421475175,0.8550193596,0.7452324419,0.5948673301,0.1823317425,0.0763666767,0.1496456033,0.3844054445,0.3789873617,0.3516083236,0.2044521795,0.9363237936,0.6091487199,0.2387741813,0.6893010546,0.7670939154,0.7549051368,0.1831712609,0.2014258044,0.8419416311,0.1301069085,0.5276273579,0.04465542253,0.8170944615,0.4859973398,0.3542208962,0.3868647697,0.7505190856,0.5863001838,0.3403435826,0.6428129743,0.3163718051,0.5504875962,0.01876569365,0.2432561763,0.594741261,0.5014393866,0.8794411054,0.7840846198,0.4158808159,0.7033032374,0.09608893763,0.838940453,0.5026503721,0.6258059945,0.90602157,0.1455528252,0.6148944267,0.2486266947,0.6606050156,0.640347307,0.812982157,0.0941063052,0.1555984744,0.09210162553,0.9402585381,0.6614675193,0.3198248753,0.6037753595,0.06344830883,0.3250039572,0.6182629734,0.03344075515,0.3897392532,0.5389556524,0.211648722,0.05465299144,0.6532786807,0.3396890885,0.7094565476,0.2609102592,0.467844603,0.8999541277,0.3390876431,0.8596302399,0.6609510037,0.07349300605,0.6535098373,0.04246064833,0.9541578886,0.4332718474,0.4689367269,0.745145583,0.9853177606,0.1613086606,0.9651205259,0.2327505182,0.552501322,0.4952606353,0.3126973362,0.8019918105,0.7642146834,0.008991340755,0.7803424983,0.06906786175,0.9056380668,0.1744762948,0.4857979038,0.1790086878,0.5838281952,0.02191665279,0.01820433417,0.3998709979,0.8360002103,0.441396103,0.250631407,0.5221691729,0.7593978312,0.08673099965,0.216083809,0.8255927831,0.3304815653,0.696554224,0.7163903058,0.4328607272,0.7270470031,0.9793857603,0.06244644091,0.9356375654,0.7223531911,0.2918636543,0.8650543311,0.473319621,0.8884056595,0.6813959767,0.496282739,0.3624676552,0.7899816256,0.3076962585,0.5153621342,0.7777050352,0.4163114203,0.7703494491,0.0171493537,0.6986641003,0.914233104,0.5635185023,0.2965760699,0.9610750308,0.2214798779,0.2416358154,0.6132970633,0.8927479371,0.8370865735,0.6951812785,0.5424617546,0.2806238908,0.8289064434,0.5536766838,0.879476424,0.003661163249,0.6266879045,0.7612917141,0.5692771107,0.5977511114,0.8870037954,0.7978633642,0.885188047,0.7921843774,0.497493153,0.7185608115,0.8916489945,0.1373534397,0.05352447697,0.101637835,0.9794871329,0.00345238351,0.2635991052,0.7336144787,0.4438016628,0.4590036377,0.6566986612,0.9155127365,0.8625463063,0.724555909,0.4020698588,0.08821177097,0.1054161128,0.6497707532,0.5672946349,0.2240413051,0.9249398429,0.8000975575,0.7101432106,0.3713891888,0.6309068719,0.03947802444,0.2847996399,0.7019402197,0.9590164896,0.3460006103,0.7350055108,0.1113444234,0.254328974,0.05244696585,0.7434883408,0.3212129937,0.2084295521,0.1853234957,0.9772994504,0.7738729323,0.2713965683,0.6758444404,0.4823098107,0.6240593061,0.2772833106,0.3513445008,0.1586556737,0.1921905595,0.8434602478,0.5772001595,0.4712622513,0.2242475868,0.4079314704,0.165946067,0.4264001601,0.1922792865,0.1021061921,0.9246336006,0.2848698572,0.9835564749,0.9118305944,0.6732270821,0.4115008517,0.1988903601,0.2143085083,0.9948886471,0.04568921251,0.2604319293,0.4232574564,0.5430647748,0.3465926618,0.3025392948,0.1211923454,0.8497232585,0.03405117538,0.1158513061,0.9896233975,0.4613733422,0.2787553397,0.9927663532,0.157411546,0.160039636,0.4599165705,0.135468652,0.3664196157,0.6369282484,0.6313165386,0.950552893,0.9472151176,0.8159292722,0.5157735786,0.2395878073,0.1734497932,0.948539996,0.02218469318,0.8082193604,0.3291410006,0.4433811395,0.1186625708,0.6755975751,0.8618039832,0.1275563563,0.9913368008,0.5361292076,0.2962976596,0.5354445132,0.1214134688,0.8211521305,0.02865668223,0.3053423556,0.3638770051,0.3968076158,0.5402191982,0.4397625862,0.574914894,0.4779279642,0.9066343066,0.4097602149,0.07920391819,0.7357746054,0.1469174291,0.3761177918,0.3920743183,0.5290254171,0.9371747894,0.5715303142,0.2534253817,9.684193412e-05,0.547665004,0.3843919216,9.688264358e-05,0.5397187523,0.3915845762,8.987027436e-05,0.6216978845,0.3203964794,9.690994652e-05,0.5104670416,0.4200635525,8.810873933e-05,0.6327235401,0.3133801255,9.697994109e-05,0.4879936635,0.4406683114,9.283437113e-05,0.6152339179,0.3125406092,9.691092418e-05,0.4789486049,0.4493651465,9.509330928e-05,0.6546522057,0.2745022963,9.773631632e-05,0.5177260254,0.4002207328,9.685056937e-05,0.4121719108,0.5285251907,9.685675186e-05,0.5611835194,0.3491389378,9.932794223e-05,0.6927191228,0.2905306508,0.7716918831,0.5489628185,0.4372881858,9.688908732e-05,0.4458700963,0.4704213048,9.689689096e-05,0.7053401592,0.3729634184,9.474736936e-05,0.6069159462,0.2681301406,9.698570352e-05,0.5089370502,0.3765659069,9.679422093e-05,0.3764291655,0.5718143895,9.680454397e-05,0.5571680184,0.5324100919,0.6636578667,0.5137702463,0.4264903031,9.680336427e-05,0.6883947703,0.4368611542,9.691731434e-05,0.435441002,0.4726842298,9.969785685e-05,0.6146967072,0.2684353986,9.702200826e-05,0.7549966671,0.6424564254,9.692162861e-05,0.5316828741,0.3480918837,9.682687103e-05,0.4258181528,0.6754906989,0.8259622509,0.6787227141,0.3585523563,0.999978055,0.6917460417,0.71901442,9.69506484e-05,0.4248141394,0.4879486454,9.695809846e-05,0.5485567072,0.3317836409,9.707243801e-05,0.5458688467,0.56072191,9.715231295e-05,0.3436761833,0.5975510538,9.247314073e-05,0.7362077615,0.30131323,0.5797617965,0.4979237033,0.4327767466,9.558635293e-05,0.4436356334,0.4632374341,0.5310894311,0.5958364062,0.4263208247,9.683879327e-05,0.7229711889,0.491554935,9.215709332e-05,0.6264023712,0.2636186646,9.702213348e-05,0.4971112005,0.3927746672,9.679754396e-05,0.3901061025,0.5230349815,9.690922095e-05,0.5287484933,0.6330389569,0.7911245414,0.5698173013,0.5113275086,8.972901127e-05,0.7473833237,0.3133699708,0.4539486987,0.4766043732,0.4355900848,9.703339326e-05,0.6051021299,0.438303801,9.70071235e-05,0.5493302445,0.3318043894,9.686276161e-05,0.408918426,0.5076235266,9.699719947e-05,0.74030378,0.7520296031,9.886141353e-05,0.335053845,0.6586194575,0.7477403543,0.6654393687,0.3626791713,0.4781811243,0.4705452617,0.4526514992,0.9999779695,0.591875283,0.6499923249,9.840220777e-05,0.4903526067,0.4180662125,9.751433913e-05,0.6006611288,0.4769081554,9.689048961e-05,0.3807064065,0.537333607,9.694811572e-05,0.750028253,0.5461127792,9.076060721e-05,0.6179374709,0.2679684768,9.71514223e-05,0.4976552446,0.5380073251,0.5306182041,0.5259605699,0.3981529214,9.674595757e-05,0.42529763,0.7406868929,9.669743047e-05,0.752085908,0.3416216532,9.664803886e-05,0.4446529533,0.4662927799,0.0004748256493,0.5270800836,0.3563028225,0.6555044741,0.4314080533,0.501056883,0.5197189415,0.6147255377,0.391797871,9.665849321e-05,0.4922373432,0.5876337618,9.684219603e-05,0.6300573902,0.4216608975,9.689086556e-05,0.3444521313,0.5854836154,9.709529246e-05,0.4713500556,0.4319760473,0.0001038943791,0.5681433004,0.3132793006,0.5221196074,0.5002241587,0.4187828898,9.694398755e-05,0.559414797,0.5050868033,9.694997253e-05,0.3966108565,0.5163700351,0.6522422576,0.6928534591,0.3448706297,9.716099148e-05,0.732189109,0.4177983091,0.5455510997,0.4390678292,0.4892951532,0.4433384908,0.5605015346,0.3785747319,9.713907238e-05,0.5712709745,0.6634657258,9.64145035e-05,0.2797884971,0.7119677389,9.72747388e-05,0.477575779,0.4204018729,9.695253976e-05,0.3588517591,0.569398045,0.7507568166,0.6568897619,0.5545320486,9.637203569e-05,0.6671727118,0.2715973244,9.695887756e-05,0.5172970436,0.4998321163,9.705843028e-05,0.5540597657,0.3316032729,9.695918085e-05,0.77005914,0.6114222686,0.0006882173528,0.7893774526,0.311713042,0.7737845468,0.3989627572,0.585827025,9.694638146e-05,0.6174783491,0.4194960351,9.716254931e-05,0.4898147908,0.396426358,0.5691570369,0.5850021,0.3781730202,0.0002080690967,0.5944939291,0.2796359902,0.9999780005,0.7314073654,0.7427318041,0.0001019278471,0.4271788597,0.4798348073,9.695719375e-05,0.6089785853,0.520060934,0.5286719949,0.5125351181,0.4065173219,9.714332013e-05,0.4574044562,0.632507447,0.7338178527,0.7012458645,0.4019021781,0.4751244426,0.5288739787,0.4958639223)
